Energy CP 	 ICP 	 Energy CN 	 ICN 	 FLH 	 FLV 	 IXMCD 	 FXMCD 	 IXMCDR 	 FXMCDR 
625.304521	 0.146953	 625.089493	 0.151355	 0.000000	 0.000000	 -0.004402	 0.000000	 -0.014755	 nan
625.537234	 0.147727	 625.337586	 0.151966	 0.000000	 0.000000	 -0.004238	 0.000000	 -0.014143	 nan
625.741194	 0.148591	 625.520243	 0.152787	 0.000000	 0.000000	 -0.004196	 0.000000	 -0.013924	 nan
625.958572	 0.149424	 625.723433	 0.153706	 0.000000	 0.000000	 -0.004282	 0.000000	 -0.014125	 nan
626.156358	 0.150146	 625.941917	 0.154542	 0.000000	 0.000000	 -0.004396	 0.000000	 -0.014428	 nan
626.353372	 0.151059	 626.143364	 0.155307	 0.000000	 0.000000	 -0.004248	 0.000000	 -0.013865	 nan
626.547192	 0.151952	 626.342700	 0.156158	 0.000000	 0.000000	 -0.004206	 0.000000	 -0.013650	 nan
626.741444	 0.152846	 626.534767	 0.157137	 0.000000	 0.000000	 -0.004291	 0.000000	 -0.013842	 nan
626.934829	 0.153574	 626.729596	 0.158027	 0.000000	 0.000000	 -0.004453	 0.000000	 -0.014290	 nan
627.116208	 0.154498	 626.920955	 0.158795	 0.000000	 0.000000	 -0.004297	 0.000000	 -0.013717	 nan
627.287450	 0.155546	 627.101519	 0.159796	 0.000000	 0.000000	 -0.004250	 0.000000	 -0.013478	 nan
627.478875	 0.156666	 627.278683	 0.160784	 0.000000	 0.000000	 -0.004119	 0.000000	 -0.012975	 nan
627.682965	 0.157794	 627.467632	 0.161896	 0.000000	 0.000000	 -0.004102	 0.000000	 -0.012831	 nan
627.887501	 0.158994	 627.668027	 0.162943	 0.000000	 0.000000	 -0.003949	 0.000000	 -0.012268	 nan
628.072353	 0.160292	 627.868189	 0.164265	 0.000000	 0.000000	 -0.003973	 0.000000	 -0.012240	 nan
628.259702	 0.161787	 628.058435	 0.165558	 0.000000	 0.000000	 -0.003771	 0.000000	 -0.011520	 nan
628.467630	 0.163240	 628.256185	 0.167000	 0.000000	 0.000000	 -0.003760	 0.000000	 -0.011387	 nan
628.672988	 0.164818	 628.458296	 0.168342	 0.000000	 0.000000	 -0.003524	 0.000000	 -0.010576	 nan
628.867508	 0.166487	 628.658009	 0.170006	 0.000000	 0.000000	 -0.003519	 0.000000	 -0.010457	 nan
629.050989	 0.168170	 628.852656	 0.171668	 0.000000	 0.000000	 -0.003498	 0.000000	 -0.010293	 nan
629.236249	 0.169898	 629.036762	 0.173359	 0.000000	 0.000000	 -0.003461	 0.000000	 -0.010082	 nan
629.430706	 0.171742	 629.228432	 0.175003	 0.000000	 0.000000	 -0.003261	 0.000000	 -0.009404	 nan
629.622839	 0.173751	 629.417957	 0.176854	 0.000000	 0.000000	 -0.003103	 0.000000	 -0.008852	 nan
629.810107	 0.175817	 629.608816	 0.178873	 0.000000	 0.000000	 -0.003056	 0.000000	 -0.008616	 nan
629.997531	 0.177892	 629.794492	 0.180887	 0.000000	 0.000000	 -0.002996	 0.000000	 -0.008350	 nan
630.191366	 0.180177	 629.985713	 0.182842	 0.000000	 0.000000	 -0.002665	 0.000000	 -0.007342	 nan
630.390899	 0.182746	 630.180176	 0.185099	 0.000000	 0.000000	 -0.002353	 0.000000	 -0.006397	 nan
630.589603	 0.185343	 630.380429	 0.187594	 0.000000	 0.000000	 -0.002251	 0.000000	 -0.006035	 nan
630.779393	 0.188066	 630.578492	 0.190158	 0.000000	 0.000000	 -0.002093	 0.000000	 -0.005534	 nan
630.968115	 0.190767	 630.771002	 0.192648	 0.000000	 0.000000	 -0.001882	 0.000000	 -0.004908	 nan
631.161768	 0.193711	 630.963310	 0.195281	 0.000000	 0.000000	 -0.001570	 0.000000	 -0.004036	 nan
631.350034	 0.196689	 631.156188	 0.198208	 0.000000	 0.000000	 -0.001519	 0.000000	 -0.003847	 nan
631.523114	 0.199734	 631.325206	 0.201120	 0.000000	 0.000000	 -0.001386	 0.000000	 -0.003458	 nan
631.697427	 0.202950	 631.517529	 0.203874	 0.000000	 0.000000	 -0.000924	 0.000000	 -0.002271	 nan
631.893346	 0.206959	 631.676536	 0.206984	 0.000000	 0.000000	 -0.000025	 0.000000	 -0.000060	 nan
632.104481	 0.211511	 631.875725	 0.210790	 0.000000	 0.000000	 0.000722	 0.000000	 0.001709	 nan
632.307541	 0.215925	 632.082380	 0.215019	 0.000000	 0.000000	 0.000907	 0.000000	 0.002104	 nan
632.493195	 0.220328	 632.296288	 0.219090	 0.000000	 0.000000	 0.001238	 0.000000	 0.002816	 nan
632.675074	 0.224995	 632.483808	 0.223160	 0.000000	 0.000000	 0.001835	 0.000000	 0.004095	 nan
632.866793	 0.230566	 632.663124	 0.227751	 0.000000	 0.000000	 0.002816	 0.000000	 0.006143	 nan
633.060046	 0.236721	 632.850906	 0.232936	 0.000000	 0.000000	 0.003785	 0.000000	 0.008060	 nan
633.256298	 0.242871	 633.048952	 0.238501	 0.000000	 0.000000	 0.004370	 0.000000	 0.009077	 nan
633.440672	 0.249265	 633.248266	 0.244000	 0.000000	 0.000000	 0.005265	 0.000000	 0.010674	 nan
633.631384	 0.257028	 633.426133	 0.250093	 0.000000	 0.000000	 0.006935	 0.000000	 0.013674	 nan
633.837617	 0.265583	 633.619174	 0.257142	 0.000000	 0.000000	 0.008440	 0.000000	 0.016146	 nan
634.048387	 0.274502	 633.822695	 0.264812	 0.000000	 0.000000	 0.009690	 0.000000	 0.017967	 nan
634.242353	 0.283288	 634.028042	 0.272868	 0.000000	 0.000000	 0.010419	 0.000000	 0.018735	 nan
634.430833	 0.293593	 634.231822	 0.280694	 0.000000	 0.000000	 0.012899	 0.000000	 0.022460	 nan
634.631650	 0.306099	 634.420664	 0.289709	 0.000000	 0.000000	 0.016390	 0.000000	 0.027509	 nan
634.846899	 0.319779	 634.617707	 0.300431	 0.000000	 0.000000	 0.019349	 0.000000	 0.031197	 nan
635.053132	 0.333934	 634.833039	 0.312413	 0.000000	 0.000000	 0.021520	 0.000000	 0.033295	 nan
635.241628	 0.349684	 635.037377	 0.324365	 0.000000	 0.000000	 0.025319	 0.000000	 0.037562	 nan
635.432308	 0.368827	 635.227891	 0.337384	 0.000000	 0.000000	 0.031443	 0.000000	 0.044524	 nan
635.629695	 0.391049	 635.418656	 0.353271	 0.000000	 0.000000	 0.037778	 0.000000	 0.050756	 nan
635.828634	 0.416158	 635.616820	 0.371527	 0.000000	 0.000000	 0.044631	 0.000000	 0.056661	 nan
636.023910	 0.445291	 635.810215	 0.392105	 0.000000	 0.000000	 0.053187	 0.000000	 0.063515	 nan
636.209604	 0.481415	 636.005804	 0.414543	 0.000000	 0.000000	 0.066872	 0.000000	 0.074638	 nan
636.401738	 0.527539	 636.192597	 0.441979	 0.000000	 0.000000	 0.085560	 0.000000	 0.088250	 nan
636.595697	 0.588301	 636.385322	 0.476523	 0.000000	 0.000000	 0.111778	 0.000000	 0.104974	 nan
636.781305	 0.673412	 636.586164	 0.519736	 0.000000	 0.000000	 0.153676	 0.000000	 0.128799	 nan
636.978318	 0.784470	 636.772878	 0.575995	 0.000000	 0.000000	 0.208475	 0.000000	 0.153238	 nan
637.171096	 0.902382	 636.961830	 0.652822	 0.000000	 0.000000	 0.249560	 0.000000	 0.160468	 nan
637.374653	 1.019312	 637.151820	 0.741928	 0.000000	 0.000000	 0.277384	 0.000000	 0.157494	 nan
637.572818	 1.136940	 637.355643	 0.829212	 0.000000	 0.000000	 0.307728	 0.000000	 0.156513	 nan
637.768413	 1.242779	 637.560060	 0.916895	 0.000000	 0.000000	 0.325884	 0.000000	 0.150895	 nan
637.951028	 1.475215	 637.756901	 0.976363	 0.000000	 0.000000	 0.498852	 0.000000	 0.203482	 nan
638.141462	 1.853664	 637.939697	 1.102951	 0.000000	 0.000000	 0.750713	 0.000000	 0.253910	 nan
638.339959	 2.127668	 638.126825	 1.360632	 0.000000	 0.000000	 0.767036	 0.000000	 0.219888	 nan
638.535135	 2.163512	 638.324338	 1.561653	 0.000000	 0.000000	 0.601859	 0.000000	 0.161566	 nan
638.727078	 1.865939	 638.522437	 1.591730	 0.000000	 0.000000	 0.274209	 0.000000	 0.079305	 nan
638.919553	 1.343600	 638.718796	 1.361245	 0.000000	 0.000000	 -0.017644	 0.000000	 -0.006523	 nan
639.121280	 1.014925	 638.905491	 0.911846	 0.000000	 0.000000	 0.103079	 0.000000	 0.053498	 nan
639.331062	 1.064315	 639.109960	 0.595931	 0.000000	 0.000000	 0.468384	 0.000000	 0.282118	 nan
639.526418	 1.226153	 639.316378	 0.633219	 0.000000	 0.000000	 0.592935	 0.000000	 0.318890	 nan
639.723340	 1.273059	 639.513733	 0.815533	 0.000000	 0.000000	 0.457525	 0.000000	 0.219059	 nan
639.915289	 1.216841	 639.708220	 0.907930	 0.000000	 0.000000	 0.308910	 0.000000	 0.145385	 nan
640.113149	 1.138186	 639.902123	 0.901092	 0.000000	 0.000000	 0.237094	 0.000000	 0.116264	 nan
640.312534	 1.070512	 640.097264	 0.867189	 0.000000	 0.000000	 0.203323	 0.000000	 0.104930	 nan
640.494955	 0.990604	 640.298325	 0.833735	 0.000000	 0.000000	 0.156868	 0.000000	 0.085986	 nan
640.673545	 0.910826	 640.482236	 0.783627	 0.000000	 0.000000	 0.127199	 0.000000	 0.075068	 nan
640.866573	 0.849326	 640.655808	 0.728400	 0.000000	 0.000000	 0.120926	 0.000000	 0.076646	 nan
641.068861	 0.778045	 640.850561	 0.688182	 0.000000	 0.000000	 0.089863	 0.000000	 0.061289	 nan
641.270994	 0.715966	 641.058514	 0.640209	 0.000000	 0.000000	 0.075757	 0.000000	 0.055861	 nan
641.466867	 0.681645	 641.262519	 0.596300	 0.000000	 0.000000	 0.085345	 0.000000	 0.066783	 nan
641.656187	 0.660764	 641.450265	 0.577338	 0.000000	 0.000000	 0.083426	 0.000000	 0.067382	 nan
641.848016	 0.634901	 641.639154	 0.571238	 0.000000	 0.000000	 0.063663	 0.000000	 0.052782	 nan
642.037653	 0.597351	 641.836426	 0.558333	 0.000000	 0.000000	 0.039018	 0.000000	 0.033762	 nan
642.222553	 0.550037	 642.014205	 0.532861	 0.000000	 0.000000	 0.017176	 0.000000	 0.015861	 nan
642.398189	 0.498925	 642.194623	 0.497011	 0.000000	 0.000000	 0.001914	 0.000000	 0.001922	 nan
642.590409	 0.450089	 642.374010	 0.455420	 0.000000	 0.000000	 -0.005331	 0.000000	 -0.005887	 nan
642.790616	 0.407183	 642.565416	 0.413791	 0.000000	 0.000000	 -0.006608	 0.000000	 -0.008049	 nan
643.001325	 0.370611	 642.765609	 0.376986	 0.000000	 0.000000	 -0.006375	 0.000000	 -0.008527	 nan
643.205704	 0.339876	 642.975926	 0.344319	 0.000000	 0.000000	 -0.004443	 0.000000	 -0.006494	 nan
643.410588	 0.314226	 643.185434	 0.316212	 0.000000	 0.000000	 -0.001985	 0.000000	 -0.003149	 nan
643.629735	 0.294620	 643.385064	 0.292674	 0.000000	 0.000000	 0.001946	 0.000000	 0.003314	 nan
643.847846	 0.278374	 643.600130	 0.274175	 0.000000	 0.000000	 0.004199	 0.000000	 0.007599	 nan
644.066293	 0.264660	 643.822858	 0.258821	 0.000000	 0.000000	 0.005838	 0.000000	 0.011153	 nan
644.272810	 0.252757	 644.045785	 0.245917	 0.000000	 0.000000	 0.006839	 0.000000	 0.013715	 nan
644.480121	 0.242513	 644.248359	 0.235120	 0.000000	 0.000000	 0.007393	 0.000000	 0.015478	 nan
644.693634	 0.235371	 644.455703	 0.225889	 0.000000	 0.000000	 0.009482	 0.000000	 0.020557	 nan
644.902874	 0.230355	 644.666499	 0.218780	 0.000000	 0.000000	 0.011575	 0.000000	 0.025771	 nan
645.101376	 0.226634	 644.882839	 0.214151	 0.000000	 0.000000	 0.012483	 0.000000	 0.028320	 nan
645.296292	 0.223258	 645.081187	 0.210789	 0.000000	 0.000000	 0.012469	 0.000000	 0.028727	 nan
645.498028	 0.221084	 645.275903	 0.208248	 0.000000	 0.000000	 0.012835	 0.000000	 0.029896	 nan
645.712304	 0.219689	 645.479195	 0.206113	 0.000000	 0.000000	 0.013576	 0.000000	 0.031883	 nan
645.922865	 0.219084	 645.690511	 0.205189	 0.000000	 0.000000	 0.013895	 0.000000	 0.032750	 nan
646.116701	 0.218795	 645.898203	 0.205016	 0.000000	 0.000000	 0.013779	 0.000000	 0.032513	 nan
646.308174	 0.219285	 646.096264	 0.205429	 0.000000	 0.000000	 0.013856	 0.000000	 0.032625	 nan
646.504623	 0.220368	 646.290109	 0.206087	 0.000000	 0.000000	 0.014280	 0.000000	 0.033486	 nan
646.702956	 0.222017	 646.488694	 0.207562	 0.000000	 0.000000	 0.014456	 0.000000	 0.033651	 nan
646.885225	 0.223941	 646.682533	 0.209621	 0.000000	 0.000000	 0.014320	 0.000000	 0.033028	 nan
647.066401	 0.226914	 646.862214	 0.212224	 0.000000	 0.000000	 0.014690	 0.000000	 0.033453	 nan
647.258384	 0.231613	 647.051355	 0.215533	 0.000000	 0.000000	 0.016079	 0.000000	 0.035960	 nan
647.470087	 0.238526	 647.235109	 0.220653	 0.000000	 0.000000	 0.017873	 0.000000	 0.038924	 nan
647.682262	 0.248101	 647.443116	 0.228464	 0.000000	 0.000000	 0.019637	 0.000000	 0.041205	 nan
647.880592	 0.262282	 647.658050	 0.239520	 0.000000	 0.000000	 0.022762	 0.000000	 0.045360	 nan
648.082875	 0.284481	 647.856797	 0.255415	 0.000000	 0.000000	 0.029066	 0.000000	 0.053836	 nan
648.296407	 0.316037	 648.059498	 0.280181	 0.000000	 0.000000	 0.035855	 0.000000	 0.060138	 nan
648.512236	 0.349626	 648.266975	 0.316513	 0.000000	 0.000000	 0.033112	 0.000000	 0.049708	 nan
648.716974	 0.371751	 648.479284	 0.358673	 0.000000	 0.000000	 0.013077	 0.000000	 0.017904	 nan
648.912665	 0.382768	 648.693267	 0.390842	 0.000000	 0.000000	 -0.008074	 0.000000	 -0.010437	 nan
649.121354	 0.400931	 648.892740	 0.410779	 0.000000	 0.000000	 -0.009848	 0.000000	 -0.012132	 nan
649.342971	 0.435851	 649.091756	 0.435253	 0.000000	 0.000000	 0.000597	 0.000000	 0.000686	 nan
649.557565	 0.468529	 649.316432	 0.475495	 0.000000	 0.000000	 -0.006967	 0.000000	 -0.007380	 nan
649.764064	 0.494047	 649.534620	 0.514877	 0.000000	 0.000000	 -0.020829	 0.000000	 -0.020645	 nan
649.964139	 0.515538	 649.744862	 0.546572	 0.000000	 0.000000	 -0.031033	 0.000000	 -0.029218	 nan
650.176247	 0.527426	 649.943818	 0.576640	 0.000000	 0.000000	 -0.049214	 0.000000	 -0.044576	 nan
650.394860	 0.530367	 650.152972	 0.598952	 0.000000	 0.000000	 -0.068585	 0.000000	 -0.060732	 nan
650.599086	 0.532829	 650.367084	 0.611748	 0.000000	 0.000000	 -0.078919	 0.000000	 -0.068950	 nan
650.787737	 0.535262	 650.576025	 0.619780	 0.000000	 0.000000	 -0.084518	 0.000000	 -0.073173	 nan
650.974417	 0.531938	 650.771475	 0.626052	 0.000000	 0.000000	 -0.094113	 0.000000	 -0.081273	 nan
651.172087	 0.521240	 650.955489	 0.625708	 0.000000	 0.000000	 -0.104468	 0.000000	 -0.091083	 nan
651.372585	 0.507180	 651.150778	 0.616645	 0.000000	 0.000000	 -0.109465	 0.000000	 -0.097404	 nan
651.563859	 0.484802	 651.352135	 0.601906	 0.000000	 0.000000	 -0.117103	 0.000000	 -0.107760	 nan
651.748315	 0.453472	 651.543640	 0.576253	 0.000000	 0.000000	 -0.122780	 0.000000	 -0.119236	 nan
651.946159	 0.426038	 651.731865	 0.540467	 0.000000	 0.000000	 -0.114430	 0.000000	 -0.118395	 nan
652.155182	 0.408174	 651.925627	 0.507039	 0.000000	 0.000000	 -0.098866	 0.000000	 -0.108025	 nan
652.353561	 0.393965	 652.132359	 0.483417	 0.000000	 0.000000	 -0.089452	 0.000000	 -0.101953	 nan
652.544919	 0.378735	 652.333395	 0.464469	 0.000000	 0.000000	 -0.085735	 0.000000	 -0.101677	 nan
652.750823	 0.360724	 652.528919	 0.444068	 0.000000	 0.000000	 -0.083344	 0.000000	 -0.103559	 nan
652.977962	 0.342943	 652.726893	 0.422195	 0.000000	 0.000000	 -0.079252	 0.000000	 -0.103579	 nan
653.205208	 0.325948	 652.954794	 0.400208	 0.000000	 0.000000	 -0.074259	 0.000000	 -0.102264	 nan
653.427985	 0.310059	 653.184362	 0.379088	 0.000000	 0.000000	 -0.069029	 0.000000	 -0.100166	 nan
653.644723	 0.295482	 653.404739	 0.358734	 0.000000	 0.000000	 -0.063252	 0.000000	 -0.096683	 nan
653.861456	 0.281626	 653.622437	 0.340972	 0.000000	 0.000000	 -0.059346	 0.000000	 -0.095320	 nan
654.082334	 0.269973	 653.834184	 0.324666	 0.000000	 0.000000	 -0.054693	 0.000000	 -0.091976	 nan
654.301991	 0.260534	 654.056557	 0.310247	 0.000000	 0.000000	 -0.049713	 0.000000	 -0.087096	 nan
654.507967	 0.253277	 654.278737	 0.298318	 0.000000	 0.000000	 -0.045041	 0.000000	 -0.081655	 nan
654.709330	 0.247140	 654.493152	 0.288642	 0.000000	 0.000000	 -0.041502	 0.000000	 -0.077461	 nan
654.916587	 0.242752	 654.687467	 0.281072	 0.000000	 0.000000	 -0.038320	 0.000000	 -0.073155	 nan
655.127156	 0.239470	 654.892999	 0.274925	 0.000000	 0.000000	 -0.035455	 0.000000	 -0.068925	 nan
655.343590	 0.237130	 655.104386	 0.269850	 0.000000	 0.000000	 -0.032720	 0.000000	 -0.064540	 nan
655.541295	 0.235027	 655.316447	 0.265658	 0.000000	 0.000000	 -0.030631	 0.000000	 -0.061178	 nan
655.744758	 0.233820	 655.519038	 0.262464	 0.000000	 0.000000	 -0.028644	 0.000000	 -0.057717	 nan
655.950064	 0.232944	 655.721802	 0.260020	 0.000000	 0.000000	 -0.027076	 0.000000	 -0.054924	 nan
656.153532	 0.232274	 655.922629	 0.257952	 0.000000	 0.000000	 -0.025678	 0.000000	 -0.052380	 nan
656.328040	 0.231530	 656.129568	 0.256058	 0.000000	 0.000000	 -0.024529	 0.000000	 -0.050306	 nan
656.509473	 0.230943	 656.316100	 0.254637	 0.000000	 0.000000	 -0.023694	 0.000000	 -0.048794	 nan
656.703891	 0.230766	 656.496741	 0.253572	 0.000000	 0.000000	 -0.022805	 0.000000	 -0.047085	 nan
656.905165	 0.230604	 656.684906	 0.252635	 0.000000	 0.000000	 -0.022031	 0.000000	 -0.045590	 nan
657.115819	 0.230276	 656.885579	 0.251536	 0.000000	 0.000000	 -0.021260	 0.000000	 -0.044125	 nan
657.314780	 0.230078	 657.088983	 0.250610	 0.000000	 0.000000	 -0.020532	 0.000000	 -0.042714	 nan
657.517362	 0.230189	 657.292512	 0.250118	 0.000000	 0.000000	 -0.019929	 0.000000	 -0.041493	 nan
657.730427	 0.230291	 657.494982	 0.249650	 0.000000	 0.000000	 -0.019359	 0.000000	 -0.040335	 nan
657.940026	 0.230208	 657.709169	 0.249072	 0.000000	 0.000000	 -0.018865	 0.000000	 -0.039360	 nan
658.140123	 0.230207	 657.914361	 0.248501	 0.000000	 0.000000	 -0.018294	 0.000000	 -0.038216	 nan
658.338118	 0.230419	 658.117804	 0.248341	 0.000000	 0.000000	 -0.017921	 0.000000	 -0.037433	 nan
658.549534	 0.230609	 658.321123	 0.248124	 0.000000	 0.000000	 -0.017515	 0.000000	 -0.036586	 nan
658.776575	 0.230689	 658.525111	 0.247846	 0.000000	 0.000000	 -0.017157	 0.000000	 -0.035854	 nan
659.001294	 0.230356	 658.749860	 0.247241	 0.000000	 0.000000	 -0.016885	 0.000000	 -0.035354	 nan
659.214470	 0.230446	 658.977534	 0.247042	 0.000000	 0.000000	 -0.016596	 0.000000	 -0.034757	 nan
659.431749	 0.230404	 659.188912	 0.246754	 0.000000	 0.000000	 -0.016350	 0.000000	 -0.034265	 nan
659.653438	 0.230259	 659.401415	 0.246396	 0.000000	 0.000000	 -0.016137	 0.000000	 -0.033854	 nan
659.872791	 0.229631	 659.628989	 0.245432	 0.000000	 0.000000	 -0.015802	 0.000000	 -0.033262	 nan
660.084239	 0.229381	 659.854087	 0.244860	 0.000000	 0.000000	 -0.015479	 0.000000	 -0.032639	 nan
660.285977	 0.229057	 660.065475	 0.244313	 0.000000	 0.000000	 -0.015256	 0.000000	 -0.032228	 nan
660.497041	 0.228592	 660.266259	 0.243696	 0.000000	 0.000000	 -0.015104	 0.000000	 -0.031980	 nan
660.710130	 0.227625	 660.472784	 0.242445	 0.000000	 0.000000	 -0.014820	 0.000000	 -0.031527	 nan
660.919021	 0.227037	 660.690538	 0.241558	 0.000000	 0.000000	 -0.014521	 0.000000	 -0.030989	 nan
661.117975	 0.226322	 660.905444	 0.240650	 0.000000	 0.000000	 -0.014328	 0.000000	 -0.030682	 nan
661.311213	 0.225516	 661.102149	 0.239673	 0.000000	 0.000000	 -0.014157	 0.000000	 -0.030434	 nan
661.507607	 0.224102	 661.293434	 0.238260	 0.000000	 0.000000	 -0.014158	 0.000000	 -0.030621	 nan
661.722490	 0.223070	 661.490666	 0.236915	 0.000000	 0.000000	 -0.013845	 0.000000	 -0.030100	 nan
661.933114	 0.221989	 661.698249	 0.235676	 0.000000	 0.000000	 -0.013688	 0.000000	 -0.029908	 nan
662.140871	 0.220941	 661.910308	 0.234348	 0.000000	 0.000000	 -0.013407	 0.000000	 -0.029447	 nan
662.352259	 0.219475	 662.116453	 0.232753	 0.000000	 0.000000	 -0.013279	 0.000000	 -0.029363	 nan
662.577547	 0.218389	 662.329778	 0.231159	 0.000000	 0.000000	 -0.012770	 0.000000	 -0.028406	 nan
662.794972	 0.217388	 662.556303	 0.229901	 0.000000	 0.000000	 -0.012513	 0.000000	 -0.027975	 nan
663.009781	 0.216471	 662.772563	 0.228671	 0.000000	 0.000000	 -0.012199	 0.000000	 -0.027406	 nan
663.212690	 0.215255	 662.985153	 0.227363	 0.000000	 0.000000	 -0.012108	 0.000000	 -0.027355	 nan
663.422448	 0.214142	 663.190055	 0.226029	 0.000000	 0.000000	 -0.011886	 0.000000	 -0.027004	 nan
663.644841	 0.213263	 663.400301	 0.224941	 0.000000	 0.000000	 -0.011678	 0.000000	 -0.026650	 nan
663.868537	 0.212417	 663.619868	 0.223884	 0.000000	 0.000000	 -0.011467	 0.000000	 -0.026282	 nan
664.087957	 0.211457	 663.842544	 0.222819	 0.000000	 0.000000	 -0.011363	 0.000000	 -0.026164	 nan
664.295646	 0.210431	 664.060792	 0.221484	 0.000000	 0.000000	 -0.011053	 0.000000	 -0.025590	 nan
664.521287	 0.209741	 664.269421	 0.220573	 0.000000	 0.000000	 -0.010832	 0.000000	 -0.025171	 nan
664.749045	 0.209029	 664.495046	 0.219723	 0.000000	 0.000000	 -0.010693	 0.000000	 -0.024941	 nan
664.969697	 0.208391	 664.721779	 0.218874	 0.000000	 0.000000	 -0.010483	 0.000000	 -0.024535	 nan
665.170920	 0.207467	 664.941204	 0.217709	 0.000000	 0.000000	 -0.010242	 0.000000	 -0.024090	 nan
665.341474	 0.207060	 665.151996	 0.217007	 0.000000	 0.000000	 -0.009948	 0.000000	 -0.023458	 nan
665.471365	 0.206837	 665.322844	 0.216521	 0.000000	 0.000000	 -0.009684	 0.000000	 -0.022875	 nan
