Temperature 	 Sum 	  Maxval 	 R 
414.03	 3.1784e+09	 4491	 1
413.88	 3.17738e+09	 4757	 0.753422
413.73	 3.17879e+09	 4947	 0.752468
413.63	 3.17889e+09	 4721	 0.752268
413.48	 3.17928e+09	 4441	 0.754324
413.37	 3.17911e+09	 3978	 0.750745
413.23	 3.18058e+09	 5232	 0.751904
413.07	 3.18087e+09	 4340	 0.752082
412.96	 3.17937e+09	 4452	 0.750958
412.82	 3.18001e+09	 4361	 0.752637
412.71	 3.18058e+09	 4593	 0.750589
412.56	 3.18073e+09	 4701	 0.751643
412.42	 3.18029e+09	 4793	 0.751474
412.31	 3.18046e+09	 4612	 0.749571
412.17	 3.17914e+09	 4393	 0.749722
412.06	 3.1788e+09	 3941	 0.748289
411.92	 3.17928e+09	 4411	 0.7485
411.78	 3.1795e+09	 4592	 0.749503
411.67	 3.17868e+09	 4365	 0.748229
411.52	 3.17938e+09	 4505	 0.748879
411.39	 3.17922e+09	 4145	 0.745875
411.28	 3.17891e+09	 4408	 0.745392
411.14	 3.17765e+09	 4114	 0.746635
411.03	 3.17756e+09	 4675	 0.743604
410.89	 3.17726e+09	 4692	 0.745929
410.78	 3.17753e+09	 4216	 0.743781
410.64	 3.17949e+09	 4653	 0.743285
410.5	 3.17719e+09	 4477	 0.742418
410.4	 3.17912e+09	 4212	 0.744133
410.26	 3.17747e+09	 4635	 0.741141
410.15	 3.17545e+09	 4207	 0.741158
410.02	 3.1777e+09	 4648	 0.742271
409.87	 3.17847e+09	 4719	 0.739401
409.77	 3.17816e+09	 4193	 0.739862
409.63	 3.17656e+09	 4382	 0.740301
409.53	 3.17659e+09	 4658	 0.740055
409.39	 3.17772e+09	 4163	 0.738786
409.25	 3.17826e+09	 4744	 0.738491
409.15	 3.17807e+09	 4170	 0.735654
409.01	 3.17768e+09	 4120	 0.736521
408.87	 3.1792e+09	 4734	 0.736619
408.77	 3.17856e+09	 3698	 0.735738
408.64	 3.17592e+09	 4187	 0.735775
408.53	 3.17799e+09	 4529	 0.733635
408.4	 3.17652e+09	 4353	 0.735345
408.26	 3.17545e+09	 4591	 0.733602
408.16	 3.17528e+09	 4932	 0.735085
408.02	 3.17399e+09	 4043	 0.733452
407.92	 3.17521e+09	 4193	 0.732682
407.79	 3.17538e+09	 4703	 0.734033
407.65	 3.17519e+09	 4452	 0.7346
407.52	 3.17629e+09	 4086	 0.73214
407.39	 3.17752e+09	 4660	 0.72947
407.26	 3.17685e+09	 4211	 0.732173
407.16	 3.17637e+09	 4448	 0.728243
407.02	 3.17524e+09	 4604	 0.729792
406.92	 3.1762e+09	 4464	 0.730233
406.79	 3.17668e+09	 4014	 0.729712
406.66	 3.17831e+09	 3932	 0.728567
406.56	 3.17667e+09	 3704	 0.72788
406.43	 3.17794e+09	 3564	 0.729136
406.3	 3.17361e+09	 3954	 0.72704
406.2	 3.17793e+09	 4109	 0.728278
406.07	 3.17945e+09	 4141	 0.727789
405.98	 3.17836e+09	 3557	 0.724569
405.85	 3.18009e+09	 4115	 0.726672
405.72	 3.17911e+09	 3698	 0.727863
405.62	 3.17688e+09	 3628	 0.725659
405.49	 3.17874e+09	 3781	 0.726685
405.39	 3.17805e+09	 3998	 0.72473
405.27	 3.17555e+09	 3760	 0.728392
405.14	 3.17696e+09	 3855	 0.72646
405.04	 3.17689e+09	 3909	 0.724506
404.92	 3.17659e+09	 3540	 0.726674
404.82	 3.17734e+09	 3566	 0.724801
404.69	 3.17541e+09	 4078	 0.724385
404.57	 3.17636e+09	 3787	 0.72456
404.47	 3.17687e+09	 3615	 0.723136
404.34	 3.17403e+09	 3229	 0.724433
404.25	 3.17753e+09	 3483	 0.724521
404.12	 3.17629e+09	 3782	 0.72427
404	 3.17484e+09	 3520	 0.721923
403.9	 3.17723e+09	 4262	 0.722196
403.78	 3.17734e+09	 3629	 0.721338
403.68	 3.17484e+09	 3361	 0.722755
402.72	 3.17677e+09	 3598	 0.722888
402.6	 3.18063e+09	 3299	 0.722497
402.51	 3.18176e+09	 3568	 0.721451
402.39	 3.1826e+09	 3492	 0.723041
402.29	 3.18272e+09	 3042	 0.719476
402.17	 3.18028e+09	 3104	 0.720925
402.05	 3.17931e+09	 3654	 0.721584
401.96	 3.17756e+09	 3128	 0.722296
401.83	 3.1763e+09	 3040	 0.720963
401.74	 3.17583e+09	 2841	 0.72055
401.62	 3.17637e+09	 3557	 0.721065
401.5	 3.17664e+09	 3299	 0.72086
401.41	 3.17728e+09	 3252	 0.720479
401.29	 3.17639e+09	 3352	 0.721527
401.2	 3.17704e+09	 3006	 0.720233
401.08	 3.17613e+09	 3233	 0.719258
400.96	 3.17624e+09	 3023	 0.719829
400.82	 3.177e+09	 3001	 0.721002
400.72	 3.17661e+09	 3191	 0.719191
400.6	 3.17705e+09	 3060	 0.719438
400.51	 3.17755e+09	 2913	 0.720765
400.39	 3.17899e+09	 3063	 0.720295
400.28	 3.1777e+09	 2928	 0.721652
400.19	 3.17926e+09	 2764	 0.721362
400.07	 3.17787e+09	 3091	 0.71871
399.98	 3.1768e+09	 2742	 0.719642
399.86	 3.17777e+09	 2807	 0.718707
399.75	 3.17714e+09	 2897	 0.720671
399.66	 3.17607e+09	 2776	 0.7213
399.54	 3.17488e+09	 2901	 0.718284
399.45	 3.17503e+09	 2531	 0.721071
399.34	 3.1754e+09	 2828	 0.719435
399.22	 3.17642e+09	 3117	 0.720619
399.14	 3.17749e+09	 3372	 0.72194
399.02	 3.17687e+09	 3224	 0.72002
398.93	 3.17581e+09	 2862	 0.719311
398.82	 3.17683e+09	 3006	 0.720005
398.7	 3.17543e+09	 3307	 0.719743
398.62	 3.17862e+09	 3090	 0.719641
398.5	 3.17846e+09	 2923	 0.718732
398.41	 3.17765e+09	 2892	 0.719607
398.3	 3.17842e+09	 3432	 0.717145
398.19	 3.17372e+09	 2735	 0.721209
398.1	 3.17365e+09	 2817	 0.72017
397.99	 3.17563e+09	 2706	 0.72074
397.9	 3.17653e+09	 3255	 0.719157
397.79	 3.17609e+09	 7571	 0.716868
397.67	 3.1774e+09	 2829	 0.72022
397.59	 3.17677e+09	 3159	 0.719952
397.47	 3.17802e+09	 2883	 0.720332
397.36	 3.17531e+09	 3013	 0.718879
397.28	 3.17482e+09	 3054	 0.721213
397.17	 3.17475e+09	 2859	 0.719533
397.08	 3.17424e+09	 3160	 0.718068
396.97	 3.17286e+09	 2756	 0.71972
396.86	 3.17551e+09	 2921	 0.720198
396.75	 3.17477e+09	 2944	 0.72016
396.66	 3.17524e+09	 3217	 0.718387
396.56	 3.17513e+09	 3332	 0.717983
396.44	 3.17464e+09	 2940	 0.719617
396.36	 3.17477e+09	 2915	 0.719601
396.25	 3.17724e+09	 3372	 0.71775
396.16	 3.17666e+09	 3065	 0.718292
396.05	 3.17803e+09	 3042	 0.720411
395.94	 3.17763e+09	 3507	 0.720035
395.86	 3.17715e+09	 3256	 0.72203
395.75	 3.17871e+09	 3103	 0.721872
395.67	 3.17794e+09	 3205	 0.718691
395.53	 3.17709e+09	 3233	 0.719581
395.42	 3.17673e+09	 3079	 0.719332
395.31	 3.17608e+09	 3142	 0.721318
395.23	 3.17797e+09	 6639	 0.716932
395.12	 3.1794e+09	 2946	 0.719358
395.04	 3.17805e+09	 3100	 0.719691
394.93	 3.17779e+09	 3199	 0.719253
394.82	 3.17661e+09	 3370	 0.720214
394.74	 3.17701e+09	 3292	 0.718776
394.64	 3.17496e+09	 2881	 0.718654
394.56	 3.17432e+09	 3257	 0.71957
394.45	 3.17365e+09	 3291	 0.718094
394.34	 3.17507e+09	 3729	 0.721658
394.26	 3.17553e+09	 3603	 0.720036
394.15	 3.17414e+09	 3413	 0.719258
394.07	 3.17532e+09	 3153	 0.719487
393.97	 3.17654e+09	 3161	 0.7188
393.86	 3.17785e+09	 3064	 0.718924
393.78	 3.17677e+09	 3405	 0.719107
393.68	 3.17608e+09	 2820	 0.719147
393.6	 3.17579e+09	 3192	 0.717363
393.49	 3.17532e+09	 3190	 0.720008
393.38	 3.17593e+09	 3233	 0.717954
393.31	 3.1747e+09	 3043	 0.71889
393.2	 3.175e+09	 3395	 0.718324
393.12	 3.17416e+09	 3214	 0.719185
393.02	 3.1722e+09	 3084	 0.717704
392.91	 3.17164e+09	 3220	 0.719913
392.84	 3.17127e+09	 3231	 0.719337
392.73	 3.1728e+09	 3419	 0.719583
392.63	 3.17251e+09	 2809	 0.719083
392.55	 3.17378e+09	 3260	 0.721384
392.45	 3.17353e+09	 3019	 0.717531
392.37	 3.17347e+09	 3362	 0.718473
392.26	 3.17188e+09	 3324	 0.718078
392.16	 3.17254e+09	 2934	 0.718855
392.07	 3.17291e+09	 3034	 0.716444
391.98	 3.17206e+09	 3338	 0.718571
391.9	 3.17258e+09	 3039	 0.719284
391.8	 3.17197e+09	 2569	 0.718843
391.7	 3.17327e+09	 3116	 0.718203
391.62	 3.17301e+09	 3076	 0.719969
391.52	 3.17409e+09	 3030	 0.719882
391.44	 3.17491e+09	 3244	 0.717763
391.34	 3.17328e+09	 2927	 0.717523
391.24	 3.17359e+09	 3296	 0.716632
391.16	 3.1733e+09	 3137	 0.718017
391.06	 3.17435e+09	 3013	 0.717686
390.99	 3.17155e+09	 2918	 0.716769
390.89	 3.17111e+09	 3132	 0.717582
390.79	 3.1704e+09	 3651	 0.720213
390.68	 3.17082e+09	 3000	 0.716712
390.58	 3.17044e+09	 3136	 0.718076
390.48	 3.17057e+09	 2857	 0.717022
390.41	 3.172e+09	 3151	 0.718551
390.31	 3.17178e+09	 3070	 0.718067
390.21	 3.17201e+09	 3110	 0.717761
390.13	 3.17206e+09	 2816	 0.718315
390.04	 3.17232e+09	 2971	 0.718672
389.96	 3.1734e+09	 2982	 0.718667
389.86	 3.17371e+09	 2801	 0.719174
389.76	 3.17425e+09	 2834	 0.717851
389.69	 3.17221e+09	 2955	 0.718602
389.59	 3.17249e+09	 3281	 0.716613
389.52	 3.17231e+09	 3087	 0.719182
389.42	 3.1717e+09	 2744	 0.715855
389.32	 3.17071e+09	 2918	 0.716751
389.25	 3.17145e+09	 3256	 0.716736
389.15	 3.17159e+09	 2718	 0.718004
389.07	 3.17168e+09	 3956	 0.715198
388.97	 3.17143e+09	 2658	 0.717375
388.88	 3.17303e+09	 2820	 0.718235
388.8	 3.17485e+09	 2820	 0.717984
388.71	 3.1725e+09	 3146	 0.717137
388.63	 3.1736e+09	 2796	 0.715788
388.54	 3.17334e+09	 2710	 0.718422
388.44	 3.17125e+09	 2845	 0.718372
388.37	 3.17185e+09	 2534	 0.715124
388.27	 3.1733e+09	 2944	 0.717141
388.2	 3.1733e+09	 2437	 0.717221
388.1	 3.17077e+09	 2985	 0.716314
388.01	 3.17194e+09	 3021	 0.716632
387.93	 3.17134e+09	 3025	 0.71677
387.84	 3.17086e+09	 2717	 0.716873
387.77	 3.17228e+09	 2851	 0.71897
387.67	 3.17117e+09	 2575	 0.714748
387.58	 3.16991e+09	 2833	 0.715551
387.51	 3.17052e+09	 2814	 0.715122
387.41	 3.16939e+09	 3047	 0.717024
387.34	 3.17128e+09	 2623	 0.717321
386.66	 3.17193e+09	 2815	 0.71581
386.57	 3.17207e+09	 2676	 0.712786
386.49	 3.17391e+09	 2785	 0.713558
386.4	 3.1731e+09	 2354	 0.713534
386.31	 3.17345e+09	 2748	 0.715891
386.24	 3.17267e+09	 2576	 0.713217
386.15	 3.17172e+09	 3754	 0.712865
386.08	 3.17245e+09	 2970	 0.714898
385.98	 3.173e+09	 2658	 0.712652
385.89	 3.17208e+09	 2652	 0.715284
385.82	 3.17399e+09	 2892	 0.715323
385.73	 3.17484e+09	 2725	 0.715122
385.61	 3.17426e+09	 2425	 0.714374
385.55	 3.17424e+09	 2928	 0.713451
385.45	 3.17234e+09	 2577	 0.71421
385.36	 3.1737e+09	 3116	 0.715901
385.29	 3.1744e+09	 2490	 0.715835
385.2	 3.17406e+09	 2515	 0.715847
385.13	 3.17248e+09	 2696	 0.714432
385.04	 3.17416e+09	 2525	 0.71576
384.95	 3.17207e+09	 2692	 0.712859
384.88	 3.17312e+09	 2694	 0.712777
384.79	 3.1722e+09	 2532	 0.715552
384.73	 3.17367e+09	 2621	 0.714223
384.64	 3.17342e+09	 2748	 0.712429
384.55	 3.17529e+09	 2589	 0.713861
384.48	 3.17396e+09	 2853	 0.714835
384.39	 3.17494e+09	 2662	 0.712796
384.32	 3.17544e+09	 2495	 0.713169
384.23	 3.17503e+09	 2514	 0.712213
384.14	 3.175e+09	 2601	 0.71279
384.07	 3.17284e+09	 2412	 0.713208
383.99	 3.17317e+09	 2534	 0.714783
383.92	 3.17098e+09	 2630	 0.713421
383.83	 3.17343e+09	 2757	 0.712127
383.74	 3.17317e+09	 2619	 0.712894
383.67	 3.17331e+09	 2466	 0.71341
383.59	 3.17384e+09	 2828	 0.715243
383.52	 3.17241e+09	 2539	 0.71294
383.43	 3.17179e+09	 2713	 0.714428
383.34	 3.17126e+09	 2498	 0.712417
383.28	 3.17369e+09	 2811	 0.712077
383.19	 3.17274e+09	 2594	 0.712941
383.12	 3.17572e+09	 2555	 0.714143
383.03	 3.17581e+09	 2434	 0.713173
382.95	 3.17359e+09	 2654	 0.711754
382.88	 3.17287e+09	 2546	 0.71125
382.79	 3.17413e+09	 2559	 0.713838
382.71	 3.17397e+09	 2527	 0.713946
382.64	 3.17338e+09	 2745	 0.712725
382.56	 3.17527e+09	 2473	 0.710341
382.49	 3.17448e+09	 2493	 0.714704
382.4	 3.17695e+09	 2512	 0.711716
382.32	 3.1736e+09	 2491	 0.711134
382.25	 3.17171e+09	 2367	 0.710757
382.16	 3.17152e+09	 2546	 0.71311
382.1	 3.17448e+09	 2681	 0.711408
382.01	 3.17296e+09	 2564	 0.711313
381.93	 3.17299e+09	 2647	 0.711895
381.87	 3.17282e+09	 2402	 0.712182
381.78	 3.17313e+09	 2652	 0.709755
381.72	 3.1741e+09	 2692	 0.711476
381.63	 3.17415e+09	 2520	 0.711822
381.52	 3.1748e+09	 2604	 0.71042
381.46	 3.17564e+09	 2786	 0.711429
381.38	 3.17551e+09	 2402	 0.712508
381.29	 3.17554e+09	 2674	 0.711064
381.23	 3.17653e+09	 2388	 0.710162
381.14	 3.17597e+09	 2383	 0.710376
381.08	 3.17722e+09	 2506	 0.711652
380.99	 3.17658e+09	 2499	 0.710386
380.91	 3.17645e+09	 2832	 0.710733
380.85	 3.17638e+09	 2391	 0.711591
380.76	 3.17848e+09	 5940	 0.707338
380.68	 3.17811e+09	 2745	 0.710303
380.62	 3.17793e+09	 2921	 0.71028
380.53	 3.1786e+09	 2732	 0.710464
380.47	 3.17592e+09	 2611	 0.711082
380.39	 3.17775e+09	 2758	 0.709768
380.3	 3.17823e+09	 2786	 0.7113
380.24	 3.17824e+09	 2618	 0.710899
380.16	 3.17924e+09	 2780	 0.710663
380.1	 3.18002e+09	 2566	 0.709933
380.01	 3.17743e+09	 2788	 0.708306
379.93	 3.17766e+09	 2575	 0.710491
379.87	 3.17772e+09	 2781	 0.71149
379.79	 3.17706e+09	 2937	 0.708259
379.72	 3.17577e+09	 2861	 0.711234
379.64	 3.17517e+09	 2917	 0.711313
379.56	 3.17552e+09	 2757	 0.711086
379.5	 3.17562e+09	 3051	 0.710435
379.42	 3.17636e+09	 2553	 0.709108
379.36	 3.17414e+09	 2984	 0.706989
379.28	 3.17374e+09	 2743	 0.708211
379.19	 3.17371e+09	 2708	 0.710676
379.13	 3.17479e+09	 2949	 0.709676
379.05	 3.17653e+09	 2564	 0.709679
378.99	 3.17552e+09	 3167	 0.709879
378.91	 3.17646e+09	 2492	 0.710818
378.83	 3.17486e+09	 2741	 0.710019
378.77	 3.17484e+09	 2725	 0.709406
378.69	 3.17441e+09	 2681	 0.709842
378.63	 3.17471e+09	 3152	 0.708955
378.55	 3.17256e+09	 2713	 0.710328
378.47	 3.17443e+09	 2809	 0.710617
378.4	 3.17618e+09	 2905	 0.711145
378.33	 3.17425e+09	 2766	 0.707495
378.26	 3.17556e+09	 3074	 0.708596
378.18	 3.17353e+09	 3257	 0.707566
378.1	 3.17466e+09	 2847	 0.709189
378.05	 3.17492e+09	 2971	 0.712438
377.97	 3.17347e+09	 2963	 0.707517
377.91	 3.17482e+09	 2769	 0.708364
377.82	 3.17387e+09	 2913	 0.70822
377.73	 3.17215e+09	 2728	 0.711155
377.65	 3.17287e+09	 2752	 0.710782
377.59	 3.17416e+09	 2908	 0.707615
377.51	 3.17307e+09	 2648	 0.709314
377.43	 3.17381e+09	 2950	 0.709851
377.37	 3.17326e+09	 2948	 0.708198
377.29	 3.173e+09	 2698	 0.707252
377.24	 3.17319e+09	 3386	 0.707935
377.16	 3.17443e+09	 2644	 0.709551
377.08	 3.17574e+09	 3120	 0.70771
377.02	 3.17762e+09	 2723	 0.709608
376.94	 3.17794e+09	 3052	 0.709057
376.88	 3.17695e+09	 2875	 0.709407
376.81	 3.17519e+09	 2871	 0.709052
376.73	 3.17532e+09	 2935	 0.709439
376.67	 3.17539e+09	 3024	 0.707029
376.59	 3.17534e+09	 2667	 0.709747
376.53	 3.17384e+09	 2858	 0.708347
376.46	 3.17181e+09	 2499	 0.708272
376.38	 3.17322e+09	 2887	 0.709443
376.32	 3.17203e+09	 2999	 0.708325
376.24	 3.17226e+09	 2890	 0.706412
376.19	 3.17211e+09	 3089	 0.70685
376.11	 3.17158e+09	 2977	 0.708273
376.03	 3.17115e+09	 2474	 0.710834
375.98	 3.17209e+09	 2785	 0.70876
375.9	 3.17219e+09	 2944	 0.709266
375.84	 3.17297e+09	 4615	 0.707459
375.77	 3.17087e+09	 2594	 0.710252
375.69	 3.17015e+09	 2861	 0.709516
375.63	 3.17237e+09	 2716	 0.708978
375.56	 3.17307e+09	 3018	 0.708908
375.5	 3.17092e+09	 2783	 0.708743
375.42	 3.17229e+09	 3123	 0.709727
375.35	 3.17255e+09	 2881	 0.709059
375.29	 3.17137e+09	 18263	 0.625316
375.22	 3.17024e+09	 2969	 0.707562
375.14	 3.17175e+09	 2871	 0.708301
375.07	 3.17166e+09	 2723	 0.707489
375.01	 3.17418e+09	 2818	 0.708762
374.94	 3.17547e+09	 2680	 0.709606
374.86	 3.17509e+09	 2835	 0.708872
374.81	 3.17482e+09	 2907	 0.707458
374.73	 3.17385e+09	 2572	 0.708882
374.18	 3.17352e+09	 2882	 0.706614
374.1	 3.17384e+09	 3113	 0.704783
374.03	 3.17289e+09	 2914	 0.707196
373.97	 3.17393e+09	 2993	 0.706451
373.9	 3.17307e+09	 2932	 0.706642
373.84	 3.17232e+09	 3041	 0.707306
373.77	 3.17341e+09	 3098	 0.708942
373.68	 3.17472e+09	 2930	 0.707842
373.61	 3.17599e+09	 3022	 0.706943
373.55	 3.17648e+09	 2921	 0.707644
373.48	 3.1737e+09	 4097	 0.704961
373.41	 3.17414e+09	 3059	 0.706572
373.35	 3.17144e+09	 3013	 0.706614
373.28	 3.1694e+09	 3372	 0.706918
373.23	 3.17127e+09	 2682	 0.70672
373.16	 3.16982e+09	 3647	 0.706415
373.08	 3.16985e+09	 3096	 0.706395
373.03	 3.16918e+09	 2830	 0.707071
372.96	 3.17111e+09	 2886	 0.709212
372.9	 3.17214e+09	 2825	 0.706582
372.83	 3.17082e+09	 3077	 0.706726
372.76	 3.17184e+09	 7007	 0.704416
372.71	 3.17204e+09	 2746	 0.705888
372.63	 3.17297e+09	 3003	 0.707352
372.58	 3.17317e+09	 2970	 0.705485
372.51	 3.17246e+09	 3009	 0.710032
372.44	 3.17398e+09	 2814	 0.707194
372.38	 3.173e+09	 2692	 0.707304
372.31	 3.17166e+09	 2821	 0.707159
372.26	 3.17264e+09	 3173	 0.704825
372.19	 3.17347e+09	 3178	 0.706564
372.12	 3.1742e+09	 3215	 0.705628
372.07	 3.17314e+09	 3110	 0.706389
371.99	 3.174e+09	 3150	 0.706651
371.94	 3.17076e+09	 3219	 0.706361
371.87	 3.17175e+09	 2742	 0.706963
371.8	 3.17427e+09	 2993	 0.708404
371.75	 3.17448e+09	 2915	 0.70597
371.68	 3.17415e+09	 2944	 0.705523
371.63	 3.17213e+09	 3155	 0.70616
371.56	 3.17307e+09	 3040	 0.706096
371.49	 3.17321e+09	 3172	 0.706091
371.44	 3.17192e+09	 3075	 0.705692
371.37	 3.17239e+09	 2976	 0.705415
371.32	 3.17169e+09	 3121	 0.706729
371.25	 3.17131e+09	 3121	 0.706019
371.18	 3.17128e+09	 2842	 0.707322
371.12	 3.17263e+09	 2873	 0.706391
371.06	 3.17339e+09	 2811	 0.70697
370.98	 3.1748e+09	 8674	 0.703439
370.93	 3.17469e+09	 3056	 0.707405
370.87	 3.17537e+09	 3215	 0.705811
370.81	 3.17546e+09	 3010	 0.706542
370.74	 3.17363e+09	 3259	 0.70518
370.68	 3.17247e+09	 3120	 0.706414
370.62	 3.17213e+09	 3141	 0.706814
370.55	 3.17231e+09	 3237	 0.706385
370.5	 3.16995e+09	 2850	 0.706086
370.4	 3.1721e+09	 2939	 0.706096
370.35	 3.17137e+09	 2825	 0.707152
370.28	 3.17231e+09	 2851	 0.70491
370.23	 3.17192e+09	 3159	 0.704917
370.16	 3.1704e+09	 3179	 0.704983
370.1	 3.1712e+09	 3086	 0.706725
370.05	 3.17165e+09	 2711	 0.705767
369.98	 3.173e+09	 3102	 0.706016
369.93	 3.17296e+09	 2867	 0.705243
369.86	 3.17277e+09	 2911	 0.705267
369.79	 3.17065e+09	 2974	 0.706508
369.74	 3.17036e+09	 3007	 0.704848
369.67	 3.17223e+09	 2794	 0.705468
369.62	 3.17264e+09	 2965	 0.706506
369.56	 3.17449e+09	 2908	 0.70562
369.49	 3.17234e+09	 2746	 0.704654
369.44	 3.17228e+09	 2995	 0.706143
369.37	 3.17279e+09	 3101	 0.705963
369.32	 3.17384e+09	 2828	 0.705754
369.26	 3.17115e+09	 2903	 0.705015
369.19	 3.17202e+09	 3128	 0.705809
369.14	 3.1716e+09	 3388	 0.705171
369.07	 3.17304e+09	 2894	 0.705268
369.03	 3.17183e+09	 3034	 0.7061
368.96	 3.17305e+09	 2827	 0.704242
368.89	 3.17462e+09	 2938	 0.706977
368.85	 3.17446e+09	 2895	 0.705581
368.78	 3.17492e+09	 3122	 0.704964
368.73	 3.17418e+09	 3000	 0.705262
368.66	 3.17409e+09	 3129	 0.705131
368.6	 3.17483e+09	 3364	 0.705995
368.55	 3.17387e+09	 2714	 0.706479
368.48	 3.17183e+09	 2935	 0.705734
368.43	 3.17174e+09	 2967	 0.705695
368.37	 3.17374e+09	 3361	 0.706399
368.3	 3.1737e+09	 3078	 0.70666
368.26	 3.17136e+09	 3128	 0.70448
368.19	 3.17242e+09	 3176	 0.706127
368.12	 3.17169e+09	 3204	 0.704509
368.08	 3.16886e+09	 3127	 0.705823
368.01	 3.17106e+09	 3107	 0.706528
367.96	 3.1724e+09	 3308	 0.706554
367.9	 3.17348e+09	 2937	 0.705397
367.83	 3.17165e+09	 2795	 0.706263
367.78	 3.17227e+09	 3023	 0.704883
367.72	 3.17093e+09	 3028	 0.70474
367.67	 3.17203e+09	 3342	 0.705737
367.61	 3.17212e+09	 2935	 0.704899
367.55	 3.17329e+09	 3494	 0.704893
367.5	 3.16999e+09	 2797	 0.706074
367.43	 3.17257e+09	 2842	 0.705885
367.35	 3.17277e+09	 3281	 0.704694
367.3	 3.17264e+09	 3172	 0.705082
367.24	 3.17255e+09	 3008	 0.7059
367.18	 3.17178e+09	 3097	 0.70599
367.13	 3.17327e+09	 2771	 0.705418
367.07	 3.17245e+09	 3102	 0.706022
367.02	 3.17254e+09	 3237	 0.706196
366.95	 3.17161e+09	 2859	 0.706088
366.89	 3.17194e+09	 2820	 0.705469
366.84	 3.17237e+09	 2953	 0.705292
366.78	 3.1702e+09	 2957	 0.706276
366.73	 3.16994e+09	 2881	 0.705471
366.67	 3.17091e+09	 2661	 0.707672
366.61	 3.16987e+09	 3147	 0.706002
366.56	 3.17137e+09	 2725	 0.705098
366.5	 3.17279e+09	 2675	 0.704329
366.45	 3.17264e+09	 2751	 0.704574
366.39	 3.17488e+09	 3096	 0.7063
366.33	 3.1728e+09	 2975	 0.706197
366.28	 3.17367e+09	 2873	 0.704366
366.22	 3.17506e+09	 8741	 0.697603
366.17	 3.17256e+09	 2895	 0.704382
366.11	 3.17535e+09	 2715	 0.70636
366.05	 3.17413e+09	 3325	 0.705531
366	 3.17371e+09	 2760	 0.705398
365.94	 3.17449e+09	 2753	 0.705029
365.89	 3.17359e+09	 2739	 0.704002
365.83	 3.17162e+09	 3065	 0.705012
365.77	 3.17082e+09	 3160	 0.704024
365.72	 3.17076e+09	 3055	 0.705218
365.66	 3.17358e+09	 2709	 0.70662
365.62	 3.17243e+09	 2952	 0.704136
365.55	 3.17183e+09	 2689	 0.70443
365.49	 3.17089e+09	 2954	 0.703457
365.45	 3.16905e+09	 3257	 0.705936
365.39	 3.17026e+09	 2815	 0.706352
365.34	 3.17275e+09	 2971	 0.705024
365.28	 3.17207e+09	 3171	 0.705448
365.22	 3.17058e+09	 3013	 0.706261
365.17	 3.17071e+09	 2781	 0.706911
365.11	 3.17216e+09	 2840	 0.706301
365.07	 3.17336e+09	 2713	 0.705145
365.01	 3.17288e+09	 2614	 0.704519
364.95	 3.1726e+09	 3298	 0.705715
364.9	 3.17352e+09	 2753	 0.705961
364.84	 3.17412e+09	 2714	 0.706286
364.78	 3.17251e+09	 2741	 0.704144
364.74	 3.17339e+09	 2516	 0.706505
364.67	 3.17471e+09	 2634	 0.706981
364.24	 3.17467e+09	 2804	 0.706464
364.18	 3.17207e+09	 2775	 0.704507
364.11	 3.17288e+09	 2837	 0.703555
364.06	 3.17175e+09	 2674	 0.704574
364	 3.17147e+09	 2530	 0.706407
363.96	 3.17281e+09	 2552	 0.705068
363.9	 3.17189e+09	 3052	 0.705435
363.84	 3.1702e+09	 2706	 0.705567
363.8	 3.16981e+09	 2743	 0.705927
363.74	 3.17149e+09	 2754	 0.704815
363.69	 3.17045e+09	 3055	 0.706419
363.64	 3.17135e+09	 2482	 0.705211
363.58	 3.17267e+09	 2703	 0.7048
363.53	 3.17163e+09	 3055	 0.707869
363.47	 3.17224e+09	 2930	 0.705543
363.43	 3.17138e+09	 2642	 0.706276
363.37	 3.17262e+09	 2637	 0.704607
363.31	 3.17273e+09	 2663	 0.707725
363.27	 3.17266e+09	 2811	 0.704682
363.21	 3.17206e+09	 2725	 0.706647
363.17	 3.17172e+09	 2594	 0.70682
363.11	 3.17252e+09	 2993	 0.704649
363.05	 3.17401e+09	 2965	 0.705765
363.01	 3.17225e+09	 2936	 0.706394
362.95	 3.17158e+09	 2789	 0.707447
362.91	 3.17049e+09	 3143	 0.70455
362.85	 3.17179e+09	 2985	 0.705703
362.79	 3.17372e+09	 2614	 0.706666
362.75	 3.17381e+09	 2883	 0.706522
362.69	 3.17319e+09	 2693	 0.706523
362.65	 3.17171e+09	 2670	 0.705384
362.59	 3.1718e+09	 2604	 0.705051
362.54	 3.17312e+09	 2724	 0.706864
362.49	 3.17305e+09	 2461	 0.705054
362.44	 3.17148e+09	 2967	 0.7063
362.39	 3.17242e+09	 2497	 0.706877
362.34	 3.17247e+09	 2771	 0.707304
362.28	 3.17127e+09	 2442	 0.704908
362.24	 3.17143e+09	 2676	 0.704431
362.18	 3.17043e+09	 2665	 0.707038
362.14	 3.16891e+09	 2564	 0.706079
362.08	 3.1689e+09	 2417	 0.705035
362.02	 3.16912e+09	 2691	 0.707737
361.98	 3.16845e+09	 2555	 0.705851
361.93	 3.16856e+09	 2539	 0.706219
361.88	 3.1679e+09	 2515	 0.706824
361.83	 3.16624e+09	 2692	 0.706845
361.77	 3.16809e+09	 2627	 0.706082
361.73	 3.16876e+09	 2875	 0.706221
361.67	 3.16778e+09	 2737	 0.707683
361.62	 3.16863e+09	 2917	 0.70634
361.57	 3.16903e+09	 2940	 0.705656
361.52	 3.16919e+09	 2968	 0.705211
361.45	 3.16985e+09	 2687	 0.707694
361.41	 3.17183e+09	 2744	 0.70589
361.35	 3.17248e+09	 2640	 0.705649
361.31	 3.17301e+09	 2545	 0.705624
361.25	 3.17347e+09	 2860	 0.706224
361.2	 3.17107e+09	 2715	 0.705393
361.16	 3.17127e+09	 2945	 0.706985
361.1	 3.17415e+09	 3656	 0.706481
361.06	 3.17308e+09	 2551	 0.705735
361	 3.17339e+09	 2244	 0.706263
360.95	 3.17396e+09	 2529	 0.704706
360.91	 3.17309e+09	 2514	 0.70619
360.85	 3.1741e+09	 2733	 0.704895
360.81	 3.1731e+09	 2783	 0.705991
360.76	 3.17037e+09	 2660	 0.705614
360.7	 3.16968e+09	 2620	 0.706154
360.66	 3.17158e+09	 2610	 0.707185
360.61	 3.17167e+09	 2773	 0.707299
360.57	 3.1722e+09	 2604	 0.708655
360.51	 3.17333e+09	 2802	 0.704469
360.46	 3.17165e+09	 2603	 0.70639
360.42	 3.17191e+09	 2746	 0.706279
360.36	 3.17236e+09	 2433	 0.706653
360.32	 3.17142e+09	 2786	 0.706178
360.27	 3.17326e+09	 2743	 0.708214
360.21	 3.17292e+09	 2619	 0.706608
360.17	 3.17518e+09	 2625	 0.705209
360.12	 3.17197e+09	 2398	 0.705523
360.08	 3.17164e+09	 2630	 0.707088
360.03	 3.17048e+09	 2387	 0.706177
359.97	 3.17075e+09	 2442	 0.705176
359.93	 3.16986e+09	 2361	 0.70827
359.88	 3.17011e+09	 2785	 0.707058
359.84	 3.1712e+09	 2696	 0.705738
359.78	 3.17068e+09	 2775	 0.707643
359.73	 3.17078e+09	 2536	 0.706741
359.69	 3.17081e+09	 2703	 0.708149
359.63	 3.17085e+09	 2807	 0.705121
359.58	 3.16994e+09	 2614	 0.707305
359.54	 3.17206e+09	 2564	 0.706368
359.49	 3.17083e+09	 2242	 0.707672
359.45	 3.17145e+09	 2553	 0.705083
359.39	 3.17216e+09	 2423	 0.707066
359.34	 3.17141e+09	 2408	 0.706465
359.3	 3.173e+09	 2912	 0.705601
359.25	 3.17393e+09	 2452	 0.705618
359.21	 3.17447e+09	 2665	 0.706237
359.16	 3.17239e+09	 2380	 0.70688
359.1	 3.17272e+09	 2234	 0.708001
359.07	 3.17467e+09	 2285	 0.705646
359.01	 3.17501e+09	 2763	 0.708366
358.95	 3.17566e+09	 2434	 0.704302
358.91	 3.17673e+09	 2368	 0.707431
358.86	 3.17777e+09	 3523	 0.707191
358.82	 3.17639e+09	 2779	 0.705446
358.76	 3.17876e+09	 2622	 0.707206
358.71	 3.17746e+09	 2387	 0.706082
358.67	 3.17576e+09	 2590	 0.708465
358.62	 3.17782e+09	 2316	 0.706982
358.58	 3.17678e+09	 2402	 0.70602
358.53	 3.17775e+09	 2247	 0.707297
358.48	 3.17811e+09	 2715	 0.707284
358.44	 3.17812e+09	 2776	 0.704986
358.39	 3.17709e+09	 2235	 0.706426
358.35	 3.17774e+09	 2752	 0.705299
358.3	 3.17561e+09	 2276	 0.706992
358.25	 3.17708e+09	 2599	 0.708205
358.21	 3.17699e+09	 2471	 0.705655
358.16	 3.17262e+09	 2309	 0.706025
358.1	 3.17447e+09	 2605	 0.705994
358.06	 3.17524e+09	 2513	 0.706945
358.01	 3.17525e+09	 2359	 0.705009
357.98	 3.17298e+09	 2788	 0.705856
357.92	 3.17452e+09	 2402	 0.707708
357.87	 3.17485e+09	 2788	 0.706526
357.83	 3.17517e+09	 2529	 0.706529
357.78	 3.1732e+09	 2332	 0.707427
357.75	 3.17489e+09	 2511	 0.706054
357.69	 3.17598e+09	 2501	 0.707264
357.65	 3.17597e+09	 2479	 0.706335
357.61	 3.17563e+09	 2758	 0.706174
357.56	 3.17665e+09	 2309	 0.705785
357.52	 3.17491e+09	 2819	 0.705459
357.47	 3.17405e+09	 2537	 0.706125
357.42	 3.17172e+09	 2347	 0.707566
357.38	 3.17275e+09	 2480	 0.706874
357.33	 3.17531e+09	 2633	 0.706167
357.29	 3.17355e+09	 2498	 0.707123
357.24	 3.17321e+09	 2422	 0.706493
357.19	 3.17345e+09	 2490	 0.70753
357.15	 3.17415e+09	 2431	 0.707043
357.1	 3.17429e+09	 2582	 0.705887
357.06	 3.17475e+09	 2671	 0.706268
357.01	 3.17195e+09	 2854	 0.70523
356.96	 3.17259e+09	 2606	 0.706114
356.92	 3.176e+09	 2620	 0.708286
356.87	 3.17679e+09	 2487	 0.708059
356.84	 3.1778e+09	 2620	 0.706741
356.78	 3.17443e+09	 2523	 0.705167
356.74	 3.17509e+09	 2526	 0.706974
356.7	 3.17427e+09	 2112	 0.707614
356.65	 3.17441e+09	 2401	 0.706678
356.59	 3.17499e+09	 2815	 0.705655
356.54	 3.17434e+09	 2545	 0.70576
356.5	 3.17527e+09	 2330	 0.70675
356.14	 3.17637e+09	 2620	 0.704368
356.09	 3.17617e+09	 2648	 0.708016
356.05	 3.17589e+09	 2614	 0.706188
356.01	 3.17453e+09	 2549	 0.707591
355.97	 3.17554e+09	 2398	 0.707507
355.92	 3.17588e+09	 2546	 0.706392
355.87	 3.17587e+09	 2570	 0.704866
355.83	 3.17364e+09	 2612	 0.705683
355.79	 3.17396e+09	 2671	 0.706142
355.74	 3.17512e+09	 2914	 0.706708
355.7	 3.17502e+09	 2461	 0.705778
355.65	 3.17578e+09	 2440	 0.705716
355.62	 3.17425e+09	 2700	 0.706076
355.57	 3.17478e+09	 2877	 0.704221
355.52	 3.17392e+09	 2468	 0.706462
355.48	 3.17488e+09	 2750	 0.706447
355.44	 3.17438e+09	 2547	 0.706667
355.4	 3.17576e+09	 2504	 0.705677
355.35	 3.17399e+09	 6332	 0.704661
355.3	 3.1739e+09	 2715	 0.707149
355.27	 3.17434e+09	 2622	 0.706937
355.22	 3.17417e+09	 2786	 0.705227
355.18	 3.17334e+09	 2737	 0.705945
355.13	 3.17335e+09	 2787	 0.705884
355.09	 3.17426e+09	 2709	 0.705505
355.05	 3.17439e+09	 2436	 0.705298
355	 3.17386e+09	 2315	 0.706096
354.97	 3.17283e+09	 2568	 0.706058
354.92	 3.17436e+09	 2804	 0.704524
354.87	 3.1742e+09	 2448	 0.705544
354.84	 3.17373e+09	 2396	 0.706746
354.79	 3.17482e+09	 2738	 0.707808
354.75	 3.1763e+09	 2616	 0.705521
354.7	 3.17664e+09	 2457	 0.707479
354.66	 3.17639e+09	 2576	 0.70535
354.62	 3.17485e+09	 2614	 0.706131
354.58	 3.17625e+09	 3013	 0.707708
354.54	 3.17483e+09	 2533	 0.706391
354.49	 3.17441e+09	 2776	 0.704465
354.45	 3.17593e+09	 2416	 0.706356
354.41	 3.17492e+09	 2702	 0.707693
354.36	 3.17393e+09	 2673	 0.706338
354.33	 3.17451e+09	 2743	 0.706765
354.28	 3.17302e+09	 2895	 0.70674
354.23	 3.17098e+09	 2877	 0.705753
354.2	 3.17013e+09	 3631	 0.705449
354.15	 3.17111e+09	 2638	 0.70641
354.12	 3.1713e+09	 2661	 0.706836
354.05	 3.17194e+09	 2726	 0.7079
354.01	 3.17101e+09	 2608	 0.706553
353.97	 3.17031e+09	 3956	 0.701539
353.93	 3.17042e+09	 2489	 0.705108
353.88	 3.17145e+09	 2648	 0.706832
353.84	 3.17073e+09	 2792	 0.705644
353.8	 3.16928e+09	 2577	 0.707602
353.76	 3.17252e+09	 2578	 0.706546
353.72	 3.17212e+09	 2534	 0.707072
353.68	 3.17409e+09	 2728	 0.707972
353.63	 3.17492e+09	 2548	 0.706369
353.59	 3.17423e+09	 2687	 0.707276
353.55	 3.17473e+09	 2656	 0.705212
353.51	 3.17438e+09	 2844	 0.706519
353.47	 3.17321e+09	 2472	 0.706316
353.42	 3.17483e+09	 2740	 0.706794
353.39	 3.17442e+09	 2923	 0.706894
353.34	 3.17367e+09	 2669	 0.706414
353.31	 3.17378e+09	 2669	 0.706945
353.26	 3.17443e+09	 2421	 0.707009
353.22	 3.1742e+09	 2729	 0.706147
353.18	 3.17348e+09	 2942	 0.707049
353.14	 3.17276e+09	 2555	 0.70519
353.1	 3.17287e+09	 2632	 0.706088
353.06	 3.17454e+09	 2709	 0.708256
353.01	 3.17301e+09	 2623	 0.705887
352.98	 3.17144e+09	 2705	 0.70538
352.93	 3.17268e+09	 2466	 0.707818
352.9	 3.17121e+09	 2729	 0.706499
352.85	 3.17352e+09	 2694	 0.706795
352.81	 3.17374e+09	 2592	 0.705766
352.77	 3.17406e+09	 2590	 0.706099
352.73	 3.17444e+09	 2396	 0.708456
352.69	 3.17581e+09	 2263	 0.707463
352.65	 3.17568e+09	 2895	 0.706101
352.61	 3.17619e+09	 3024	 0.707498
352.57	 3.17612e+09	 2523	 0.707117
352.53	 3.17558e+09	 2677	 0.708237
352.49	 3.175e+09	 2503	 0.707783
352.45	 3.17411e+09	 2561	 0.70606
352.4	 3.1737e+09	 2556	 0.706727
352.37	 3.17449e+09	 6806	 0.701503
352.33	 3.17215e+09	 2879	 0.708085
352.28	 3.17277e+09	 3189	 0.706449
352.25	 3.17324e+09	 2866	 0.704311
352.2	 3.17204e+09	 2518	 0.705541
352.17	 3.17192e+09	 2651	 0.70788
352.13	 3.17323e+09	 2551	 0.706391
352.08	 3.17351e+09	 2653	 0.70679
352.05	 3.17226e+09	 2414	 0.706872
352	 3.17105e+09	 2599	 0.70479
351.95	 3.17235e+09	 2747	 0.706227
351.9	 3.17099e+09	 2607	 0.705802
351.87	 3.17034e+09	 2769	 0.705838
351.83	 3.1704e+09	 3316	 0.704739
351.8	 3.17164e+09	 2834	 0.707473
351.75	 3.17188e+09	 2742	 0.705671
351.72	 3.17308e+09	 2647	 0.707901
351.67	 3.1708e+09	 2644	 0.705993
351.63	 3.17085e+09	 2674	 0.706817
351.6	 3.1714e+09	 2631	 0.70754
351.55	 3.16843e+09	 2427	 0.706189
351.51	 3.16662e+09	 2707	 0.706291
351.48	 3.16582e+09	 2633	 0.7085
351.43	 3.16521e+09	 2662	 0.705845
351.4	 3.16614e+09	 2778	 0.704963
351.36	 3.16668e+09	 2480	 0.706285
351.32	 3.16733e+09	 2536	 0.706644
351.28	 3.16702e+09	 2551	 0.70551
351.24	 3.16685e+09	 2604	 0.708658
351.21	 3.16822e+09	 2407	 0.706908
351.16	 3.1686e+09	 2497	 0.706004
351.12	 3.16869e+09	 2473	 0.705798
351.09	 3.16837e+09	 2862	 0.70645
351.05	 3.16892e+09	 2650	 0.707368
351.01	 3.16845e+09	 2573	 0.704349
350.97	 3.16917e+09	 2680	 0.705447
350.93	 3.16988e+09	 2544	 0.705325
350.9	 3.17229e+09	 2330	 0.705247
350.85	 3.17285e+09	 2707	 0.707321
350.82	 3.17162e+09	 2663	 0.704594
350.78	 3.16998e+09	 2645	 0.705771
350.73	 3.16987e+09	 2748	 0.705251
350.7	 3.17019e+09	 2488	 0.707044
350.66	 3.16931e+09	 2436	 0.706872
350.63	 3.16796e+09	 2886	 0.70675
350.59	 3.17004e+09	 3080	 0.705076
350.54	 3.16959e+09	 2754	 0.707449
350.51	 3.17104e+09	 2479	 0.706603
350.47	 3.16993e+09	 2741	 0.704086
350.44	 3.16926e+09	 2351	 0.705642
350.4	 3.16996e+09	 2683	 0.705247
350.35	 3.16902e+09	 2668	 0.706087
350.32	 3.17017e+09	 2764	 0.703437
350.28	 3.16975e+09	 2413	 0.705609
350.25	 3.17123e+09	 2706	 0.707202
350.21	 3.17147e+09	 2403	 0.70529
350.16	 3.17359e+09	 2737	 0.70459
350.13	 3.17324e+09	 2533	 0.707308
350.09	 3.17123e+09	 2414	 0.705267
350.06	 3.17179e+09	 2915	 0.706257
350.02	 3.17333e+09	 2414	 0.705378
349.96	 3.17242e+09	 3112	 0.705429
349.92	 3.17275e+09	 2743	 0.706019
349.89	 3.17329e+09	 2763	 0.70556
349.85	 3.17215e+09	 2542	 0.705079
349.82	 3.1726e+09	 2245	 0.705806
349.78	 3.17255e+09	 2659	 0.705679
349.74	 3.17233e+09	 2504	 0.704921
349.7	 3.1702e+09	 4331	 0.705308
349.39	 3.17052e+09	 2382	 0.705024
349.36	 3.17108e+09	 2821	 0.703981
349.32	 3.17331e+09	 2427	 0.705569
349.29	 3.17442e+09	 2706	 0.70506
349.25	 3.17234e+09	 2744	 0.70573
349.21	 3.17207e+09	 2675	 0.705019
349.18	 3.17316e+09	 4292	 0.703896
349.14	 3.17356e+09	 2640	 0.703567
349.11	 3.17321e+09	 2531	 0.704967
349.07	 3.17435e+09	 8049	 0.700475
349.03	 3.17402e+09	 2854	 0.703305
349	 3.17333e+09	 2702	 0.704043
348.95	 3.17335e+09	 2712	 0.705186
348.93	 3.17347e+09	 2298	 0.706612
348.88	 3.17334e+09	 2643	 0.705567
348.84	 3.17291e+09	 2592	 0.705816
348.81	 3.17307e+09	 2641	 0.704467
348.77	 3.17279e+09	 2508	 0.705973
348.74	 3.17505e+09	 2821	 0.705952
348.7	 3.17542e+09	 2767	 0.704673
348.66	 3.17597e+09	 2319	 0.705135
348.63	 3.17467e+09	 2761	 0.70472
348.59	 3.17459e+09	 2656	 0.705567
348.56	 3.17292e+09	 2717	 0.705833
348.52	 3.17238e+09	 2664	 0.703032
348.48	 3.17106e+09	 2636	 0.705138
348.45	 3.16924e+09	 2610	 0.704231
348.41	 3.17054e+09	 2764	 0.705201
348.38	 3.17162e+09	 2914	 0.705524
348.34	 3.16965e+09	 2320	 0.704949
348.3	 3.17168e+09	 5605	 0.702182
348.27	 3.174e+09	 2619	 0.70541
348.23	 3.17433e+09	 4374	 0.704318
348.2	 3.17274e+09	 2768	 0.703596
348.16	 3.1755e+09	 2658	 0.704875
348.12	 3.1748e+09	 2569	 0.706824
348.09	 3.1745e+09	 2439	 0.704197
348.05	 3.17489e+09	 2840	 0.706557
348.02	 3.17425e+09	 2483	 0.704893
347.98	 3.17152e+09	 2566	 0.704357
347.94	 3.1718e+09	 2593	 0.702823
347.91	 3.16983e+09	 2495	 0.705194
347.87	 3.16932e+09	 2316	 0.70587
347.83	 3.17024e+09	 2519	 0.705405
347.8	 3.17284e+09	 2500	 0.705078
347.76	 3.17158e+09	 2453	 0.705086
347.72	 3.17089e+09	 2408	 0.705923
347.69	 3.1715e+09	 2727	 0.70492
347.65	 3.17304e+09	 2493	 0.705906
347.62	 3.17346e+09	 2397	 0.705836
347.58	 3.17389e+09	 2502	 0.705277
347.54	 3.17357e+09	 2594	 0.706416
347.51	 3.1736e+09	 2344	 0.706358
347.47	 3.17401e+09	 2495	 0.705043
347.44	 3.17189e+09	 2418	 0.707048
347.4	 3.17291e+09	 2392	 0.703874
347.37	 3.17231e+09	 2392	 0.704043
347.34	 3.17206e+09	 2376	 0.703166
347.3	 3.17262e+09	 2290	 0.705603
347.27	 3.17358e+09	 2737	 0.705125
347.23	 3.17542e+09	 2397	 0.705947
347.19	 3.17394e+09	 2395	 0.706723
347.16	 3.17347e+09	 2454	 0.704548
347.12	 3.17265e+09	 2404	 0.70574
347.09	 3.17476e+09	 2332	 0.706622
347.06	 3.17365e+09	 3140	 0.704111
347.02	 3.17291e+09	 2506	 0.703752
346.99	 3.17199e+09	 2547	 0.706078
346.95	 3.17219e+09	 2794	 0.703427
346.92	 3.17221e+09	 2514	 0.705997
346.88	 3.17366e+09	 2473	 0.703932
346.85	 3.17341e+09	 2660	 0.707256
346.82	 3.17273e+09	 2728	 0.705989
346.78	 3.17146e+09	 2757	 0.70419
346.75	 3.17211e+09	 2534	 0.706489
346.71	 3.17274e+09	 2363	 0.70424
346.67	 3.17246e+09	 2565	 0.70653
346.64	 3.17277e+09	 2823	 0.704117
346.61	 3.17341e+09	 2825	 0.706253
346.57	 3.17324e+09	 2499	 0.703233
346.54	 3.17077e+09	 2512	 0.705456
346.5	 3.17296e+09	 2465	 0.703841
346.47	 3.17322e+09	 2502	 0.70224
346.44	 3.1744e+09	 2643	 0.705564
346.4	 3.1746e+09	 2690	 0.703898
346.37	 3.17225e+09	 2396	 0.704239
346.33	 3.17238e+09	 2607	 0.7043
346.3	 3.17356e+09	 2520	 0.703532
346.27	 3.1734e+09	 2315	 0.705804
346.23	 3.17486e+09	 2672	 0.706858
346.2	 3.17229e+09	 2344	 0.705118
346.16	 3.17413e+09	 2509	 0.7054
346.13	 3.17633e+09	 2587	 0.703913
346.1	 3.17646e+09	 2563	 0.704457
346.05	 3.17401e+09	 2491	 0.705304
346.01	 3.17547e+09	 2451	 0.705715
345.99	 3.17317e+09	 2760	 0.703664
345.95	 3.17376e+09	 2505	 0.706273
345.91	 3.17435e+09	 2538	 0.705675
345.88	 3.17477e+09	 2371	 0.705654
345.85	 3.17559e+09	 2579	 0.706308
345.82	 3.1745e+09	 2609	 0.703414
345.78	 3.17422e+09	 2549	 0.704449
345.74	 3.17494e+09	 2625	 0.704912
345.72	 3.1749e+09	 2947	 0.704975
345.68	 3.17358e+09	 2531	 0.706819
345.65	 3.17553e+09	 2532	 0.705133
345.61	 3.17499e+09	 2469	 0.704788
345.58	 3.17384e+09	 2374	 0.704133
345.55	 3.17472e+09	 2391	 0.705463
345.51	 3.17249e+09	 2420	 0.706273
345.48	 3.1736e+09	 2340	 0.704402
345.45	 3.1734e+09	 2637	 0.704831
345.41	 3.17223e+09	 2387	 0.704814
345.38	 3.17395e+09	 2397	 0.704044
345.35	 3.17375e+09	 2243	 0.704765
345.32	 3.17123e+09	 2691	 0.704756
345.28	 3.17294e+09	 2362	 0.706072
345.25	 3.17306e+09	 2517	 0.70532
345.22	 3.17188e+09	 5247	 0.703115
345.18	 3.17048e+09	 2433	 0.704439
345.15	 3.1697e+09	 2586	 0.705728
345.12	 3.17183e+09	 2452	 0.703849
345.08	 3.17091e+09	 2449	 0.705252
345.06	 3.1713e+09	 2599	 0.704802
345.02	 3.17097e+09	 2703	 0.706863
344.99	 3.17173e+09	 2358	 0.705757
344.95	 3.1727e+09	 2440	 0.705489
344.92	 3.17295e+09	 2622	 0.704704
344.89	 3.17185e+09	 2291	 0.704316
344.85	 3.17501e+09	 2419	 0.704815
344.83	 3.17282e+09	 2272	 0.705171
344.79	 3.17347e+09	 2401	 0.705655
344.76	 3.17453e+09	 2511	 0.706932
344.73	 3.17334e+09	 2552	 0.705014
344.69	 3.17162e+09	 2595	 0.703722
344.67	 3.17262e+09	 2558	 0.70625
344.63	 3.17274e+09	 2735	 0.704333
344.59	 3.17204e+09	 2265	 0.705876
344.57	 3.1716e+09	 2510	 0.704812
344.53	 3.17064e+09	 2577	 0.706116
344.5	 3.17061e+09	 2335	 0.706019
344.47	 3.17177e+09	 2232	 0.705474
344.43	 3.17424e+09	 2589	 0.705581
344.41	 3.17359e+09	 2378	 0.705277
344.36	 3.17532e+09	 2295	 0.704738
344.33	 3.17401e+09	 2623	 0.705528
344.29	 3.17545e+09	 2429	 0.705657
344.26	 3.17479e+09	 2703	 0.704506
344.23	 3.17575e+09	 2540	 0.705176
344.2	 3.17495e+09	 2527	 0.705826
344.17	 3.17481e+09	 2430	 0.7052
344.13	 3.1733e+09	 2505	 0.704796
344.11	 3.17401e+09	 2293	 0.705654
344.07	 3.17487e+09	 2566	 0.705863
344.04	 3.17408e+09	 2469	 0.705843
344.01	 3.17398e+09	 2773	 0.70615
343.97	 3.17375e+09	 2508	 0.70431
343.71	 3.1751e+09	 2388	 0.705196
343.67	 3.17733e+09	 2370	 0.702562
343.65	 3.17818e+09	 3105	 0.70582
343.61	 3.1765e+09	 2453	 0.704709
343.58	 3.17618e+09	 2549	 0.703549
343.55	 3.1767e+09	 2555	 0.706083
343.52	 3.17799e+09	 2324	 0.703563
343.49	 3.17811e+09	 2777	 0.70557
343.46	 3.17878e+09	 2485	 0.706083
343.42	 3.17738e+09	 2441	 0.70473
343.4	 3.17706e+09	 2745	 0.706747
343.36	 3.17633e+09	 2496	 0.706109
343.34	 3.17242e+09	 2513	 0.705476
343.3	 3.17358e+09	 2759	 0.704766
343.27	 3.17449e+09	 2577	 0.705132
343.24	 3.17473e+09	 2371	 0.705913
343.21	 3.17356e+09	 2257	 0.70629
343.18	 3.17429e+09	 2760	 0.703009
343.15	 3.17359e+09	 2431	 0.704465
343.11	 3.17389e+09	 2323	 0.707191
343.09	 3.17202e+09	 2579	 0.703812
343.05	 3.17216e+09	 2523	 0.707008
343.02	 3.17359e+09	 2593	 0.704708
343	 3.17472e+09	 2464	 0.703202
342.96	 3.17432e+09	 2526	 0.705982
342.93	 3.17482e+09	 2456	 0.705874
342.9	 3.17523e+09	 2621	 0.705026
342.87	 3.17521e+09	 2743	 0.70492
342.84	 3.17516e+09	 2926	 0.702975
342.81	 3.17183e+09	 2663	 0.703376
342.78	 3.17522e+09	 2397	 0.706134
342.75	 3.17539e+09	 2359	 0.704882
342.71	 3.17524e+09	 2519	 0.705666
342.69	 3.17503e+09	 2703	 0.706303
342.65	 3.17453e+09	 2513	 0.705504
342.63	 3.17252e+09	 2349	 0.706346
342.59	 3.17324e+09	 2544	 0.705269
342.56	 3.17353e+09	 2711	 0.704953
342.53	 3.17444e+09	 2503	 0.706007
342.49	 3.17551e+09	 3007	 0.704374
342.46	 3.17566e+09	 2401	 0.705304
342.44	 3.17836e+09	 2676	 0.705284
342.4	 3.17734e+09	 2470	 0.70476
342.38	 3.17566e+09	 2815	 0.705243
342.34	 3.17715e+09	 2624	 0.704141
342.31	 3.17742e+09	 2414	 0.70439
342.28	 3.17607e+09	 2732	 0.70495
342.25	 3.17566e+09	 2421	 0.706109
342.22	 3.17434e+09	 2544	 0.705646
342.19	 3.17529e+09	 2670	 0.704237
342.16	 3.17418e+09	 2589	 0.705141
342.13	 3.17402e+09	 2681	 0.704798
342.1	 3.17537e+09	 2620	 0.705078
342.07	 3.17675e+09	 2583	 0.705138
342.04	 3.17523e+09	 2436	 0.705881
342.02	 3.17354e+09	 2708	 0.704842
342.01	 3.17466e+09	 2422	 0.705217
342.05	 3.17717e+09	 2427	 0.704709
342.15	 3.1771e+09	 2563	 0.703182
342.3	 3.17694e+09	 3138	 0.704274
342.6	 3.17601e+09	 2853	 0.702514
342.92	 3.17729e+09	 2384	 0.70425
343.44	 3.17556e+09	 2874	 0.70351
344.04	 3.17606e+09	 2419	 0.705563
344.52	 3.17672e+09	 2782	 0.70463
345.15	 3.17623e+09	 2449	 0.70498
345.58	 3.17557e+09	 2485	 0.704643
346.1	 3.17864e+09	 3185	 0.704004
346.53	 3.17605e+09	 2523	 0.704515
346.81	 3.17559e+09	 2437	 0.706212
347.13	 3.1773e+09	 4938	 0.702782
347.34	 3.17525e+09	 2722	 0.705166
347.61	 3.17537e+09	 2609	 0.705429
347.89	 3.17666e+09	 2505	 0.704994
348.11	 3.17613e+09	 2435	 0.704287
348.44	 3.17569e+09	 2500	 0.704126
348.71	 3.17672e+09	 2338	 0.704461
349.1	 3.17695e+09	 2689	 0.703989
349.51	 3.17575e+09	 2666	 0.703878
349.83	 3.17466e+09	 2337	 0.703599
350.25	 3.17592e+09	 2529	 0.70447
350.56	 3.17466e+09	 2470	 0.703676
350.96	 3.17577e+09	 2646	 0.706146
351.34	 3.17468e+09	 2536	 0.703095
351.6	 3.17546e+09	 2767	 0.705301
351.94	 3.17331e+09	 2583	 0.703887
352.19	 3.17391e+09	 2495	 0.706106
352.5	 3.17272e+09	 2720	 0.704792
352.82	 3.17288e+09	 2479	 0.705907
353.22	 3.17359e+09	 2707	 0.704587
353.47	 3.17394e+09	 2706	 0.704332
353.8	 3.17385e+09	 2504	 0.7049
354.15	 3.17284e+09	 2697	 0.705184
354.41	 3.17151e+09	 3567	 0.702573
354.77	 3.17213e+09	 2693	 0.703721
355.04	 3.17093e+09	 2620	 0.705705
355.4	 3.17305e+09	 2443	 0.706337
355.74	 3.17208e+09	 2750	 0.70684
356	 3.17525e+09	 4825	 0.703021
356.34	 3.17559e+09	 2977	 0.705192
356.59	 3.1761e+09	 2645	 0.706213
356.93	 3.17633e+09	 3181	 0.704418
357.25	 3.17471e+09	 2901	 0.705345
357.5	 3.17447e+09	 2714	 0.706447
357.83	 3.17373e+09	 2859	 0.704936
358.07	 3.17424e+09	 2528	 0.706018
358.4	 3.17404e+09	 2947	 0.705217
358.74	 3.17457e+09	 2580	 0.70604
358.98	 3.17477e+09	 2967	 0.705065
359.32	 3.17334e+09	 2601	 0.704756
359.58	 3.17524e+09	 2573	 0.70498
359.92	 3.17389e+09	 2655	 0.706301
360.26	 3.17311e+09	 2718	 0.705467
360.51	 3.17443e+09	 2779	 0.706321
360.85	 3.17171e+09	 3001	 0.705351
361.1	 3.17277e+09	 2825	 0.70518
361.43	 3.17223e+09	 2517	 0.705692
361.77	 3.17453e+09	 2588	 0.705222
362.02	 3.17211e+09	 2657	 0.704713
362.34	 3.17255e+09	 2988	 0.704668
362.59	 3.1714e+09	 2699	 0.705835
362.93	 3.17422e+09	 2764	 0.707367
363.25	 3.17337e+09	 2635	 0.705947
363.51	 3.1738e+09	 2595	 0.705801
363.84	 3.17386e+09	 2514	 0.705246
364.17	 3.17705e+09	 2668	 0.70528
364.43	 3.17519e+09	 2935	 0.704795
364.76	 3.1748e+09	 2655	 0.703903
365.01	 3.17317e+09	 2487	 0.704891
365.35	 3.1717e+09	 2562	 0.706649
365.68	 3.17132e+09	 2968	 0.704827
365.93	 3.17012e+09	 2631	 0.70632
366.26	 3.17241e+09	 2807	 0.707104
366.51	 3.17251e+09	 2514	 0.703792
366.84	 3.17187e+09	 2431	 0.704756
367.17	 3.17102e+09	 2697	 0.704685
367.42	 3.17182e+09	 2962	 0.70489
367.76	 3.17173e+09	 2911	 0.703267
368	 3.17206e+09	 2472	 0.705975
368.34	 3.17263e+09	 2715	 0.704492
