Temperature 	 Sum 	  Maxval 	 R 
368.76	 3.17206e+09	 2991	 1
369.09	 3.17338e+09	 2890	 0.744498
369.34	 3.17273e+09	 2902	 0.744265
369.67	 3.1734e+09	 2676	 0.746637
370	 3.17258e+09	 2972	 0.74408
370.26	 3.17428e+09	 2888	 0.745886
370.59	 3.17361e+09	 2872	 0.744219
370.84	 3.17335e+09	 2735	 0.745073
371.17	 3.1756e+09	 2937	 0.744576
371.5	 3.17489e+09	 3003	 0.743936
371.75	 3.17597e+09	 3303	 0.744137
372.09	 3.1754e+09	 3157	 0.744986
372.33	 3.17567e+09	 2964	 0.744323
372.67	 3.17645e+09	 3442	 0.744594
373	 3.17567e+09	 3332	 0.743843
373.25	 3.17451e+09	 3229	 0.742388
373.58	 3.17426e+09	 3293	 0.743065
373.83	 3.17356e+09	 3204	 0.741632
376.33	 3.17501e+09	 3017	 0.744694
376.66	 3.17605e+09	 3523	 0.740258
376.99	 3.17722e+09	 3355	 0.741905
377.24	 3.17664e+09	 3133	 0.741732
377.58	 3.17585e+09	 3654	 0.742617
377.83	 3.17535e+09	 3193	 0.742881
378.16	 3.17737e+09	 3508	 0.742057
378.49	 3.17819e+09	 3394	 0.742762
378.74	 3.1767e+09	 3380	 0.742305
379.07	 3.17814e+09	 3556	 0.743084
379.32	 3.17648e+09	 3000	 0.742503
379.66	 3.17612e+09	 3563	 0.742711
379.99	 3.17421e+09	 3109	 0.741945
380.24	 3.17588e+09	 3401	 0.743274
380.57	 3.17571e+09	 3501	 0.743352
380.82	 3.17707e+09	 3883	 0.741452
381.16	 3.1738e+09	 3095	 0.74318
381.49	 3.17454e+09	 3211	 0.742805
381.74	 3.17618e+09	 3235	 0.743529
382.07	 3.17714e+09	 3289	 0.744153
382.32	 3.17644e+09	 3130	 0.742487
382.65	 3.17546e+09	 3120	 0.743264
382.99	 3.1762e+09	 3473	 0.741956
383.24	 3.17548e+09	 3560	 0.743105
383.57	 3.17591e+09	 2829	 0.743556
383.82	 3.17317e+09	 2855	 0.743498
384.15	 3.1717e+09	 3323	 0.742444
384.49	 3.17151e+09	 3315	 0.741721
384.73	 3.17342e+09	 3278	 0.74214
385.07	 3.17361e+09	 3063	 0.743402
385.32	 3.17376e+09	 3255	 0.742517
385.65	 3.17128e+09	 3414	 0.743584
385.98	 3.17194e+09	 3163	 0.741277
386.4	 3.1739e+09	 3185	 0.742614
386.65	 3.17254e+09	 3080	 0.743894
386.98	 3.17321e+09	 3050	 0.739764
387.23	 3.17364e+09	 3182	 0.742148
387.56	 3.1739e+09	 3247	 0.74243
387.9	 3.17511e+09	 3431	 0.742098
388.14	 3.17412e+09	 2751	 0.743045
388.48	 3.17347e+09	 2975	 0.741865
388.73	 3.17412e+09	 2890	 0.743036
389.06	 3.17565e+09	 2885	 0.741408
389.4	 3.17487e+09	 2925	 0.739903
389.64	 3.17478e+09	 3237	 0.742739
389.98	 3.17387e+09	 2752	 0.741821
390.23	 3.17524e+09	 3202	 0.740816
390.56	 3.17408e+09	 2962	 0.742311
390.89	 3.17467e+09	 2787	 0.742318
391.14	 3.17512e+09	 2743	 0.741114
391.47	 3.17169e+09	 2820	 0.741991
391.72	 3.17074e+09	 2468	 0.741676
392.06	 3.17278e+09	 2556	 0.74251
392.39	 3.17308e+09	 3025	 0.739569
392.64	 3.17218e+09	 2466	 0.739613
392.97	 3.17299e+09	 2812	 0.741933
393.22	 3.17333e+09	 2576	 0.742796
393.55	 3.17395e+09	 3042	 0.742358
393.89	 3.17239e+09	 2574	 0.739358
394.14	 3.17553e+09	 2970	 0.740751
394.47	 3.1753e+09	 2918	 0.742838
394.72	 3.17516e+09	 2747	 0.738645
395.05	 3.17489e+09	 2768	 0.740506
395.38	 3.17471e+09	 2748	 0.742991
395.64	 3.17393e+09	 2887	 0.738633
395.97	 3.17561e+09	 3158	 0.738092
396.22	 3.17504e+09	 2903	 0.741384
396.55	 3.17507e+09	 3291	 0.739923
396.88	 3.17554e+09	 3332	 0.736729
397.13	 3.17442e+09	 3229	 0.739562
397.46	 3.1737e+09	 3183	 0.739569
397.8	 3.17445e+09	 3622	 0.737922
398.05	 3.17532e+09	 3620	 0.739225
398.38	 3.17434e+09	 3543	 0.737936
398.63	 3.1728e+09	 3408	 0.737268
398.96	 3.17334e+09	 4167	 0.73729
399.29	 3.17332e+09	 3295	 0.736558
399.54	 3.17192e+09	 3760	 0.737162
399.87	 3.17221e+09	 3451	 0.738438
400.12	 3.17322e+09	 3780	 0.736
400.46	 3.17313e+09	 3865	 0.736621
400.79	 3.17338e+09	 3597	 0.737331
401.04	 3.17259e+09	 3996	 0.737834
401.38	 3.1731e+09	 6117	 0.734729
401.79	 3.17515e+09	 3750	 0.736333
402.04	 3.17508e+09	 3464	 0.736126
402.37	 3.17483e+09	 3303	 0.734625
402.71	 3.17309e+09	 3500	 0.734739
402.96	 3.17557e+09	 3454	 0.734771
403.29	 3.17627e+09	 4042	 0.73337
403.54	 3.17549e+09	 3778	 0.734007
403.87	 3.17697e+09	 3341	 0.734012
404.2	 3.17808e+09	 3651	 0.730812
404.45	 3.17884e+09	 3445	 0.731113
404.79	 3.17838e+09	 3347	 0.732975
405.03	 3.17883e+09	 3534	 0.730444
405.37	 3.17793e+09	 3519	 0.729567
405.7	 3.17692e+09	 3422	 0.727938
405.95	 3.17894e+09	 3534	 0.726778
406.29	 3.17877e+09	 3334	 0.726906
406.54	 3.17907e+09	 3244	 0.723005
406.87	 3.17775e+09	 3221	 0.725145
407.2	 3.17631e+09	 3475	 0.721796
407.45	 3.17733e+09	 3567	 0.72125
407.78	 3.17837e+09	 3451	 0.719958
408.03	 3.1782e+09	 3751	 0.722372
408.37	 3.17748e+09	 3617	 0.719227
408.7	 3.17793e+09	 4057	 0.718226
408.95	 3.17652e+09	 3625	 0.717545
409.28	 3.17406e+09	 4246	 0.712686
409.53	 3.17592e+09	 4098	 0.713315
409.87	 3.17646e+09	 3797	 0.714911
410.2	 3.179e+09	 4122	 0.713477
410.45	 3.18065e+09	 4298	 0.708586
410.78	 3.17667e+09	 4778	 0.708021
411.03	 3.17782e+09	 4261	 0.709283
411.36	 3.17818e+09	 4332	 0.707807
411.69	 3.17905e+09	 4397	 0.706294
411.94	 3.17776e+09	 4532	 0.709637
412.27	 3.17848e+09	 5417	 0.701418
412.52	 3.1793e+09	 4883	 0.704955
412.86	 3.17903e+09	 4788	 0.706268
413.19	 3.17762e+09	 5027	 0.705151
413.44	 3.17863e+09	 4760	 0.705687
413.77	 3.17891e+09	 5045	 0.704751
414.02	 3.17891e+09	 4772	 0.702083
414.36	 3.18149e+09	 4361	 0.705338
414.69	 3.17911e+09	 4665	 0.705135
414.94	 3.18087e+09	 4784	 0.703564
415.27	 3.18034e+09	 5200	 0.7047
415.6	 3.17939e+09	 4959	 0.705465
415.85	 3.17884e+09	 4749	 0.703892
416.18	 3.17806e+09	 4613	 0.70315
416.43	 3.1793e+09	 4630	 0.706004
416.77	 3.18113e+09	 5117	 0.705041
418.85	 3.1819e+09	 3472	 0.711097
419.16	 3.18363e+09	 4208	 0.705831
419.39	 3.18328e+09	 4146	 0.707213
419.48	 3.18421e+09	 3816	 0.709425
419.5	 3.1828e+09	 4763	 0.704593
419.42	 3.18354e+09	 3641	 0.709851
419.32	 3.1826e+09	 4385	 0.709794
419.16	 3.18329e+09	 3956	 0.708339
419.03	 3.18227e+09	 4189	 0.706392
418.85	 3.18415e+09	 3849	 0.71134
418.71	 3.18287e+09	 4175	 0.707549
418.53	 3.18304e+09	 4007	 0.711185
418.36	 3.18386e+09	 3787	 0.70914
418.23	 3.18259e+09	 3978	 0.708665
418.06	 3.1813e+09	 4343	 0.709945
417.9	 3.17886e+09	 4288	 0.709227
417.79	 3.18137e+09	 4290	 0.708098
416.57	 3.18096e+09	 4017	 0.707078
416.46	 3.18253e+09	 4352	 0.710593
416.31	 3.18233e+09	 4313	 0.707128
416.2	 3.18006e+09	 4597	 0.706603
416.05	 3.18021e+09	 4830	 0.7056
415.94	 3.18161e+09	 4788	 0.704571
415.79	 3.18023e+09	 4488	 0.706584
415.64	 3.17988e+09	 4153	 0.706946
415.53	 3.18016e+09	 4496	 0.706169
415.38	 3.18049e+09	 4440	 0.70482
415.27	 3.18057e+09	 4653	 0.706311
415.12	 3.1806e+09	 4056	 0.707581
414.98	 3.18036e+09	 4523	 0.707439
414.86	 3.18206e+09	 4624	 0.705401
414.72	 3.1817e+09	 4257	 0.707749
414.61	 3.18117e+09	 5052	 0.705545
414.46	 3.18309e+09	 4964	 0.705417
414.31	 3.17931e+09	 4657	 0.706188
414.2	 3.18121e+09	 5059	 0.704222
414.06	 3.18258e+09	 4424	 0.703121
413.91	 3.18098e+09	 5095	 0.706302
413.8	 3.18025e+09	 4792	 0.704112
413.65	 3.18089e+09	 4534	 0.705591
413.55	 3.18174e+09	 4603	 0.705705
413.4	 3.18316e+09	 5371	 0.706122
413.29	 3.18281e+09	 4773	 0.705314
413.15	 3.18215e+09	 4790	 0.703103
413	 3.18193e+09	 4583	 0.702974
412.89	 3.18139e+09	 4590	 0.704722
412.75	 3.18051e+09	 5134	 0.705242
412.6	 3.18062e+09	 4552	 0.703724
412.49	 3.18016e+09	 4924	 0.70413
412.35	 3.17955e+09	 4637	 0.707614
412.24	 3.17828e+09	 4535	 0.704148
412.07	 3.17794e+09	 10618	 0.701403
411.92	 3.18056e+09	 4277	 0.708974
411.78	 3.18094e+09	 4055	 0.709288
411.67	 3.17901e+09	 4739	 0.703786
411.53	 3.18045e+09	 4515	 0.704904
411.42	 3.18004e+09	 4646	 0.704721
411.28	 3.17983e+09	 4972	 0.705692
411.14	 3.17909e+09	 4165	 0.70797
411.03	 3.17763e+09	 4184	 0.706388
410.9	 3.17939e+09	 4333	 0.70898
410.79	 3.1813e+09	 4374	 0.706128
410.65	 3.1793e+09	 4721	 0.702915
410.51	 3.17856e+09	 4890	 0.704606
410.41	 3.18088e+09	 4343	 0.706067
410.27	 3.18074e+09	 4741	 0.702358
410.16	 3.17975e+09	 4686	 0.706394
410.02	 3.1781e+09	 4259	 0.704633
409.89	 3.17938e+09	 4495	 0.704975
409.78	 3.17915e+09	 4723	 0.704983
409.64	 3.17931e+09	 4390	 0.704552
409.54	 3.17952e+09	 4097	 0.708051
409.4	 3.18054e+09	 4947	 0.707066
409.26	 3.1801e+09	 4483	 0.705966
409.16	 3.17935e+09	 4548	 0.706578
409.03	 3.17793e+09	 4179	 0.709117
408.92	 3.18037e+09	 4577	 0.704807
408.79	 3.17978e+09	 4495	 0.707911
408.65	 3.17932e+09	 4118	 0.709112
408.55	 3.17795e+09	 4268	 0.710725
408.41	 3.1785e+09	 4040	 0.707736
408.31	 3.17714e+09	 4536	 0.710083
408.18	 3.17692e+09	 3693	 0.710789
408.04	 3.17879e+09	 4951	 0.707848
407.94	 3.17815e+09	 3966	 0.708537
407.81	 3.17814e+09	 4077	 0.708195
407.71	 3.17802e+09	 4016	 0.707553
407.57	 3.17811e+09	 4269	 0.707634
407.44	 3.17751e+09	 4153	 0.708853
407.34	 3.17673e+09	 4171	 0.709208
407.21	 3.17597e+09	 4521	 0.70911
407.11	 3.17809e+09	 4336	 0.708905
406.98	 3.17649e+09	 4119	 0.712461
406.85	 3.17506e+09	 4308	 0.709831
406.75	 3.17723e+09	 4202	 0.710842
406.61	 3.17688e+09	 3960	 0.712818
406.49	 3.17597e+09	 3904	 0.713219
406.39	 3.17511e+09	 3724	 0.714766
406.26	 3.17748e+09	 4049	 0.711383
406.16	 3.17801e+09	 3812	 0.714612
406.03	 3.17756e+09	 4211	 0.712719
405.9	 3.17719e+09	 4305	 0.713927
405.77	 3.17612e+09	 3861	 0.714614
405.64	 3.17674e+09	 3863	 0.712864
405.52	 3.17461e+09	 3761	 0.71558
405.42	 3.17646e+09	 3542	 0.715332
405.29	 3.17702e+09	 3691	 0.716358
405.2	 3.1766e+09	 3751	 0.714073
405.07	 3.17405e+09	 3900	 0.716436
404.94	 3.17405e+09	 3736	 0.716929
404.85	 3.1759e+09	 3439	 0.717696
404.72	 3.17651e+09	 3649	 0.71619
404.62	 3.17729e+09	 3265	 0.718699
404.5	 3.17762e+09	 3626	 0.716712
404.37	 3.17595e+09	 3742	 0.714899
404.28	 3.17624e+09	 3774	 0.715987
404.15	 3.17606e+09	 3362	 0.717415
404.06	 3.17349e+09	 3483	 0.719231
403.93	 3.1745e+09	 3489	 0.720706
403.81	 3.17546e+09	 3377	 0.719361
403.71	 3.17517e+09	 3792	 0.717008
403.59	 3.17575e+09	 3631	 0.718034
403.5	 3.17431e+09	 3314	 0.72147
403.37	 3.17591e+09	 3269	 0.721212
403.25	 3.1763e+09	 3632	 0.720515
403.15	 3.17674e+09	 3044	 0.723148
403.03	 3.17736e+09	 3273	 0.720959
402.94	 3.17663e+09	 3158	 0.721131
402.82	 3.17736e+09	 3232	 0.722486
402.7	 3.17776e+09	 3391	 0.723136
402.6	 3.1776e+09	 2888	 0.722373
402.48	 3.17749e+09	 3056	 0.722529
402.36	 3.17624e+09	 2932	 0.725457
402.27	 3.178e+09	 2873	 0.724423
402.15	 3.17729e+09	 2966	 0.724679
402.05	 3.17839e+09	 3087	 0.724852
401.93	 3.17784e+09	 2754	 0.726025
401.81	 3.17855e+09	 2887	 0.727676
401.72	 3.17752e+09	 3032	 0.72616
401.6	 3.17793e+09	 2493	 0.727114
401.51	 3.1775e+09	 3090	 0.725234
401.39	 3.17807e+09	 3190	 0.727182
401.27	 3.17792e+09	 2729	 0.726597
401.18	 3.1767e+09	 2959	 0.728111
401.06	 3.17749e+09	 2797	 0.728162
400.97	 3.178e+09	 2860	 0.728181
400.85	 3.17715e+09	 2784	 0.729299
400.73	 3.17643e+09	 2760	 0.729192
400.65	 3.17773e+09	 2601	 0.729211
400.53	 3.17727e+09	 2875	 0.728749
400.44	 3.17722e+09	 3048	 0.728655
400.32	 3.17787e+09	 3757	 0.728262
400.2	 3.17743e+09	 2791	 0.731293
400.05	 3.17839e+09	 2580	 0.731793
399.97	 3.17848e+09	 2810	 0.728074
399.85	 3.17802e+09	 2763	 0.729641
399.76	 3.17794e+09	 2767	 0.729297
399.65	 3.17894e+09	 2632	 0.728175
399.53	 3.17811e+09	 2594	 0.728143
399.44	 3.17649e+09	 2709	 0.730779
399.33	 3.17738e+09	 2753	 0.730592
399.24	 3.17598e+09	 2956	 0.733794
399.13	 3.17472e+09	 2613	 0.729405
399.01	 3.17359e+09	 2936	 0.732324
398.92	 3.17219e+09	 2567	 0.734263
398.81	 3.17113e+09	 2548	 0.73142
398.72	 3.17561e+09	 3009	 0.732289
398.6	 3.17472e+09	 2638	 0.732378
398.49	 3.17477e+09	 2597	 0.732727
398.41	 3.17556e+09	 2848	 0.735634
398.29	 3.17442e+09	 2803	 0.733104
398.21	 3.17382e+09	 2818	 0.733318
398.09	 3.1751e+09	 2949	 0.734951
397.98	 3.17559e+09	 2768	 0.734305
397.89	 3.176e+09	 2993	 0.735289
397.05	 3.17554e+09	 2878	 0.736189
396.97	 3.17571e+09	 3158	 0.734987
396.86	 3.17552e+09	 2956	 0.734511
396.77	 3.1754e+09	 2878	 0.734973
396.66	 3.175e+09	 2719	 0.736588
396.55	 3.17418e+09	 3086	 0.736035
396.47	 3.17501e+09	 2968	 0.735674
396.36	 3.1754e+09	 3188	 0.737442
396.28	 3.17579e+09	 3124	 0.736985
396.17	 3.1781e+09	 2912	 0.738003
396.05	 3.17561e+09	 3139	 0.73575
395.97	 3.17572e+09	 2673	 0.735389
395.86	 3.17284e+09	 2625	 0.736657
395.78	 3.17295e+09	 2896	 0.735987
395.67	 3.17179e+09	 3235	 0.738335
395.56	 3.17103e+09	 2888	 0.738477
395.48	 3.17347e+09	 2766	 0.737327
395.37	 3.17443e+09	 2823	 0.737407
395.29	 3.17127e+09	 2982	 0.73824
395.18	 3.17041e+09	 2831	 0.737667
395.08	 3.17349e+09	 3422	 0.739475
394.99	 3.17327e+09	 3038	 0.737094
394.89	 3.17503e+09	 2726	 0.73709
394.81	 3.17388e+09	 2799	 0.738083
394.7	 3.17376e+09	 3138	 0.738323
394.59	 3.1742e+09	 2968	 0.737357
394.51	 3.17476e+09	 3205	 0.739705
394.4	 3.17146e+09	 2591	 0.737138
394.33	 3.17243e+09	 2751	 0.737951
394.16	 3.1707e+09	 3056	 0.738278
394.09	 3.17139e+09	 3117	 0.738142
393.98	 3.17043e+09	 2827	 0.737881
393.9	 3.16974e+09	 3305	 0.736818
393.79	 3.17099e+09	 2887	 0.738338
393.69	 3.17011e+09	 2980	 0.737906
393.61	 3.17165e+09	 2922	 0.738268
393.5	 3.17275e+09	 2522	 0.738674
393.43	 3.17048e+09	 2934	 0.739496
393.32	 3.17047e+09	 3239	 0.738423
393.22	 3.17061e+09	 2843	 0.73962
393.14	 3.17208e+09	 2907	 0.738235
393.03	 3.17382e+09	 4871	 0.737558
392.96	 3.17157e+09	 2709	 0.740448
392.85	 3.17153e+09	 3219	 0.740076
392.75	 3.16956e+09	 3008	 0.739252
392.67	 3.17197e+09	 2814	 0.738588
392.57	 3.17097e+09	 2735	 0.740055
392.49	 3.17192e+09	 2567	 0.739469
392.39	 3.17284e+09	 2900	 0.737316
392.29	 3.1755e+09	 2978	 0.738388
392.21	 3.17404e+09	 2878	 0.740401
392.1	 3.17316e+09	 2595	 0.738048
392.02	 3.17471e+09	 2915	 0.738609
391.92	 3.17284e+09	 3043	 0.739431
391.82	 3.17329e+09	 2526	 0.739131
391.74	 3.17375e+09	 2662	 0.74104
391.64	 3.1725e+09	 2653	 0.739916
391.57	 3.1744e+09	 3132	 0.740102
391.47	 3.17324e+09	 2891	 0.738693
391.37	 3.17348e+09	 2556	 0.739729
391.29	 3.17038e+09	 2985	 0.738767
391.19	 3.17073e+09	 2772	 0.739379
391.11	 3.17175e+09	 2858	 0.739567
391.01	 3.17286e+09	 2459	 0.738782
390.91	 3.17133e+09	 2800	 0.740943
390.84	 3.17061e+09	 3003	 0.740033
390.74	 3.17067e+09	 2758	 0.738849
390.66	 3.1722e+09	 2698	 0.739938
390.56	 3.17417e+09	 2690	 0.740266
390.46	 3.17627e+09	 2569	 0.739891
390.39	 3.17411e+09	 2761	 0.740601
390.29	 3.17419e+09	 2496	 0.738722
390.19	 3.17177e+09	 2753	 0.738641
390.11	 3.17444e+09	 3015	 0.738927
390.01	 3.1739e+09	 2590	 0.74045
389.94	 3.17252e+09	 2661	 0.739129
389.84	 3.17402e+09	 2323	 0.740143
389.74	 3.17501e+09	 2609	 0.739473
389.67	 3.17232e+09	 2759	 0.739122
389.57	 3.17415e+09	 2377	 0.738496
389.45	 3.17277e+09	 2789	 0.739107
389.37	 3.17217e+09	 2702	 0.7396
389.28	 3.17278e+09	 2542	 0.740809
389.21	 3.17404e+09	 2864	 0.740213
389.11	 3.17259e+09	 2400	 0.73876
389.01	 3.1717e+09	 2490	 0.738856
388.94	 3.17183e+09	 2686	 0.73757
388.84	 3.17214e+09	 2504	 0.739861
388.77	 3.16968e+09	 2667	 0.739441
388.67	 3.17126e+09	 3543	 0.741228
388.58	 3.1717e+09	 2244	 0.736591
388.51	 3.17096e+09	 2419	 0.739472
388.41	 3.17129e+09	 2529	 0.741031
388.33	 3.17156e+09	 2718	 0.739206
388.24	 3.17183e+09	 2965	 0.740148
388.14	 3.17265e+09	 2403	 0.738758
388.07	 3.17338e+09	 2549	 0.739181
387.98	 3.17453e+09	 2624	 0.740812
387.9	 3.17321e+09	 2791	 0.740794
387.81	 3.17219e+09	 2418	 0.74061
387.71	 3.17349e+09	 11592	 0.73109
387.64	 3.17323e+09	 2808	 0.739846
387.55	 3.17402e+09	 2443	 0.738648
387.48	 3.17275e+09	 2193	 0.739846
387.38	 3.17225e+09	 2562	 0.738894
387.29	 3.17119e+09	 2265	 0.740344
387.22	 3.17306e+09	 3650	 0.739555
387.12	 3.17033e+09	 2296	 0.739868
387.05	 3.17113e+09	 2557	 0.740849
386.96	 3.17143e+09	 2440	 0.740696
386.87	 3.17024e+09	 2263	 0.740125
386.8	 3.17158e+09	 2930	 0.740579
386.7	 3.17214e+09	 2412	 0.741789
386.61	 3.17423e+09	 2675	 0.739913
386.54	 3.17349e+09	 2284	 0.738856
386.45	 3.17169e+09	 2361	 0.737884
386.38	 3.17234e+09	 2711	 0.739421
386.29	 3.1731e+09	 2408	 0.739554
386.19	 3.17292e+09	 2440	 0.740289
386.12	 3.17152e+09	 2621	 0.740135
386.03	 3.17257e+09	 2529	 0.739337
385.96	 3.17159e+09	 2335	 0.740907
385.87	 3.17354e+09	 2290	 0.740396
385.78	 3.1739e+09	 2162	 0.738724
385.71	 3.17292e+09	 2274	 0.740552
385.62	 3.17372e+09	 2213	 0.740026
385.55	 3.17287e+09	 2408	 0.740276
385.46	 3.17089e+09	 2398	 0.740656
385.37	 3.17236e+09	 2513	 0.741369
385.3	 3.1739e+09	 2200	 0.740555
385.21	 3.17246e+09	 2539	 0.739782
385.1	 3.17454e+09	 2162	 0.739937
385.03	 3.17454e+09	 2378	 0.739528
384.94	 3.17464e+09	 2414	 0.739475
384.87	 3.17502e+09	 3274	 0.74038
384.78	 3.17503e+09	 2292	 0.740083
384.69	 3.17512e+09	 2082	 0.740259
384.62	 3.1766e+09	 2172	 0.740216
384.54	 3.17346e+09	 2347	 0.74004
384.47	 3.17432e+09	 2512	 0.741162
384.38	 3.17375e+09	 2516	 0.740906
384.29	 3.17291e+09	 1937	 0.739432
384.22	 3.17098e+09	 2479	 0.740131
384.13	 3.17151e+09	 2441	 0.73975
384.07	 3.17174e+09	 2300	 0.740888
383.98	 3.173e+09	 2252	 0.740397
383.89	 3.17237e+09	 2304	 0.738315
383.82	 3.17116e+09	 2249	 0.739127
383.73	 3.17143e+09	 2178	 0.740342
383.67	 3.17311e+09	 2436	 0.741161
383.58	 3.17155e+09	 2238	 0.73942
383.49	 3.16999e+09	 2210	 0.739552
383.42	 3.17205e+09	 2164	 0.739425
383.34	 3.17261e+09	 2495	 0.740873
383.27	 3.1718e+09	 2913	 0.740045
383.18	 3.17154e+09	 2210	 0.740516
383.1	 3.17152e+09	 2303	 0.739367
383.03	 3.17067e+09	 2447	 0.740389
382.25	 3.17193e+09	 2344	 0.740749
382.17	 3.17883e+09	 2360	 0.739692
382.1	 3.17779e+09	 2412	 0.739762
382.02	 3.17604e+09	 2444	 0.74004
381.95	 3.17682e+09	 2500	 0.739122
381.87	 3.17667e+09	 2362	 0.739843
381.78	 3.17419e+09	 2424	 0.740289
381.72	 3.17481e+09	 2415	 0.740971
381.63	 3.17405e+09	 2421	 0.739027
381.57	 3.17537e+09	 2445	 0.741097
381.49	 3.17466e+09	 2210	 0.739527
381.4	 3.17473e+09	 2533	 0.740581
381.34	 3.17592e+09	 2369	 0.739255
381.25	 3.17447e+09	 2555	 0.740144
381.19	 3.175e+09	 2425	 0.739495
381.11	 3.17605e+09	 2341	 0.740167
381.02	 3.17377e+09	 2693	 0.739979
380.96	 3.17508e+09	 2377	 0.740428
380.87	 3.17408e+09	 2297	 0.740568
380.79	 3.17486e+09	 2493	 0.741562
380.73	 3.17433e+09	 2536	 0.740666
380.64	 3.17404e+09	 2854	 0.740777
380.58	 3.17508e+09	 2416	 0.740432
380.5	 3.17479e+09	 2700	 0.740078
380.4	 3.17637e+09	 2699	 0.740124
380.31	 3.17653e+09	 2770	 0.740854
380.25	 3.17951e+09	 2464	 0.740208
380.17	 3.17618e+09	 2925	 0.740434
380.11	 3.17628e+09	 2576	 0.740856
380.02	 3.17472e+09	 2358	 0.739455
379.94	 3.1743e+09	 2604	 0.740787
379.88	 3.17298e+09	 2376	 0.740935
379.8	 3.17265e+09	 2765	 0.740244
379.74	 3.17184e+09	 2427	 0.740152
379.66	 3.17316e+09	 2308	 0.740757
379.57	 3.17378e+09	 2459	 0.739866
379.51	 3.17553e+09	 2568	 0.741766
379.43	 3.17581e+09	 2387	 0.74011
379.37	 3.17492e+09	 2623	 0.741272
379.29	 3.17596e+09	 2732	 0.740126
379.21	 3.17362e+09	 2949	 0.742155
379.15	 3.17511e+09	 2626	 0.740252
379.07	 3.17257e+09	 2485	 0.740641
379.01	 3.17386e+09	 2554	 0.740551
378.92	 3.17161e+09	 2774	 0.739555
378.84	 3.1734e+09	 2447	 0.739731
378.78	 3.17273e+09	 2466	 0.740982
378.7	 3.17575e+09	 2576	 0.741023
378.65	 3.17251e+09	 2728	 0.740574
378.56	 3.17391e+09	 2875	 0.740939
378.48	 3.174e+09	 2522	 0.740044
378.42	 3.17309e+09	 2593	 0.740194
378.34	 3.17396e+09	 2848	 0.742146
378.28	 3.17357e+09	 2756	 0.741993
378.2	 3.17482e+09	 2924	 0.74091
378.13	 3.17487e+09	 2749	 0.741011
378.06	 3.17398e+09	 2535	 0.740305
377.99	 3.17363e+09	 2488	 0.739899
377.93	 3.17432e+09	 2643	 0.741534
377.85	 3.176e+09	 2362	 0.741938
377.77	 3.17519e+09	 2666	 0.74073
377.71	 3.17443e+09	 2668	 0.741029
377.63	 3.17339e+09	 2535	 0.741011
377.57	 3.17467e+09	 2950	 0.740863
377.49	 3.17616e+09	 2611	 0.741516
377.42	 3.17599e+09	 2715	 0.740171
377.36	 3.17538e+09	 2657	 0.7404
377.28	 3.17254e+09	 2513	 0.740662
377.2	 3.17127e+09	 2562	 0.74016
377.14	 3.17247e+09	 2571	 0.740122
377.07	 3.17157e+09	 2589	 0.742024
377.01	 3.17171e+09	 2667	 0.740477
376.93	 3.17221e+09	 2834	 0.741045
376.85	 3.17303e+09	 2793	 0.740759
376.8	 3.17317e+09	 2741	 0.740139
376.7	 3.17199e+09	 2722	 0.741395
376.62	 3.17617e+09	 2690	 0.741176
376.56	 3.17561e+09	 2382	 0.740367
376.49	 3.17554e+09	 2703	 0.740318
376.41	 3.17417e+09	 2737	 0.74088
376.35	 3.17466e+09	 2579	 0.739142
376.28	 3.17106e+09	 2334	 0.74018
376.22	 3.17119e+09	 2719	 0.739922
376.14	 3.17183e+09	 2691	 0.740901
376.07	 3.17079e+09	 2639	 0.740383
376.01	 3.17171e+09	 2777	 0.740598
375.93	 3.17064e+09	 2568	 0.74097
375.88	 3.17284e+09	 2686	 0.741877
375.8	 3.17174e+09	 2593	 0.73929
375.72	 3.17394e+09	 2749	 0.741358
375.67	 3.17439e+09	 2801	 0.741542
375.59	 3.17183e+09	 2470	 0.74084
375.54	 3.17007e+09	 2802	 0.740965
375.46	 3.17111e+09	 2598	 0.741376
375.39	 3.16964e+09	 2913	 0.740618
375.33	 3.16972e+09	 2549	 0.741198
375.25	 3.17104e+09	 2444	 0.74243
375.2	 3.17339e+09	 2779	 0.740337
375.12	 3.1728e+09	 2695	 0.740749
375.05	 3.17348e+09	 3004	 0.739942
374.99	 3.17523e+09	 2492	 0.740349
374.92	 3.17487e+09	 2601	 0.740425
374.86	 3.17527e+09	 2447	 0.740895
374.79	 3.17428e+09	 2660	 0.740238
374.71	 3.17248e+09	 2547	 0.740567
374.66	 3.17339e+09	 2575	 0.741308
374.58	 3.17295e+09	 2686	 0.739503
374.51	 3.17041e+09	 2528	 0.740211
374.45	 3.16937e+09	 2848	 0.741297
374.38	 3.1727e+09	 2713	 0.741091
374.33	 3.17324e+09	 2504	 0.740709
374.25	 3.17388e+09	 2788	 0.740417
374.18	 3.17369e+09	 2819	 0.741341
374.12	 3.17112e+09	 2681	 0.741595
374.05	 3.17161e+09	 2506	 0.741119
373.99	 3.17125e+09	 2514	 0.73899
373.92	 3.17305e+09	 2788	 0.740835
373.85	 3.1725e+09	 2877	 0.742558
373.8	 3.17252e+09	 2871	 0.741889
373.72	 3.17428e+09	 2846	 0.741263
373.67	 3.17374e+09	 2872	 0.740932
373.59	 3.17521e+09	 2680	 0.740259
373.52	 3.17481e+09	 2854	 0.739998
373.47	 3.17382e+09	 2501	 0.740607
373.4	 3.17223e+09	 2687	 0.740698
373.34	 3.17045e+09	 2681	 0.74097
373.25	 3.17262e+09	 2707	 0.740688
373.18	 3.17163e+09	 2669	 0.740478
373.13	 3.17452e+09	 2967	 0.740807
373.05	 3.17449e+09	 2692	 0.741612
372.98	 3.17251e+09	 2749	 0.740567
372.93	 3.17327e+09	 2796	 0.741613
372.86	 3.17363e+09	 2661	 0.741242
372.79	 3.17386e+09	 2616	 0.741274
372.73	 3.17511e+09	 2848	 0.740305
372.66	 3.17505e+09	 2633	 0.740561
372.61	 3.17355e+09	 2583	 0.741672
372.54	 3.17363e+09	 2760	 0.740463
372.47	 3.17224e+09	 2585	 0.740272
372.41	 3.17196e+09	 2484	 0.741207
372.34	 3.17199e+09	 2751	 0.741591
372.29	 3.17095e+09	 2661	 0.741303
372.22	 3.17096e+09	 3184	 0.741634
372.15	 3.17042e+09	 2936	 0.740691
372.1	 3.17115e+09	 3337	 0.74092
372.02	 3.17194e+09	 3911	 0.740806
371.97	 3.17339e+09	 2452	 0.74024
371.9	 3.17188e+09	 2703	 0.741091
371.83	 3.17314e+09	 2853	 0.740894
371.78	 3.1744e+09	 2484	 0.740237
371.71	 3.17168e+09	 2671	 0.740312
371.66	 3.17495e+09	 2609	 0.741878
371.59	 3.17498e+09	 2880	 0.742722
371.52	 3.17724e+09	 2559	 0.739866
371.47	 3.17485e+09	 2576	 0.741289
371.4	 3.17598e+09	 2710	 0.740094
371.34	 3.17449e+09	 2593	 0.74162
370.79	 3.17623e+09	 2666	 0.739476
370.72	 3.17754e+09	 2784	 0.741176
370.66	 3.17741e+09	 2989	 0.739721
370.61	 3.17908e+09	 2933	 0.740936
370.54	 3.17916e+09	 2447	 0.741091
370.49	 3.17682e+09	 7069	 0.734233
370.42	 3.17668e+09	 2871	 0.740561
370.35	 3.17764e+09	 3005	 0.739747
370.3	 3.17648e+09	 2800	 0.741157
370.23	 3.17567e+09	 2899	 0.741034
370.18	 3.17682e+09	 2911	 0.740946
370.11	 3.1749e+09	 2713	 0.740721
370.05	 3.17652e+09	 2872	 0.739993
370	 3.17732e+09	 3000	 0.739781
369.93	 3.17511e+09	 2733	 0.740682
369.88	 3.17729e+09	 2818	 0.741058
369.81	 3.17595e+09	 2950	 0.738941
369.74	 3.17781e+09	 2825	 0.74072
369.69	 3.17743e+09	 2704	 0.741154
369.63	 3.17582e+09	 2729	 0.741812
369.54	 3.17621e+09	 2858	 0.741267
369.49	 3.17473e+09	 2773	 0.740693
369.43	 3.17444e+09	 3084	 0.740823
369.36	 3.17392e+09	 2859	 0.739702
369.31	 3.17535e+09	 3111	 0.740776
369.24	 3.176e+09	 2851	 0.741027
369.2	 3.17725e+09	 2667	 0.740886
369.13	 3.17742e+09	 2969	 0.739796
369.06	 3.17534e+09	 2876	 0.739759
369.01	 3.17441e+09	 2961	 0.740331
368.95	 3.17281e+09	 3186	 0.738386
368.9	 3.17255e+09	 3029	 0.739128
368.83	 3.17186e+09	 2693	 0.7405
368.77	 3.17423e+09	 5040	 0.737852
368.72	 3.17469e+09	 2705	 0.740739
368.65	 3.17376e+09	 2725	 0.741813
368.6	 3.17495e+09	 3000	 0.739939
368.54	 3.17508e+09	 2842	 0.740823
368.47	 3.17492e+09	 3115	 0.74025
368.42	 3.17482e+09	 2539	 0.739598
368.36	 3.17482e+09	 3758	 0.738227
368.31	 3.17417e+09	 2731	 0.73943
368.25	 3.1743e+09	 2999	 0.740813
368.18	 3.17494e+09	 2677	 0.740759
368.13	 3.17307e+09	 2788	 0.739925
368.07	 3.17297e+09	 3025	 0.740175
368.02	 3.17393e+09	 2641	 0.739298
367.96	 3.17339e+09	 2823	 0.740115
367.89	 3.17309e+09	 2754	 0.740822
367.84	 3.17412e+09	 3068	 0.739012
367.78	 3.17406e+09	 2974	 0.740873
367.73	 3.1757e+09	 2842	 0.739529
367.67	 3.17513e+09	 3239	 0.740296
367.6	 3.17501e+09	 3115	 0.740534
367.56	 3.17484e+09	 3236	 0.740878
367.49	 3.17656e+09	 3232	 0.740301
367.44	 3.17408e+09	 2807	 0.74059
367.38	 3.17461e+09	 3061	 0.740093
367.32	 3.17499e+09	 2697	 0.740739
367.27	 3.17475e+09	 2715	 0.741559
367.21	 3.17566e+09	 3076	 0.740799
367.14	 3.17755e+09	 2457	 0.740687
367.1	 3.17707e+09	 2898	 0.740385
367.03	 3.17704e+09	 2961	 0.741459
366.99	 3.17452e+09	 2806	 0.740535
366.92	 3.17241e+09	 2481	 0.74056
366.87	 3.17215e+09	 2677	 0.740309
366.81	 3.17263e+09	 2692	 0.740238
366.75	 3.17471e+09	 2825	 0.741616
366.7	 3.17483e+09	 2637	 0.740194
366.64	 3.17472e+09	 2924	 0.740388
366.56	 3.17576e+09	 2936	 0.740714
366.52	 3.17415e+09	 4697	 0.739029
366.45	 3.17487e+09	 2792	 0.739983
366.39	 3.17415e+09	 2615	 0.740771
366.34	 3.17518e+09	 2871	 0.741028
366.28	 3.17421e+09	 2736	 0.739593
366.22	 3.17606e+09	 2822	 0.741407
366.17	 3.17498e+09	 2546	 0.739849
366.11	 3.1759e+09	 7126	 0.735337
366.06	 3.17716e+09	 2533	 0.741192
366	 3.17747e+09	 2775	 0.74011
365.94	 3.17716e+09	 2835	 0.741772
365.89	 3.17741e+09	 3438	 0.739234
365.83	 3.17764e+09	 2619	 0.740952
365.79	 3.17544e+09	 2715	 0.740539
365.73	 3.1753e+09	 2747	 0.740774
365.67	 3.1755e+09	 2777	 0.74074
365.62	 3.17488e+09	 2666	 0.740923
365.56	 3.1755e+09	 2650	 0.741118
365.51	 3.17602e+09	 3037	 0.740622
365.45	 3.17495e+09	 2941	 0.740567
365.39	 3.17486e+09	 2666	 0.740172
365.34	 3.17667e+09	 2420	 0.740465
365.28	 3.17537e+09	 2589	 0.74195
365.24	 3.1745e+09	 2907	 0.741618
365.18	 3.17537e+09	 2512	 0.739765
365.12	 3.17457e+09	 2410	 0.740892
365.07	 3.17551e+09	 2650	 0.740884
365.01	 3.17577e+09	 2615	 0.741822
364.97	 3.17672e+09	 3112	 0.740649
364.91	 3.17691e+09	 2991	 0.740673
364.85	 3.17602e+09	 2934	 0.740944
364.8	 3.17516e+09	 2833	 0.741994
364.74	 3.17634e+09	 2861	 0.740347
364.7	 3.17724e+09	 2426	 0.741644
364.64	 3.17773e+09	 2657	 0.740487
364.58	 3.17548e+09	 2725	 0.740085
364.53	 3.17628e+09	 2742	 0.74039
364.47	 3.17619e+09	 2791	 0.739494
364.43	 3.17682e+09	 2774	 0.742537
364.37	 3.17708e+09	 2628	 0.74274
364.31	 3.17679e+09	 2530	 0.741315
364.26	 3.17703e+09	 2728	 0.741327
364.21	 3.17637e+09	 2625	 0.74019
364.16	 3.17542e+09	 2387	 0.741641
364.1	 3.17513e+09	 2917	 0.741831
364.04	 3.17534e+09	 2902	 0.743767
364	 3.17572e+09	 2837	 0.740318
363.94	 3.17408e+09	 2645	 0.741626
363.9	 3.17731e+09	 2609	 0.742602
363.84	 3.17615e+09	 2633	 0.74123
363.76	 3.17629e+09	 2840	 0.740745
363.71	 3.1776e+09	 2612	 0.740455
363.66	 3.17744e+09	 2413	 0.741604
363.6	 3.17781e+09	 2747	 0.741564
363.54	 3.17683e+09	 2583	 0.741896
363.5	 3.17619e+09	 2385	 0.740709
363.44	 3.1764e+09	 2580	 0.741834
363.4	 3.17664e+09	 2724	 0.74178
363.34	 3.17649e+09	 2814	 0.741882
363.28	 3.17546e+09	 2363	 0.742025
363.24	 3.17663e+09	 2449	 0.741336
363.18	 3.17498e+09	 2694	 0.742414
363.14	 3.17526e+09	 2488	 0.742093
363.08	 3.17609e+09	 2462	 0.742363
363.02	 3.17584e+09	 2878	 0.742217
362.98	 3.17847e+09	 2535	 0.742734
362.92	 3.17843e+09	 2601	 0.742158
362.88	 3.17711e+09	 2355	 0.741846
362.82	 3.17796e+09	 2701	 0.742758
362.76	 3.17786e+09	 2750	 0.74269
362.72	 3.17848e+09	 2377	 0.741365
362.66	 3.17954e+09	 2852	 0.742684
362.62	 3.18019e+09	 2492	 0.742249
362.57	 3.17989e+09	 2513	 0.742198
362.51	 3.17844e+09	 2355	 0.743141
362.47	 3.17927e+09	 2419	 0.743189
362.41	 3.18112e+09	 2830	 0.741615
362.36	 3.17626e+09	 2532	 0.740588
362.31	 3.17802e+09	 2544	 0.742263
362.25	 3.17892e+09	 2410	 0.74298
362.21	 3.17869e+09	 2476	 0.742121
362.15	 3.17832e+09	 2399	 0.742864
362.11	 3.17761e+09	 2552	 0.741642
362.06	 3.17865e+09	 2572	 0.742493
362	 3.17793e+09	 2511	 0.741326
361.59	 3.17759e+09	 2291	 0.743793
361.54	 3.18131e+09	 2369	 0.741284
361.49	 3.18117e+09	 2353	 0.741113
361.44	 3.18128e+09	 2395	 0.741759
361.4	 3.17909e+09	 2717	 0.742674
361.34	 3.18003e+09	 2617	 0.740612
361.29	 3.1791e+09	 2781	 0.740896
361.25	 3.17885e+09	 2615	 0.741442
361.19	 3.17944e+09	 4120	 0.740849
361.15	 3.1778e+09	 2138	 0.741364
361.1	 3.17808e+09	 2458	 0.742551
361.04	 3.17772e+09	 2483	 0.742913
361	 3.17944e+09	 2256	 0.741741
360.94	 3.17883e+09	 2634	 0.742974
360.9	 3.17857e+09	 2541	 0.742265
360.85	 3.17807e+09	 2308	 0.743018
360.78	 3.1782e+09	 2335	 0.741581
360.73	 3.17774e+09	 2549	 0.74168
360.68	 3.18058e+09	 2234	 0.741937
360.63	 3.17936e+09	 2662	 0.740885
360.57	 3.17908e+09	 2702	 0.742585
360.52	 3.17846e+09	 2402	 0.741879
360.48	 3.17927e+09	 2519	 0.741834
360.42	 3.17782e+09	 2411	 0.741071
360.37	 3.17502e+09	 2889	 0.742885
360.33	 3.17511e+09	 2292	 0.742221
360.28	 3.17533e+09	 2662	 0.741866
360.24	 3.17441e+09	 2467	 0.742311
360.18	 3.17471e+09	 2309	 0.742237
360.13	 3.17327e+09	 2442	 0.74242
360.09	 3.17339e+09	 2652	 0.742681
360.03	 3.17461e+09	 2353	 0.741699
359.99	 3.17656e+09	 2510	 0.741618
359.94	 3.17501e+09	 2587	 0.741599
359.89	 3.1767e+09	 2299	 0.742202
359.85	 3.1746e+09	 2424	 0.741887
359.79	 3.17587e+09	 2198	 0.741261
359.75	 3.17705e+09	 2312	 0.741231
359.7	 3.18065e+09	 2362	 0.743567
359.65	 3.17931e+09	 2401	 0.740368
359.61	 3.17567e+09	 2630	 0.741957
359.55	 3.17755e+09	 2622	 0.741346
359.51	 3.1763e+09	 2849	 0.741631
359.46	 3.17671e+09	 2649	 0.741224
359.41	 3.17493e+09	 2423	 0.74184
359.37	 3.17389e+09	 2498	 0.74286
359.32	 3.17627e+09	 2485	 0.740363
359.27	 3.17588e+09	 2335	 0.742298
359.22	 3.17647e+09	 2468	 0.741289
359.17	 3.17676e+09	 2378	 0.740892
359.13	 3.17497e+09	 2598	 0.741357
359.08	 3.17516e+09	 2722	 0.741576
359.03	 3.17653e+09	 2771	 0.742106
358.99	 3.17612e+09	 2244	 0.740071
358.94	 3.17746e+09	 2582	 0.741001
358.9	 3.17794e+09	 2379	 0.740855
358.84	 3.1775e+09	 2669	 0.741367
358.79	 3.17841e+09	 2198	 0.741787
358.75	 3.17786e+09	 2356	 0.739729
358.7	 3.1777e+09	 2644	 0.741247
358.66	 3.17641e+09	 2323	 0.740711
358.61	 3.17687e+09	 2483	 0.741107
358.56	 3.17733e+09	 2410	 0.74107
358.52	 3.17823e+09	 2308	 0.740564
358.47	 3.17816e+09	 2373	 0.740787
358.43	 3.17609e+09	 2413	 0.739933
358.38	 3.17464e+09	 2364	 0.742068
358.31	 3.17696e+09	 2574	 0.740374
358.26	 3.17699e+09	 2508	 0.740001
358.21	 3.17591e+09	 2505	 0.740878
358.17	 3.1775e+09	 2625	 0.739397
358.12	 3.1754e+09	 2495	 0.740965
358.08	 3.17579e+09	 2234	 0.740575
358.03	 3.17407e+09	 2170	 0.740135
357.98	 3.1762e+09	 2459	 0.741089
357.94	 3.17651e+09	 2044	 0.740465
357.89	 3.17561e+09	 2604	 0.741678
357.85	 3.17504e+09	 2225	 0.740045
357.8	 3.17422e+09	 2849	 0.741139
357.75	 3.17518e+09	 2465	 0.741573
357.71	 3.17544e+09	 2455	 0.7396
357.66	 3.1761e+09	 2213	 0.739754
357.62	 3.17524e+09	 2311	 0.741049
357.58	 3.17496e+09	 2661	 0.741306
357.52	 3.17503e+09	 2341	 0.739193
357.49	 3.17531e+09	 2527	 0.740678
357.44	 3.1762e+09	 2711	 0.741161
357.4	 3.17641e+09	 2478	 0.739864
357.35	 3.17612e+09	 2621	 0.740473
357.3	 3.17613e+09	 2225	 0.741695
357.26	 3.17565e+09	 2399	 0.740376
357.21	 3.17485e+09	 2479	 0.740534
357.17	 3.17524e+09	 2636	 0.73904
357.12	 3.17478e+09	 4247	 0.740536
357.07	 3.17534e+09	 2393	 0.739628
357.03	 3.1761e+09	 2221	 0.74077
356.98	 3.17831e+09	 2330	 0.740536
356.94	 3.17639e+09	 2509	 0.738326
356.89	 3.17783e+09	 2452	 0.738889
356.84	 3.17866e+09	 2325	 0.740153
356.81	 3.17666e+09	 2512	 0.739771
356.76	 3.17766e+09	 2735	 0.741115
356.72	 3.17888e+09	 2324	 0.741218
356.67	 3.17858e+09	 2457	 0.741614
356.62	 3.17682e+09	 2370	 0.739141
356.58	 3.17617e+09	 2359	 0.741197
356.53	 3.17694e+09	 2289	 0.739684
356.48	 3.17632e+09	 2423	 0.740777
356.45	 3.17801e+09	 2317	 0.739944
356.4	 3.17668e+09	 2469	 0.74134
356.36	 3.17651e+09	 2254	 0.739699
356.31	 3.17702e+09	 2443	 0.740945
356.26	 3.17559e+09	 2257	 0.741545
356.23	 3.17659e+09	 2488	 0.739749
356.18	 3.17682e+09	 2599	 0.740358
356.14	 3.17597e+09	 2758	 0.740896
356.09	 3.17604e+09	 2441	 0.739452
356.04	 3.1767e+09	 4680	 0.739884
355.99	 3.17729e+09	 2516	 0.740936
355.94	 3.17771e+09	 2412	 0.740643
355.89	 3.18022e+09	 2384	 0.73894
355.86	 3.17687e+09	 2597	 0.741233
355.81	 3.17763e+09	 2463	 0.740317
355.77	 3.17858e+09	 2487	 0.740128
355.73	 3.17787e+09	 2516	 0.739363
355.68	 3.17693e+09	 2352	 0.7411
355.63	 3.17761e+09	 2466	 0.742226
355.59	 3.17697e+09	 2203	 0.741751
355.56	 3.17786e+09	 2351	 0.740506
355.51	 3.17888e+09	 2503	 0.740496
355.46	 3.17753e+09	 2389	 0.740686
355.42	 3.17781e+09	 2438	 0.741775
355.37	 3.17821e+09	 2445	 0.740497
355.34	 3.17867e+09	 2545	 0.741325
355.29	 3.1786e+09	 2501	 0.73895
355.24	 3.1775e+09	 2430	 0.740553
355.21	 3.17816e+09	 2767	 0.740588
355.16	 3.17641e+09	 2440	 0.73975
355.12	 3.17707e+09	 2472	 0.740077
355.08	 3.17554e+09	 2405	 0.741294
355.03	 3.1771e+09	 2721	 0.741073
354.99	 3.17551e+09	 2516	 0.740552
354.94	 3.17552e+09	 2753	 0.741095
354.91	 3.17642e+09	 2646	 0.74002
354.86	 3.17756e+09	 2218	 0.740788
354.81	 3.17684e+09	 2457	 0.740521
354.78	 3.17626e+09	 2627	 0.74021
354.73	 3.17661e+09	 2447	 0.740848
354.68	 3.17641e+09	 2416	 0.739108
354.65	 3.1742e+09	 2282	 0.741245
354.6	 3.17713e+09	 2598	 0.740954
354.57	 3.17577e+09	 2411	 0.741015
354.52	 3.17557e+09	 2657	 0.740207
354.47	 3.17548e+09	 2461	 0.74093
354.44	 3.17721e+09	 2493	 0.740396
354.39	 3.17663e+09	 2601	 0.742092
354.35	 3.17798e+09	 2606	 0.74036
354.31	 3.17787e+09	 2453	 0.741452
353.97	 3.17775e+09	 2378	 0.73883
353.92	 3.17757e+09	 2383	 0.738873
353.89	 3.17777e+09	 4847	 0.736947
353.84	 3.17735e+09	 2239	 0.737865
353.8	 3.17762e+09	 2764	 0.741102
353.76	 3.17814e+09	 2224	 0.739071
353.71	 3.17725e+09	 2394	 0.740491
353.68	 3.17736e+09	 2595	 0.739717
353.64	 3.17372e+09	 2510	 0.740639
353.59	 3.17322e+09	 2802	 0.741754
353.55	 3.17246e+09	 2633	 0.740274
353.5	 3.17446e+09	 2353	 0.73916
353.45	 3.17652e+09	 4282	 0.739385
353.42	 3.17452e+09	 2894	 0.740017
353.37	 3.17737e+09	 2639	 0.73955
353.33	 3.17647e+09	 2417	 0.740319
353.29	 3.17337e+09	 2583	 0.741688
353.25	 3.17462e+09	 3544	 0.739605
353.21	 3.17166e+09	 2412	 0.740807
353.17	 3.17342e+09	 2497	 0.739873
353.12	 3.17503e+09	 2532	 0.741237
353.09	 3.17511e+09	 2391	 0.739724
353.04	 3.1734e+09	 2210	 0.739352
353.01	 3.17339e+09	 2768	 0.740668
352.96	 3.17445e+09	 2493	 0.740607
352.92	 3.17461e+09	 2595	 0.740767
352.88	 3.17504e+09	 2711	 0.741101
352.84	 3.17799e+09	 2329	 0.739856
352.8	 3.17897e+09	 2529	 0.741319
352.76	 3.18022e+09	 2560	 0.741089
352.71	 3.18067e+09	 2372	 0.740103
352.68	 3.1784e+09	 2500	 0.739993
352.64	 3.17686e+09	 2430	 0.740295
352.6	 3.17549e+09	 2713	 0.740588
352.56	 3.17445e+09	 2427	 0.741603
352.51	 3.17517e+09	 2660	 0.740553
352.48	 3.17423e+09	 2738	 0.742306
352.44	 3.17496e+09	 2301	 0.738398
352.4	 3.17424e+09	 2988	 0.741136
352.36	 3.17489e+09	 2361	 0.739557
352.31	 3.17571e+09	 2429	 0.741014
352.28	 3.17616e+09	 4403	 0.740603
352.24	 3.17515e+09	 2392	 0.740091
352.19	 3.17613e+09	 2413	 0.740979
352.16	 3.17675e+09	 2715	 0.739845
352.11	 3.17612e+09	 2205	 0.740939
352.08	 3.17649e+09	 2441	 0.740836
352.04	 3.17469e+09	 2407	 0.738111
351.99	 3.17476e+09	 2510	 0.740987
351.96	 3.17431e+09	 2583	 0.740313
351.92	 3.17407e+09	 2369	 0.741707
351.88	 3.17423e+09	 2777	 0.73779
351.84	 3.17386e+09	 2808	 0.73776
351.79	 3.17419e+09	 2732	 0.741316
351.76	 3.17448e+09	 2552	 0.740182
351.72	 3.17346e+09	 2618	 0.740826
351.69	 3.17321e+09	 2700	 0.741626
351.64	 3.17399e+09	 2685	 0.742646
351.6	 3.17624e+09	 2564	 0.740549
351.57	 3.17447e+09	 2241	 0.740479
351.52	 3.17587e+09	 2341	 0.740932
351.49	 3.17282e+09	 2760	 0.739067
351.43	 3.17509e+09	 2632	 0.741487
351.39	 3.17507e+09	 2692	 0.741328
351.36	 3.17623e+09	 2320	 0.744208
351.31	 3.17438e+09	 2671	 0.73966
351.27	 3.17624e+09	 2574	 0.742962
351.24	 3.17682e+09	 2455	 0.73865
351.2	 3.17364e+09	 2406	 0.741608
351.16	 3.17323e+09	 2311	 0.740377
351.12	 3.17526e+09	 2441	 0.740542
351.08	 3.17681e+09	 3190	 0.74157
351.05	 3.17872e+09	 2390	 0.740957
351	 3.17847e+09	 2407	 0.740572
350.97	 3.1777e+09	 2636	 0.741179
350.93	 3.17882e+09	 2411	 0.740688
350.89	 3.17679e+09	 2665	 0.741257
350.85	 3.17701e+09	 2357	 0.740382
350.81	 3.1774e+09	 2287	 0.740508
350.78	 3.17705e+09	 2429	 0.740588
350.74	 3.17756e+09	 2360	 0.741226
350.69	 3.17796e+09	 2486	 0.741944
350.66	 3.17692e+09	 2301	 0.74247
350.62	 3.17837e+09	 2425	 0.741234
350.58	 3.17904e+09	 2691	 0.741287
350.54	 3.17939e+09	 2572	 0.740512
350.5	 3.1783e+09	 2758	 0.740384
350.47	 3.17789e+09	 2609	 0.741096
350.43	 3.177e+09	 2434	 0.741845
350.39	 3.17773e+09	 2640	 0.740669
350.35	 3.17715e+09	 2680	 0.74043
350.31	 3.17797e+09	 2183	 0.740544
350.28	 3.17762e+09	 2581	 0.741405
350.24	 3.17668e+09	 2801	 0.74126
350.2	 3.17633e+09	 2487	 0.740407
350.17	 3.17463e+09	 2371	 0.740628
350.12	 3.17597e+09	 2450	 0.739768
350.09	 3.177e+09	 2390	 0.741275
350.05	 3.17969e+09	 2507	 0.742294
350.01	 3.17977e+09	 2531	 0.741447
349.98	 3.17861e+09	 2467	 0.741584
349.94	 3.17874e+09	 2490	 0.737603
349.9	 3.17776e+09	 2569	 0.742147
349.86	 3.17712e+09	 2434	 0.740879
349.82	 3.17723e+09	 2742	 0.741061
349.79	 3.17636e+09	 2349	 0.74273
349.75	 3.17675e+09	 2661	 0.743411
349.72	 3.17847e+09	 2673	 0.740501
349.68	 3.17745e+09	 2743	 0.74168
349.63	 3.17841e+09	 2405	 0.741265
349.6	 3.17901e+09	 2347	 0.740456
349.56	 3.17704e+09	 2288	 0.740709
349.53	 3.17529e+09	 2280	 0.739693
349.47	 3.17827e+09	 2286	 0.741387
349.44	 3.17813e+09	 2418	 0.740495
349.4	 3.17987e+09	 2450	 0.740524
349.37	 3.1782e+09	 2371	 0.740464
349.33	 3.17897e+09	 2481	 0.739846
349.28	 3.17855e+09	 2567	 0.740134
349.26	 3.17691e+09	 2446	 0.74039
349.21	 3.17987e+09	 2596	 0.741568
349.18	 3.17844e+09	 2355	 0.739619
349.14	 3.17874e+09	 2268	 0.74092
349.1	 3.1782e+09	 2394	 0.741925
349.07	 3.17875e+09	 2346	 0.740011
349.03	 3.17902e+09	 2465	 0.740351
349	 3.17864e+09	 2394	 0.741701
348.96	 3.17848e+09	 11158	 0.733798
348.92	 3.17759e+09	 2295	 0.74088
348.89	 3.17831e+09	 2517	 0.741101
348.85	 3.17712e+09	 3667	 0.739653
348.82	 3.17803e+09	 2375	 0.740497
348.78	 3.17729e+09	 2577	 0.741214
348.74	 3.17796e+09	 2658	 0.741301
348.71	 3.17762e+09	 2298	 0.739976
348.67	 3.1785e+09	 2407	 0.740855
348.64	 3.17716e+09	 2451	 0.740746
348.6	 3.17596e+09	 2393	 0.741856
348.56	 3.1777e+09	 2495	 0.739456
348.53	 3.17824e+09	 2350	 0.7419
348.49	 3.17948e+09	 2613	 0.742548
348.46	 3.17769e+09	 2515	 0.739819
348.42	 3.17865e+09	 2315	 0.74019
348.38	 3.17725e+09	 2419	 0.73954
348.35	 3.17623e+09	 2617	 0.739912
348.31	 3.17719e+09	 2294	 0.7399
348.27	 3.17659e+09	 2643	 0.740936
348.24	 3.17667e+09	 2791	 0.742745
348.2	 3.17829e+09	 2272	 0.739523
348.17	 3.17756e+09	 2161	 0.7413
348.13	 3.17668e+09	 2495	 0.740783
348.09	 3.17815e+09	 2622	 0.740796
348.06	 3.17657e+09	 2514	 0.741384
348.02	 3.17569e+09	 2376	 0.740763
347.99	 3.17498e+09	 2367	 0.740727
347.95	 3.17536e+09	 2423	 0.740549
347.91	 3.17458e+09	 2595	 0.741753
347.88	 3.17521e+09	 2374	 0.740914
347.58	 3.17645e+09	 2265	 0.741325
347.55	 3.17871e+09	 2679	 0.73916
347.51	 3.17927e+09	 2581	 0.739569
347.47	 3.17732e+09	 2605	 0.7413
347.44	 3.17721e+09	 2584	 0.739845
347.4	 3.17724e+09	 2359	 0.741237
347.35	 3.1771e+09	 2519	 0.741642
347.33	 3.17869e+09	 2672	 0.740173
347.29	 3.17791e+09	 2469	 0.740636
347.25	 3.17767e+09	 2456	 0.741165
347.22	 3.17773e+09	 2204	 0.741142
347.18	 3.17864e+09	 2453	 0.740081
347.15	 3.17803e+09	 2368	 0.74098
347.11	 3.17925e+09	 2325	 0.739961
347.07	 3.17771e+09	 2355	 0.741941
347.05	 3.17679e+09	 2275	 0.740814
347.01	 3.17785e+09	 2425	 0.741655
346.98	 3.17947e+09	 2734	 0.741668
346.94	 3.17662e+09	 25291	 0.675325
346.9	 3.17569e+09	 2378	 0.740526
346.87	 3.17691e+09	 2352	 0.741992
346.83	 3.17766e+09	 2199	 0.741004
346.81	 3.17643e+09	 2377	 0.741727
346.77	 3.17812e+09	 2421	 0.74107
346.73	 3.17796e+09	 2391	 0.74122
346.7	 3.1768e+09	 2440	 0.740898
346.66	 3.1759e+09	 2606	 0.741574
346.63	 3.1775e+09	 2701	 0.741534
346.6	 3.17815e+09	 2252	 0.741126
346.56	 3.17685e+09	 2494	 0.742447
346.53	 3.17651e+09	 2308	 0.740591
346.49	 3.17643e+09	 5254	 0.738388
346.46	 3.17512e+09	 2396	 0.740703
346.43	 3.17589e+09	 2422	 0.741911
346.39	 3.17728e+09	 2148	 0.739534
346.36	 3.1757e+09	 2335	 0.739666
346.32	 3.17582e+09	 3345	 0.740437
346.29	 3.17446e+09	 2584	 0.741652
346.26	 3.17602e+09	 2455	 0.740319
346.22	 3.17493e+09	 2473	 0.741405
346.19	 3.17507e+09	 2362	 0.742214
346.15	 3.17544e+09	 2551	 0.74141
346.13	 3.17625e+09	 2513	 0.74198
346.09	 3.17498e+09	 2723	 0.741602
346.05	 3.17432e+09	 2586	 0.740189
346.02	 3.17347e+09	 2360	 0.741953
345.99	 3.17498e+09	 2333	 0.739681
345.96	 3.172e+09	 2464	 0.740636
345.92	 3.17228e+09	 2412	 0.740845
345.88	 3.17433e+09	 2432	 0.739725
345.86	 3.17363e+09	 2456	 0.740288
345.82	 3.17484e+09	 5549	 0.740568
345.78	 3.17481e+09	 2515	 0.74161
345.75	 3.17462e+09	 2507	 0.740449
345.72	 3.17426e+09	 2969	 0.740289
345.69	 3.17305e+09	 2327	 0.741243
345.65	 3.17337e+09	 2305	 0.74056
345.6	 3.17567e+09	 2513	 0.741767
345.57	 3.17712e+09	 2551	 0.740387
345.53	 3.17842e+09	 2526	 0.740896
345.51	 3.1751e+09	 2256	 0.739626
345.47	 3.17681e+09	 2501	 0.740831
345.44	 3.17836e+09	 2386	 0.741928
345.4	 3.17751e+09	 2515	 0.74121
345.37	 3.17819e+09	 5218	 0.739721
345.34	 3.17869e+09	 2194	 0.741792
345.3	 3.17789e+09	 2660	 0.742019
345.28	 3.1778e+09	 2583	 0.740835
345.24	 3.17835e+09	 2205	 0.74058
345.2	 3.17884e+09	 2323	 0.740508
345.17	 3.17595e+09	 2687	 0.740438
345.14	 3.17602e+09	 2552	 0.742196
345.11	 3.1759e+09	 2396	 0.739986
345.08	 3.17534e+09	 2363	 0.740503
345.04	 3.17424e+09	 2304	 0.740834
345.01	 3.1723e+09	 2553	 0.741052
344.97	 3.17241e+09	 2361	 0.741263
344.95	 3.17263e+09	 2592	 0.741057
344.91	 3.17504e+09	 2441	 0.741475
344.88	 3.17534e+09	 2385	 0.740592
344.85	 3.17464e+09	 2355	 0.738748
344.81	 3.17366e+09	 2432	 0.741735
344.78	 3.17455e+09	 2795	 0.741347
344.75	 3.17472e+09	 2436	 0.741724
344.72	 3.17339e+09	 2409	 0.741033
344.69	 3.17494e+09	 2487	 0.741267
344.65	 3.17341e+09	 2225	 0.741433
344.62	 3.17498e+09	 2546	 0.742244
344.59	 3.17524e+09	 2350	 0.740965
344.55	 3.17614e+09	 2225	 0.740547
344.53	 3.17569e+09	 2589	 0.741419
344.49	 3.17529e+09	 2347	 0.741604
344.45	 3.17171e+09	 2558	 0.74182
344.43	 3.17311e+09	 2162	 0.740452
344.39	 3.17266e+09	 2709	 0.740962
344.37	 3.17419e+09	 2481	 0.740577
344.33	 3.17408e+09	 2647	 0.740816
344.29	 3.17212e+09	 2358	 0.74176
344.27	 3.17304e+09	 2435	 0.740899
344.23	 3.17247e+09	 2367	 0.740746
344.21	 3.17477e+09	 2586	 0.741179
344.17	 3.17467e+09	 2418	 0.740825
344.14	 3.17421e+09	 2278	 0.740542
344.11	 3.17511e+09	 2246	 0.740132
344.07	 3.17486e+09	 2405	 0.741243
344.05	 3.17721e+09	 2385	 0.742393
344.01	 3.17686e+09	 2514	 0.741392
343.98	 3.17652e+09	 2501	 0.741843
343.93	 3.17641e+09	 2253	 0.741236
343.91	 3.17563e+09	 2390	 0.741573
343.87	 3.17608e+09	 2439	 0.741034
343.85	 3.17674e+09	 2399	 0.741632
343.81	 3.17743e+09	 2484	 0.740149
343.78	 3.17594e+09	 2251	 0.741823
343.75	 3.1764e+09	 2749	 0.741219
343.72	 3.17524e+09	 2446	 0.740081
343.69	 3.17354e+09	 2263	 0.741901
343.65	 3.17437e+09	 2213	 0.741263
343.62	 3.1738e+09	 2551	 0.739646
343.59	 3.17644e+09	 2222	 0.74134
343.56	 3.17749e+09	 2628	 0.742078
343.53	 3.17576e+09	 2276	 0.740179
343.5	 3.17527e+09	 2417	 0.74214
343.46	 3.17634e+09	 2226	 0.740516
343.44	 3.17576e+09	 2527	 0.742618
343.4	 3.17486e+09	 2375	 0.740947
343.38	 3.17485e+09	 2417	 0.743623
343.34	 3.17619e+09	 2590	 0.741983
343.31	 3.17686e+09	 2217	 0.740753
343.28	 3.17811e+09	 2510	 0.739836
343.25	 3.17635e+09	 2320	 0.742221
343.22	 3.17551e+09	 2322	 0.740618
343.19	 3.17578e+09	 4267	 0.738224
343.15	 3.17344e+09	 2497	 0.74
343.13	 3.17507e+09	 2369	 0.740852
343.09	 3.17519e+09	 2451	 0.740527
343.06	 3.17671e+09	 2416	 0.740377
343.03	 3.17591e+09	 2772	 0.740775
343	 3.17653e+09	 2179	 0.740715
342.97	 3.17427e+09	 2143	 0.740712
342.94	 3.17463e+09	 2456	 0.739624
342.91	 3.17485e+09	 2443	 0.741023
342.88	 3.17598e+09	 2818	 0.742561
342.85	 3.17494e+09	 2334	 0.738957
342.82	 3.17454e+09	 2388	 0.740803
342.79	 3.17613e+09	 2400	 0.740548
342.75	 3.17519e+09	 2243	 0.742034
342.73	 3.17531e+09	 2553	 0.740623
342.69	 3.17458e+09	 2363	 0.740685
342.67	 3.17525e+09	 2372	 0.743782
342.63	 3.17564e+09	 2570	 0.743419
342.6	 3.17723e+09	 2305	 0.739929
342.58	 3.17832e+09	 2331	 0.740289
342.54	 3.17721e+09	 2312	 0.741463
342.52	 3.17738e+09	 2641	 0.740636
342.48	 3.17659e+09	 2196	 0.740987
342.45	 3.17639e+09	 2448	 0.74089
342.42	 3.17686e+09	 2472	 0.741062
342.17	 3.17812e+09	 2291	 0.741066
342.13	 3.17856e+09	 2505	 0.738832
342.11	 3.17711e+09	 2591	 0.739605
342.07	 3.17738e+09	 2761	 0.741184
342.05	 3.17653e+09	 2455	 0.740161
342.02	 3.17653e+09	 2382	 0.740211
341.98	 3.17706e+09	 2450	 0.738975
341.96	 3.17717e+09	 2567	 0.739371
341.93	 3.17702e+09	 2857	 0.741462
341.9	 3.1761e+09	 2376	 0.738927
341.87	 3.17782e+09	 2736	 0.741888
341.84	 3.178e+09	 2388	 0.739214
341.81	 3.17815e+09	 2595	 0.739445
341.78	 3.17755e+09	 2365	 0.739968
341.75	 3.17689e+09	 2753	 0.741453
341.72	 3.17737e+09	 2320	 0.740531
341.69	 3.17613e+09	 2520	 0.74152
341.67	 3.17729e+09	 2667	 0.737779
341.66	 3.17593e+09	 2358	 0.740387
341.67	 3.1775e+09	 3886	 0.741738
341.75	 3.17602e+09	 2633	 0.737334
341.93	 3.17614e+09	 2840	 0.740294
342.13	 3.17681e+09	 2647	 0.740055
342.52	 3.17648e+09	 2397	 0.741335
342.9	 3.17525e+09	 2609	 0.742035
343.48	 3.17566e+09	 2352	 0.741216
344.11	 3.17785e+09	 2416	 0.740017
344.59	 3.17649e+09	 2462	 0.740284
345.18	 3.17734e+09	 2504	 0.739858
345.58	 3.17428e+09	 2449	 0.740577
346.05	 3.17568e+09	 2530	 0.741444
346.43	 3.17385e+09	 2291	 0.739974
346.68	 3.17591e+09	 2543	 0.739754
346.97	 3.17498e+09	 2605	 0.741763
347.17	 3.17544e+09	 2373	 0.740082
347.45	 3.17479e+09	 2541	 0.739904
347.74	 3.17582e+09	 2634	 0.741336
347.97	 3.17616e+09	 2452	 0.741703
348.32	 3.17619e+09	 2749	 0.742739
348.71	 3.17565e+09	 2466	 0.740589
349.01	 3.17502e+09	 2681	 0.740997
349.43	 3.17738e+09	 2719	 0.74201
349.75	 3.17665e+09	 2328	 0.742005
350.17	 3.17664e+09	 2623	 0.741605
350.57	 3.17626e+09	 2464	 0.741901
350.86	 3.17564e+09	 2377	 0.739421
351.22	 3.17777e+09	 2591	 0.740688
351.48	 3.17929e+09	 6270	 0.737879
351.81	 3.17821e+09	 2629	 0.738552
352.12	 3.17744e+09	 2440	 0.741336
352.36	 3.17781e+09	 2561	 0.741867
352.68	 3.17822e+09	 2767	 0.741101
353.08	 3.17687e+09	 2367	 0.740543
353.33	 3.17704e+09	 2183	 0.740556
353.67	 3.17613e+09	 3047	 0.741246
353.94	 3.17617e+09	 2607	 0.741627
354.29	 3.17585e+09	 2888	 0.741815
354.65	 3.17307e+09	 2664	 0.741054
354.92	 3.17082e+09	 2927	 0.74201
355.28	 3.17026e+09	 2643	 0.742452
355.53	 3.17166e+09	 2573	 0.74162
355.88	 3.1724e+09	 2249	 0.74023
356.21	 3.17264e+09	 2399	 0.741245
356.46	 3.17314e+09	 2545	 0.742162
356.79	 3.17453e+09	 2643	 0.741237
357.04	 3.17594e+09	 2550	 0.742101
357.36	 3.17449e+09	 2579	 0.739769
357.69	 3.17386e+09	 2989	 0.74149
357.94	 3.17157e+09	 2634	 0.741127
358.27	 3.17382e+09	 2631	 0.740535
358.52	 3.17359e+09	 3985	 0.737382
358.85	 3.17581e+09	 2594	 0.739655
359.2	 3.17598e+09	 2688	 0.742352
359.45	 3.17484e+09	 2720	 0.741539
359.79	 3.17635e+09	 6064	 0.739616
360.04	 3.17598e+09	 2626	 0.742201
360.38	 3.17607e+09	 2310	 0.74075
360.72	 3.17504e+09	 2631	 0.740979
360.97	 3.17356e+09	 2657	 0.740829
361.3	 3.17581e+09	 2700	 0.739995
361.63	 3.17437e+09	 2454	 0.74179
361.88	 3.17456e+09	 2612	 0.739599
362.21	 3.17479e+09	 3616	 0.74039
362.46	 3.17608e+09	 2547	 0.740696
362.79	 3.17635e+09	 2761	 0.741781
363.12	 3.17493e+09	 2533	 0.741047
363.37	 3.17485e+09	 2858	 0.742976
363.71	 3.17439e+09	 2687	 0.742315
363.96	 3.17302e+09	 2419	 0.742405
364.29	 3.17562e+09	 2414	 0.74196
364.63	 3.17401e+09	 2515	 0.741208
364.88	 3.17455e+09	 2659	 0.742919
365.21	 3.1757e+09	 2510	 0.742781
365.46	 3.17674e+09	 2500	 0.742998
365.8	 3.17681e+09	 2951	 0.742325
366.13	 3.17675e+09	 2573	 0.742335
366.38	 3.17717e+09	 3267	 0.745715
366.71	 3.17697e+09	 2545	 0.743073
366.96	 3.17685e+09	 2689	 0.743125
367.29	 3.17536e+09	 2439	 0.743532
367.62	 3.17576e+09	 2804	 0.744386
367.87	 3.17633e+09	 2605	 0.743032
368.2	 3.17476e+09	 2623