Temperature 	 Sum 	  Maxval 	 R 
418.85	 3.1819e+09	 3472	 1
419.16	 3.18363e+09	 4208	 0.748677
419.39	 3.18328e+09	 4146	 0.750484
419.48	 3.18421e+09	 3816	 0.746559
419.5	 3.1828e+09	 4763	 0.750123
419.42	 3.18354e+09	 3641	 0.750656
419.32	 3.1826e+09	 4385	 0.749442
419.16	 3.18329e+09	 3956	 0.751327
419.03	 3.18227e+09	 4189	 0.75075
418.85	 3.18415e+09	 3849	 0.751675
418.71	 3.18287e+09	 4175	 0.750441
418.53	 3.18304e+09	 4007	 0.751399
418.36	 3.18386e+09	 3787	 0.750374
418.23	 3.18259e+09	 3978	 0.751372
418.06	 3.1813e+09	 4343	 0.750652
417.9	 3.17886e+09	 4288	 0.750063
417.79	 3.18137e+09	 4290	 0.751078
416.57	 3.18096e+09	 4017	 0.748979
416.46	 3.18253e+09	 4352	 0.748429
416.31	 3.18233e+09	 4313	 0.747233
416.2	 3.18006e+09	 4597	 0.748105
416.05	 3.18021e+09	 4830	 0.74699
415.94	 3.18161e+09	 4788	 0.746865
415.79	 3.18023e+09	 4488	 0.746576
415.64	 3.17988e+09	 4153	 0.745719
415.53	 3.18016e+09	 4496	 0.745425
415.38	 3.18049e+09	 4440	 0.746026
415.27	 3.18057e+09	 4653	 0.746092
415.12	 3.1806e+09	 4056	 0.744736
414.98	 3.18036e+09	 4523	 0.746327
414.86	 3.18206e+09	 4624	 0.744978
414.72	 3.1817e+09	 4257	 0.744943
414.61	 3.18117e+09	 5052	 0.744148
414.46	 3.18309e+09	 4964	 0.743553
414.31	 3.17931e+09	 4657	 0.743352
414.2	 3.18121e+09	 5059	 0.741467
414.06	 3.18258e+09	 4424	 0.739609
413.91	 3.18098e+09	 5095	 0.740914
413.8	 3.18025e+09	 4792	 0.739408
413.65	 3.18089e+09	 4534	 0.73845
413.55	 3.18174e+09	 4603	 0.738167
413.4	 3.18316e+09	 5371	 0.737372
413.29	 3.18281e+09	 4773	 0.737821
413.15	 3.18215e+09	 4790	 0.738522
413	 3.18193e+09	 4583	 0.736402
412.89	 3.18139e+09	 4590	 0.735848
412.75	 3.18051e+09	 5134	 0.7377
412.6	 3.18062e+09	 4552	 0.736483
412.49	 3.18016e+09	 4924	 0.734835
412.35	 3.17955e+09	 4637	 0.733893
412.24	 3.17828e+09	 4535	 0.733472
412.07	 3.17794e+09	 10618	 0.728795
411.92	 3.18056e+09	 4277	 0.733824
411.78	 3.18094e+09	 4055	 0.731878
411.67	 3.17901e+09	 4739	 0.730699
411.53	 3.18045e+09	 4515	 0.732273
411.42	 3.18004e+09	 4646	 0.729888
411.28	 3.17983e+09	 4972	 0.732019
411.14	 3.17909e+09	 4165	 0.730394
411.03	 3.17763e+09	 4184	 0.730419
410.9	 3.17939e+09	 4333	 0.730948
410.79	 3.1813e+09	 4374	 0.730135
410.65	 3.1793e+09	 4721	 0.729196
410.51	 3.17856e+09	 4890	 0.731467
410.41	 3.18088e+09	 4343	 0.730379
410.27	 3.18074e+09	 4741	 0.727179
410.16	 3.17975e+09	 4686	 0.729657
410.02	 3.1781e+09	 4259	 0.72714
409.89	 3.17938e+09	 4495	 0.727655
409.78	 3.17915e+09	 4723	 0.727348
409.64	 3.17931e+09	 4390	 0.725248
409.54	 3.17952e+09	 4097	 0.727293
409.4	 3.18054e+09	 4947	 0.727142
409.26	 3.1801e+09	 4483	 0.726581
409.16	 3.17935e+09	 4548	 0.725114
409.03	 3.17793e+09	 4179	 0.726849
408.92	 3.18037e+09	 4577	 0.723735
408.79	 3.17978e+09	 4495	 0.725506
408.65	 3.17932e+09	 4118	 0.726298
408.55	 3.17795e+09	 4268	 0.726297
408.41	 3.1785e+09	 4040	 0.726025
408.31	 3.17714e+09	 4536	 0.725569
408.18	 3.17692e+09	 3693	 0.725007
408.04	 3.17879e+09	 4951	 0.726091
407.94	 3.17815e+09	 3966	 0.72363
407.81	 3.17814e+09	 4077	 0.724111
407.71	 3.17802e+09	 4016	 0.724345
407.57	 3.17811e+09	 4269	 0.722422
407.44	 3.17751e+09	 4153	 0.724387
407.34	 3.17673e+09	 4171	 0.723209
407.21	 3.17597e+09	 4521	 0.723719
407.11	 3.17809e+09	 4336	 0.723369
406.98	 3.17649e+09	 4119	 0.724089
406.85	 3.17506e+09	 4308	 0.722192
406.75	 3.17723e+09	 4202	 0.724927
406.61	 3.17688e+09	 3960	 0.724201
406.49	 3.17597e+09	 3904	 0.72347
406.39	 3.17511e+09	 3724	 0.723587
406.26	 3.17748e+09	 4049	 0.722409
406.16	 3.17801e+09	 3812	 0.723329
406.03	 3.17756e+09	 4211	 0.722453
405.9	 3.17719e+09	 4305	 0.725292
405.77	 3.17612e+09	 3861	 0.722855
405.64	 3.17674e+09	 3863	 0.721313
405.52	 3.17461e+09	 3761	 0.722652
405.42	 3.17646e+09	 3542	 0.722472
405.29	 3.17702e+09	 3691	 0.722559
405.2	 3.1766e+09	 3751	 0.723086
405.07	 3.17405e+09	 3900	 0.722635
404.94	 3.17405e+09	 3736	 0.72347
404.85	 3.1759e+09	 3439	 0.724518
404.72	 3.17651e+09	 3649	 0.721784
404.62	 3.17729e+09	 3265	 0.720942
404.5	 3.17762e+09	 3626	 0.722411
404.37	 3.17595e+09	 3742	 0.721207
404.28	 3.17624e+09	 3774	 0.722705
404.15	 3.17606e+09	 3362	 0.721239
404.06	 3.17349e+09	 3483	 0.722749
403.93	 3.1745e+09	 3489	 0.722754
403.81	 3.17546e+09	 3377	 0.720804
403.71	 3.17517e+09	 3792	 0.723614
403.59	 3.17575e+09	 3631	 0.722292
403.5	 3.17431e+09	 3314	 0.722901
403.37	 3.17591e+09	 3269	 0.722164
403.25	 3.1763e+09	 3632	 0.721817
403.15	 3.17674e+09	 3044	 0.721496
403.03	 3.17736e+09	 3273	 0.723072
402.94	 3.17663e+09	 3158	 0.721771
402.82	 3.17736e+09	 3232	 0.721858
402.7	 3.17776e+09	 3391	 0.720218
402.6	 3.1776e+09	 2888	 0.723038
402.48	 3.17749e+09	 3056	 0.72233
402.36	 3.17624e+09	 2932	 0.722863
402.27	 3.178e+09	 2873	 0.722974
402.15	 3.17729e+09	 2966	 0.721182
402.05	 3.17839e+09	 3087	 0.721692
401.93	 3.17784e+09	 2754	 0.722193
401.81	 3.17855e+09	 2887	 0.721748
401.72	 3.17752e+09	 3032	 0.722027
401.6	 3.17793e+09	 2493	 0.721354
401.51	 3.1775e+09	 3090	 0.721235
401.39	 3.17807e+09	 3190	 0.722209
401.27	 3.17792e+09	 2729	 0.721649
401.18	 3.1767e+09	 2959	 0.722712
401.06	 3.17749e+09	 2797	 0.720809
400.97	 3.178e+09	 2860	 0.721728
400.85	 3.17715e+09	 2784	 0.721251
400.73	 3.17643e+09	 2760	 0.722358
400.65	 3.17773e+09	 2601	 0.721464
400.53	 3.17727e+09	 2875	 0.721627
400.44	 3.17722e+09	 3048	 0.72123
400.32	 3.17787e+09	 3757	 0.720998
400.2	 3.17743e+09	 2791	 0.721473
400.05	 3.17839e+09	 2580	 0.72032
399.97	 3.17848e+09	 2810	 0.717885
399.85	 3.17802e+09	 2763	 0.721729
399.76	 3.17794e+09	 2767	 0.721578
399.65	 3.17894e+09	 2632	 0.721444
399.53	 3.17811e+09	 2594	 0.719271
399.44	 3.17649e+09	 2709	 0.72145
399.33	 3.17738e+09	 2753	 0.719983
399.24	 3.17598e+09	 2956	 0.720737
399.13	 3.17472e+09	 2613	 0.721921
399.01	 3.17359e+09	 2936	 0.720731
398.92	 3.17219e+09	 2567	 0.722431
398.81	 3.17113e+09	 2548	 0.720254
398.72	 3.17561e+09	 3009	 0.721623
398.6	 3.17472e+09	 2638	 0.721141
398.49	 3.17477e+09	 2597	 0.722679
398.41	 3.17556e+09	 2848	 0.720759
398.29	 3.17442e+09	 2803	 0.72151
398.21	 3.17382e+09	 2818	 0.720376
398.09	 3.1751e+09	 2949	 0.719587
397.98	 3.17559e+09	 2768	 0.720574
397.89	 3.176e+09	 2993	 0.721904
397.05	 3.17554e+09	 2878	 0.721266
396.97	 3.17571e+09	 3158	 0.719698
396.86	 3.17552e+09	 2956	 0.720118
396.77	 3.1754e+09	 2878	 0.719374
396.66	 3.175e+09	 2719	 0.720275
396.55	 3.17418e+09	 3086	 0.720156
396.47	 3.17501e+09	 2968	 0.719442
396.36	 3.1754e+09	 3188	 0.720274
396.28	 3.17579e+09	 3124	 0.720645
396.17	 3.1781e+09	 2912	 0.722058
396.05	 3.17561e+09	 3139	 0.720526
395.97	 3.17572e+09	 2673	 0.719918
395.86	 3.17284e+09	 2625	 0.720041
395.78	 3.17295e+09	 2896	 0.7194
395.67	 3.17179e+09	 3235	 0.72002
395.56	 3.17103e+09	 2888	 0.72191
395.48	 3.17347e+09	 2766	 0.71929
395.37	 3.17443e+09	 2823	 0.719129
395.29	 3.17127e+09	 2982	 0.720406
395.18	 3.17041e+09	 2831	 0.719343
395.08	 3.17349e+09	 3422	 0.72159
394.99	 3.17327e+09	 3038	 0.719769
394.89	 3.17503e+09	 2726	 0.718056
394.81	 3.17388e+09	 2799	 0.719693
394.7	 3.17376e+09	 3138	 0.719492
394.59	 3.1742e+09	 2968	 0.719488
394.51	 3.17476e+09	 3205	 0.720294
394.4	 3.17146e+09	 2591	 0.719347
394.33	 3.17243e+09	 2751	 0.719605
394.16	 3.1707e+09	 3056	 0.719195
394.09	 3.17139e+09	 3117	 0.71981
393.98	 3.17043e+09	 2827	 0.720514
393.9	 3.16974e+09	 3305	 0.719245
393.79	 3.17099e+09	 2887	 0.719375
393.69	 3.17011e+09	 2980	 0.719692
393.61	 3.17165e+09	 2922	 0.718739
393.5	 3.17275e+09	 2522	 0.718881
393.43	 3.17048e+09	 2934	 0.71973
393.32	 3.17047e+09	 3239	 0.71893
393.22	 3.17061e+09	 2843	 0.721584
393.14	 3.17208e+09	 2907	 0.719421
393.03	 3.17382e+09	 4871	 0.718463
392.96	 3.17157e+09	 2709	 0.719676
392.85	 3.17153e+09	 3219	 0.718245
392.75	 3.16956e+09	 3008	 0.71972
392.67	 3.17197e+09	 2814	 0.71827
392.57	 3.17097e+09	 2735	 0.71979
392.49	 3.17192e+09	 2567	 0.71804
392.39	 3.17284e+09	 2900	 0.718884
392.29	 3.1755e+09	 2978	 0.718381
392.21	 3.17404e+09	 2878	 0.718336
392.1	 3.17316e+09	 2595	 0.718888
392.02	 3.17471e+09	 2915	 0.718107
391.92	 3.17284e+09	 3043	 0.717665
391.82	 3.17329e+09	 2526	 0.717946
391.74	 3.17375e+09	 2662	 0.719706
391.64	 3.1725e+09	 2653	 0.71857
391.57	 3.1744e+09	 3132	 0.719707
391.47	 3.17324e+09	 2891	 0.717713
391.37	 3.17348e+09	 2556	 0.720129
391.29	 3.17038e+09	 2985	 0.717816
391.19	 3.17073e+09	 2772	 0.719013
391.11	 3.17175e+09	 2858	 0.718511
391.01	 3.17286e+09	 2459	 0.71852
390.91	 3.17133e+09	 2800	 0.720151
390.84	 3.17061e+09	 3003	 0.718806
390.74	 3.17067e+09	 2758	 0.717647
390.66	 3.1722e+09	 2698	 0.720078
390.56	 3.17417e+09	 2690	 0.71717
390.46	 3.17627e+09	 2569	 0.719044
390.39	 3.17411e+09	 2761	 0.717824
390.29	 3.17419e+09	 2496	 0.719946
390.19	 3.17177e+09	 2753	 0.717107
390.11	 3.17444e+09	 3015	 0.718071
390.01	 3.1739e+09	 2590	 0.718475
389.94	 3.17252e+09	 2661	 0.71755
389.84	 3.17402e+09	 2323	 0.717408
389.74	 3.17501e+09	 2609	 0.719929
389.67	 3.17232e+09	 2759	 0.717289
389.57	 3.17415e+09	 2377	 0.719568
389.45	 3.17277e+09	 2789	 0.716937
389.37	 3.17217e+09	 2702	 0.718956
389.28	 3.17278e+09	 2542	 0.718538
389.21	 3.17404e+09	 2864	 0.716949
389.11	 3.17259e+09	 2400	 0.716298
389.01	 3.1717e+09	 2490	 0.716686
388.94	 3.17183e+09	 2686	 0.718469
388.84	 3.17214e+09	 2504	 0.71807
388.77	 3.16968e+09	 2667	 0.718623
388.67	 3.17126e+09	 3543	 0.716446
388.58	 3.1717e+09	 2244	 0.716863
388.51	 3.17096e+09	 2419	 0.718049
388.41	 3.17129e+09	 2529	 0.717276
388.33	 3.17156e+09	 2718	 0.717626
388.24	 3.17183e+09	 2965	 0.71727
388.14	 3.17265e+09	 2403	 0.716775
388.07	 3.17338e+09	 2549	 0.717882
387.98	 3.17453e+09	 2624	 0.71751
387.9	 3.17321e+09	 2791	 0.717827
387.81	 3.17219e+09	 2418	 0.716844
387.71	 3.17349e+09	 11592	 0.707901
387.64	 3.17323e+09	 2808	 0.717091
387.55	 3.17402e+09	 2443	 0.717333
387.48	 3.17275e+09	 2193	 0.717327
387.38	 3.17225e+09	 2562	 0.716346
387.29	 3.17119e+09	 2265	 0.718488
387.22	 3.17306e+09	 3650	 0.716889
387.12	 3.17033e+09	 2296	 0.717932
387.05	 3.17113e+09	 2557	 0.717006
386.96	 3.17143e+09	 2440	 0.715583
386.87	 3.17024e+09	 2263	 0.716829
386.8	 3.17158e+09	 2930	 0.717029
386.7	 3.17214e+09	 2412	 0.718852
386.61	 3.17423e+09	 2675	 0.716583
386.54	 3.17349e+09	 2284	 0.713781
386.45	 3.17169e+09	 2361	 0.714462
386.38	 3.17234e+09	 2711	 0.716891
386.29	 3.1731e+09	 2408	 0.716594
386.19	 3.17292e+09	 2440	 0.71788
386.12	 3.17152e+09	 2621	 0.716184
386.03	 3.17257e+09	 2529	 0.715345
385.96	 3.17159e+09	 2335	 0.715961
385.87	 3.17354e+09	 2290	 0.716328
385.78	 3.1739e+09	 2162	 0.714631
385.71	 3.17292e+09	 2274	 0.716339
385.62	 3.17372e+09	 2213	 0.714934
385.55	 3.17287e+09	 2408	 0.717386
385.46	 3.17089e+09	 2398	 0.716353
385.37	 3.17236e+09	 2513	 0.715156
385.3	 3.1739e+09	 2200	 0.715758
385.21	 3.17246e+09	 2539	 0.71461
385.1	 3.17454e+09	 2162	 0.714582
385.03	 3.17454e+09	 2378	 0.71466
384.94	 3.17464e+09	 2414	 0.71365
384.87	 3.17502e+09	 3274	 0.714407
384.78	 3.17503e+09	 2292	 0.715205
384.69	 3.17512e+09	 2082	 0.714989
384.62	 3.1766e+09	 2172	 0.714898
384.54	 3.17346e+09	 2347	 0.714587
384.47	 3.17432e+09	 2512	 0.714865
384.38	 3.17375e+09	 2516	 0.716148
384.29	 3.17291e+09	 1937	 0.713698
384.22	 3.17098e+09	 2479	 0.71514
384.13	 3.17151e+09	 2441	 0.715644
384.07	 3.17174e+09	 2300	 0.715278
383.98	 3.173e+09	 2252	 0.714517
383.89	 3.17237e+09	 2304	 0.714072
383.82	 3.17116e+09	 2249	 0.714514
383.73	 3.17143e+09	 2178	 0.715368
383.67	 3.17311e+09	 2436	 0.71442
383.58	 3.17155e+09	 2238	 0.713645
383.49	 3.16999e+09	 2210	 0.713176
383.42	 3.17205e+09	 2164	 0.713734
383.34	 3.17261e+09	 2495	 0.713445
383.27	 3.1718e+09	 2913	 0.713471
383.18	 3.17154e+09	 2210	 0.716134
383.1	 3.17152e+09	 2303	 0.714059
383.03	 3.17067e+09	 2447	 0.714142
382.25	 3.17193e+09	 2344	 0.713946
382.17	 3.17883e+09	 2360	 0.712657
382.1	 3.17779e+09	 2412	 0.711769
382.02	 3.17604e+09	 2444	 0.711702
381.95	 3.17682e+09	 2500	 0.712293
381.87	 3.17667e+09	 2362	 0.714358
381.78	 3.17419e+09	 2424	 0.7123
381.72	 3.17481e+09	 2415	 0.712209
381.63	 3.17405e+09	 2421	 0.71113
381.57	 3.17537e+09	 2445	 0.7128
381.49	 3.17466e+09	 2210	 0.713324
381.4	 3.17473e+09	 2533	 0.714417
381.34	 3.17592e+09	 2369	 0.71244
381.25	 3.17447e+09	 2555	 0.713502
381.19	 3.175e+09	 2425	 0.711959
381.11	 3.17605e+09	 2341	 0.714135
381.02	 3.17377e+09	 2693	 0.712128
380.96	 3.17508e+09	 2377	 0.712558
380.87	 3.17408e+09	 2297	 0.712658
380.79	 3.17486e+09	 2493	 0.714205
380.73	 3.17433e+09	 2536	 0.712113
380.64	 3.17404e+09	 2854	 0.713071
380.58	 3.17508e+09	 2416	 0.713174
380.5	 3.17479e+09	 2700	 0.713418
380.4	 3.17637e+09	 2699	 0.712604
380.31	 3.17653e+09	 2770	 0.713098
380.25	 3.17951e+09	 2464	 0.712814
380.17	 3.17618e+09	 2925	 0.710039
380.11	 3.17628e+09	 2576	 0.71276
380.02	 3.17472e+09	 2358	 0.711814
379.94	 3.1743e+09	 2604	 0.711511
379.88	 3.17298e+09	 2376	 0.712215
379.8	 3.17265e+09	 2765	 0.712157
379.74	 3.17184e+09	 2427	 0.711238
379.66	 3.17316e+09	 2308	 0.712849
379.57	 3.17378e+09	 2459	 0.713445
379.51	 3.17553e+09	 2568	 0.713552
379.43	 3.17581e+09	 2387	 0.712157
379.37	 3.17492e+09	 2623	 0.713056
379.29	 3.17596e+09	 2732	 0.712659
379.21	 3.17362e+09	 2949	 0.713185
379.15	 3.17511e+09	 2626	 0.712363
379.07	 3.17257e+09	 2485	 0.713266
379.01	 3.17386e+09	 2554	 0.713016
378.92	 3.17161e+09	 2774	 0.709656
378.84	 3.1734e+09	 2447	 0.711598
378.78	 3.17273e+09	 2466	 0.712246
378.7	 3.17575e+09	 2576	 0.712459
378.65	 3.17251e+09	 2728	 0.712671
378.56	 3.17391e+09	 2875	 0.712061
378.48	 3.174e+09	 2522	 0.711447
378.42	 3.17309e+09	 2593	 0.710056
378.34	 3.17396e+09	 2848	 0.711469
378.28	 3.17357e+09	 2756	 0.712833
378.2	 3.17482e+09	 2924	 0.712691
378.13	 3.17487e+09	 2749	 0.712115
378.06	 3.17398e+09	 2535	 0.712078
377.99	 3.17363e+09	 2488	 0.711748
377.93	 3.17432e+09	 2643	 0.712202
377.85	 3.176e+09	 2362	 0.712332
377.77	 3.17519e+09	 2666	 0.710615
377.71	 3.17443e+09	 2668	 0.710054
377.63	 3.17339e+09	 2535	 0.713005
377.57	 3.17467e+09	 2950	 0.710467
377.49	 3.17616e+09	 2611	 0.712769
377.42	 3.17599e+09	 2715	 0.712032
377.36	 3.17538e+09	 2657	 0.709135
377.28	 3.17254e+09	 2513	 0.711564
377.2	 3.17127e+09	 2562	 0.710543
377.14	 3.17247e+09	 2571	 0.710971
377.07	 3.17157e+09	 2589	 0.712959
377.01	 3.17171e+09	 2667	 0.712628
376.93	 3.17221e+09	 2834	 0.711689
376.85	 3.17303e+09	 2793	 0.711785
376.8	 3.17317e+09	 2741	 0.710784
376.7	 3.17199e+09	 2722	 0.71096
376.62	 3.17617e+09	 2690	 0.712278
376.56	 3.17561e+09	 2382	 0.711554
376.49	 3.17554e+09	 2703	 0.710997
376.41	 3.17417e+09	 2737	 0.711439
376.35	 3.17466e+09	 2579	 0.709007
376.28	 3.17106e+09	 2334	 0.71188
376.22	 3.17119e+09	 2719	 0.710267
376.14	 3.17183e+09	 2691	 0.712607
376.07	 3.17079e+09	 2639	 0.710846
376.01	 3.17171e+09	 2777	 0.7107
375.93	 3.17064e+09	 2568	 0.711146
375.88	 3.17284e+09	 2686	 0.711558
375.8	 3.17174e+09	 2593	 0.710324
375.72	 3.17394e+09	 2749	 0.711057
375.67	 3.17439e+09	 2801	 0.710362
375.59	 3.17183e+09	 2470	 0.712436
375.54	 3.17007e+09	 2802	 0.711575
375.46	 3.17111e+09	 2598	 0.71188
375.39	 3.16964e+09	 2913	 0.711272
375.33	 3.16972e+09	 2549	 0.712605
375.25	 3.17104e+09	 2444	 0.713653
375.2	 3.17339e+09	 2779	 0.710134
375.12	 3.1728e+09	 2695	 0.710553
375.05	 3.17348e+09	 3004	 0.709061
374.99	 3.17523e+09	 2492	 0.710638
374.92	 3.17487e+09	 2601	 0.709473
374.86	 3.17527e+09	 2447	 0.71104
374.79	 3.17428e+09	 2660	 0.710923
374.71	 3.17248e+09	 2547	 0.710985
374.66	 3.17339e+09	 2575	 0.712297
374.58	 3.17295e+09	 2686	 0.710727
374.51	 3.17041e+09	 2528	 0.709975
374.45	 3.16937e+09	 2848	 0.709903
374.38	 3.1727e+09	 2713	 0.711698
374.33	 3.17324e+09	 2504	 0.709753
374.25	 3.17388e+09	 2788	 0.711857
374.18	 3.17369e+09	 2819	 0.710958
374.12	 3.17112e+09	 2681	 0.70937
374.05	 3.17161e+09	 2506	 0.710607
373.99	 3.17125e+09	 2514	 0.709664
373.92	 3.17305e+09	 2788	 0.710062
373.85	 3.1725e+09	 2877	 0.712326
373.8	 3.17252e+09	 2871	 0.711412
373.72	 3.17428e+09	 2846	 0.711421
373.67	 3.17374e+09	 2872	 0.709789
373.59	 3.17521e+09	 2680	 0.710543
373.52	 3.17481e+09	 2854	 0.709714
373.47	 3.17382e+09	 2501	 0.709473
373.4	 3.17223e+09	 2687	 0.709899
373.34	 3.17045e+09	 2681	 0.710252
373.25	 3.17262e+09	 2707	 0.709925
373.18	 3.17163e+09	 2669	 0.710406
373.13	 3.17452e+09	 2967	 0.710557
373.05	 3.17449e+09	 2692	 0.711551
372.98	 3.17251e+09	 2749	 0.710331
372.93	 3.17327e+09	 2796	 0.710945
372.86	 3.17363e+09	 2661	 0.711283
372.79	 3.17386e+09	 2616	 0.710337
372.73	 3.17511e+09	 2848	 0.711082
372.66	 3.17505e+09	 2633	 0.70981
372.61	 3.17355e+09	 2583	 0.711011
372.54	 3.17363e+09	 2760	 0.711723
372.47	 3.17224e+09	 2585	 0.711005
372.41	 3.17196e+09	 2484	 0.711287
372.34	 3.17199e+09	 2751	 0.709646
372.29	 3.17095e+09	 2661	 0.711531
372.22	 3.17096e+09	 3184	 0.709311
372.15	 3.17042e+09	 2936	 0.709995
372.1	 3.17115e+09	 3337	 0.710355
372.02	 3.17194e+09	 3911	 0.709674
371.97	 3.17339e+09	 2452	 0.709208
371.9	 3.17188e+09	 2703	 0.710624
371.83	 3.17314e+09	 2853	 0.710272
371.78	 3.1744e+09	 2484	 0.709401
371.71	 3.17168e+09	 2671	 0.709409
371.66	 3.17495e+09	 2609	 0.712124
371.59	 3.17498e+09	 2880	 0.71281
371.52	 3.17724e+09	 2559	 0.710162
371.47	 3.17485e+09	 2576	 0.710044
371.4	 3.17598e+09	 2710	 0.711698
371.34	 3.17449e+09	 2593	 0.71165
370.79	 3.17623e+09	 2666	 0.709168
370.72	 3.17754e+09	 2784	 0.710426
370.66	 3.17741e+09	 2989	 0.707987
370.61	 3.17908e+09	 2933	 0.710614
370.54	 3.17916e+09	 2447	 0.709972
370.49	 3.17682e+09	 7069	 0.702315
370.42	 3.17668e+09	 2871	 0.709728
370.35	 3.17764e+09	 3005	 0.706912
370.3	 3.17648e+09	 2800	 0.71034
370.23	 3.17567e+09	 2899	 0.709907
370.18	 3.17682e+09	 2911	 0.709022
370.11	 3.1749e+09	 2713	 0.71123
370.05	 3.17652e+09	 2872	 0.70918
370	 3.17732e+09	 3000	 0.709257
369.93	 3.17511e+09	 2733	 0.708872
369.88	 3.17729e+09	 2818	 0.709622
369.81	 3.17595e+09	 2950	 0.707897
369.74	 3.17781e+09	 2825	 0.709748
369.69	 3.17743e+09	 2704	 0.70952
369.63	 3.17582e+09	 2729	 0.711437
369.54	 3.17621e+09	 2858	 0.709485
369.49	 3.17473e+09	 2773	 0.708803
369.43	 3.17444e+09	 3084	 0.709447
369.36	 3.17392e+09	 2859	 0.707733
369.31	 3.17535e+09	 3111	 0.710212
369.24	 3.176e+09	 2851	 0.710834
369.2	 3.17725e+09	 2667	 0.71006
369.13	 3.17742e+09	 2969	 0.708303
369.06	 3.17534e+09	 2876	 0.708856
369.01	 3.17441e+09	 2961	 0.709585
368.95	 3.17281e+09	 3186	 0.708487
368.9	 3.17255e+09	 3029	 0.707952
368.83	 3.17186e+09	 2693	 0.710331
368.77	 3.17423e+09	 5040	 0.706294
368.72	 3.17469e+09	 2705	 0.709111
368.65	 3.17376e+09	 2725	 0.710973
368.6	 3.17495e+09	 3000	 0.70915
368.54	 3.17508e+09	 2842	 0.709532
368.47	 3.17492e+09	 3115	 0.709548
368.42	 3.17482e+09	 2539	 0.70985
368.36	 3.17482e+09	 3758	 0.707706
368.31	 3.17417e+09	 2731	 0.709771
368.25	 3.1743e+09	 2999	 0.709822
368.18	 3.17494e+09	 2677	 0.709052
368.13	 3.17307e+09	 2788	 0.707716
368.07	 3.17297e+09	 3025	 0.709053
368.02	 3.17393e+09	 2641	 0.70994
367.96	 3.17339e+09	 2823	 0.709239
367.89	 3.17309e+09	 2754	 0.709897
367.84	 3.17412e+09	 3068	 0.708805
367.78	 3.17406e+09	 2974	 0.7092
367.73	 3.1757e+09	 2842	 0.708736
367.67	 3.17513e+09	 3239	 0.710464
367.6	 3.17501e+09	 3115	 0.708946
367.56	 3.17484e+09	 3236	 0.70965
367.49	 3.17656e+09	 3232	 0.709492
367.44	 3.17408e+09	 2807	 0.709108
367.38	 3.17461e+09	 3061	 0.709726
367.32	 3.17499e+09	 2697	 0.709512
367.27	 3.17475e+09	 2715	 0.711063
367.21	 3.17566e+09	 3076	 0.70796
367.14	 3.17755e+09	 2457	 0.709464
367.1	 3.17707e+09	 2898	 0.709788
367.03	 3.17704e+09	 2961	 0.708191
366.99	 3.17452e+09	 2806	 0.709224
366.92	 3.17241e+09	 2481	 0.709846
366.87	 3.17215e+09	 2677	 0.709846
366.81	 3.17263e+09	 2692	 0.709321
366.75	 3.17471e+09	 2825	 0.711093
366.7	 3.17483e+09	 2637	 0.710439
366.64	 3.17472e+09	 2924	 0.70909
366.56	 3.17576e+09	 2936	 0.708148
366.52	 3.17415e+09	 4697	 0.709573
366.45	 3.17487e+09	 2792	 0.708733
366.39	 3.17415e+09	 2615	 0.709328
366.34	 3.17518e+09	 2871	 0.709405
366.28	 3.17421e+09	 2736	 0.708356
366.22	 3.17606e+09	 2822	 0.710361
366.17	 3.17498e+09	 2546	 0.70991
366.11	 3.1759e+09	 7126	 0.705611
366.06	 3.17716e+09	 2533	 0.709188
366	 3.17747e+09	 2775	 0.709381
365.94	 3.17716e+09	 2835	 0.710031
365.89	 3.17741e+09	 3438	 0.709162
365.83	 3.17764e+09	 2619	 0.709709
365.79	 3.17544e+09	 2715	 0.709005
365.73	 3.1753e+09	 2747	 0.709372
365.67	 3.1755e+09	 2777	 0.708325
365.62	 3.17488e+09	 2666	 0.71037
365.56	 3.1755e+09	 2650	 0.709224
365.51	 3.17602e+09	 3037	 0.709399
365.45	 3.17495e+09	 2941	 0.710843
365.39	 3.17486e+09	 2666	 0.709132
365.34	 3.17667e+09	 2420	 0.709377
365.28	 3.17537e+09	 2589	 0.710157
365.24	 3.1745e+09	 2907	 0.710232
365.18	 3.17537e+09	 2512	 0.710177
365.12	 3.17457e+09	 2410	 0.710742
365.07	 3.17551e+09	 2650	 0.710197
365.01	 3.17577e+09	 2615	 0.710252
364.97	 3.17672e+09	 3112	 0.709593
364.91	 3.17691e+09	 2991	 0.709053
364.85	 3.17602e+09	 2934	 0.709676
364.8	 3.17516e+09	 2833	 0.709514
364.74	 3.17634e+09	 2861	 0.709483
364.7	 3.17724e+09	 2426	 0.710948
364.64	 3.17773e+09	 2657	 0.710465
364.58	 3.17548e+09	 2725	 0.711173
364.53	 3.17628e+09	 2742	 0.708294
364.47	 3.17619e+09	 2791	 0.710324
364.43	 3.17682e+09	 2774	 0.709327
364.37	 3.17708e+09	 2628	 0.710343
364.31	 3.17679e+09	 2530	 0.710521
364.26	 3.17703e+09	 2728	 0.708576
364.21	 3.17637e+09	 2625	 0.708845
364.16	 3.17542e+09	 2387	 0.709879
364.1	 3.17513e+09	 2917	 0.710977
364.04	 3.17534e+09	 2902	 0.709931
364	 3.17572e+09	 2837	 0.709306
363.94	 3.17408e+09	 2645	 0.711547
363.9	 3.17731e+09	 2609	 0.711816
363.84	 3.17615e+09	 2633	 0.709605
363.76	 3.17629e+09	 2840	 0.708554
363.71	 3.1776e+09	 2612	 0.709192
363.66	 3.17744e+09	 2413	 0.709324
363.6	 3.17781e+09	 2747	 0.708708
363.54	 3.17683e+09	 2583	 0.709971
363.5	 3.17619e+09	 2385	 0.709154
363.44	 3.1764e+09	 2580	 0.708598
363.4	 3.17664e+09	 2724	 0.71042
363.34	 3.17649e+09	 2814	 0.710288
363.28	 3.17546e+09	 2363	 0.710375
363.24	 3.17663e+09	 2449	 0.70959
363.18	 3.17498e+09	 2694	 0.709877
363.14	 3.17526e+09	 2488	 0.710335
363.08	 3.17609e+09	 2462	 0.711565
363.02	 3.17584e+09	 2878	 0.710237
362.98	 3.17847e+09	 2535	 0.710763
362.92	 3.17843e+09	 2601	 0.710515
362.88	 3.17711e+09	 2355	 0.711307
362.82	 3.17796e+09	 2701	 0.709877
362.76	 3.17786e+09	 2750	 0.709026
362.72	 3.17848e+09	 2377	 0.70769
362.66	 3.17954e+09	 2852	 0.709156
362.62	 3.18019e+09	 2492	 0.710362
362.57	 3.17989e+09	 2513	 0.709554
362.51	 3.17844e+09	 2355	 0.710773
362.47	 3.17927e+09	 2419	 0.710738
362.41	 3.18112e+09	 2830	 0.709489
362.36	 3.17626e+09	 2532	 0.709542
362.31	 3.17802e+09	 2544	 0.710527
362.25	 3.17892e+09	 2410	 0.710742
362.21	 3.17869e+09	 2476	 0.708672
362.15	 3.17832e+09	 2399	 0.709745
362.11	 3.17761e+09	 2552	 0.709299
362.06	 3.17865e+09	 2572	 0.710693
362	 3.17793e+09	 2511	 0.709428
361.59	 3.17759e+09	 2291	 0.711386
361.54	 3.18131e+09	 2369	 0.708406
361.49	 3.18117e+09	 2353	 0.708318
361.44	 3.18128e+09	 2395	 0.709228
361.4	 3.17909e+09	 2717	 0.709637
361.34	 3.18003e+09	 2617	 0.708897
361.29	 3.1791e+09	 2781	 0.709291
361.25	 3.17885e+09	 2615	 0.708652
361.19	 3.17944e+09	 4120	 0.707975
361.15	 3.1778e+09	 2138	 0.71085
361.1	 3.17808e+09	 2458	 0.71087
361.04	 3.17772e+09	 2483	 0.710675
361	 3.17944e+09	 2256	 0.708192
360.94	 3.17883e+09	 2634	 0.711175
360.9	 3.17857e+09	 2541	 0.710623
360.85	 3.17807e+09	 2308	 0.710615
360.78	 3.1782e+09	 2335	 0.708583
360.73	 3.17774e+09	 2549	 0.710626
360.68	 3.18058e+09	 2234	 0.709025
360.63	 3.17936e+09	 2662	 0.709354
360.57	 3.17908e+09	 2702	 0.709868
360.52	 3.17846e+09	 2402	 0.708989
360.48	 3.17927e+09	 2519	 0.709505
360.42	 3.17782e+09	 2411	 0.708989
360.37	 3.17502e+09	 2889	 0.710186
360.33	 3.17511e+09	 2292	 0.710879
360.28	 3.17533e+09	 2662	 0.709247
360.24	 3.17441e+09	 2467	 0.710699
360.18	 3.17471e+09	 2309	 0.710526
360.13	 3.17327e+09	 2442	 0.70885
360.09	 3.17339e+09	 2652	 0.710962
360.03	 3.17461e+09	 2353	 0.709405
359.99	 3.17656e+09	 2510	 0.708848
359.94	 3.17501e+09	 2587	 0.710597
359.89	 3.1767e+09	 2299	 0.71188
359.85	 3.1746e+09	 2424	 0.711253
359.79	 3.17587e+09	 2198	 0.710749
359.75	 3.17705e+09	 2312	 0.709969
359.7	 3.18065e+09	 2362	 0.710366
359.65	 3.17931e+09	 2401	 0.709414
359.61	 3.17567e+09	 2630	 0.710339
359.55	 3.17755e+09	 2622	 0.709351
359.51	 3.1763e+09	 2849	 0.708768
359.46	 3.17671e+09	 2649	 0.71102
359.41	 3.17493e+09	 2423	 0.710076
359.37	 3.17389e+09	 2498	 0.71125
359.32	 3.17627e+09	 2485	 0.708581
359.27	 3.17588e+09	 2335	 0.711386
359.22	 3.17647e+09	 2468	 0.709935
359.17	 3.17676e+09	 2378	 0.70911
359.13	 3.17497e+09	 2598	 0.7095
359.08	 3.17516e+09	 2722	 0.709466
359.03	 3.17653e+09	 2771	 0.709748
358.99	 3.17612e+09	 2244	 0.7098
358.94	 3.17746e+09	 2582	 0.709402
358.9	 3.17794e+09	 2379	 0.709464
358.84	 3.1775e+09	 2669	 0.709399
358.79	 3.17841e+09	 2198	 0.713086
358.75	 3.17786e+09	 2356	 0.709342
358.7	 3.1777e+09	 2644	 0.709754
358.66	 3.17641e+09	 2323	 0.710272
358.61	 3.17687e+09	 2483	 0.710408
358.56	 3.17733e+09	 2410	 0.708797
358.52	 3.17823e+09	 2308	 0.70903
358.47	 3.17816e+09	 2373	 0.709695
358.43	 3.17609e+09	 2413	 0.709432
358.38	 3.17464e+09	 2364	 0.709703
358.31	 3.17696e+09	 2574	 0.709404
358.26	 3.17699e+09	 2508	 0.709127
358.21	 3.17591e+09	 2505	 0.709375
358.17	 3.1775e+09	 2625	 0.707468
358.12	 3.1754e+09	 2495	 0.710357
358.08	 3.17579e+09	 2234	 0.709405
358.03	 3.17407e+09	 2170	 0.711289
357.98	 3.1762e+09	 2459	 0.710657
357.94	 3.17651e+09	 2044	 0.710213
357.89	 3.17561e+09	 2604	 0.710913
357.85	 3.17504e+09	 2225	 0.710267
357.8	 3.17422e+09	 2849	 0.710122
357.75	 3.17518e+09	 2465	 0.710928
357.71	 3.17544e+09	 2455	 0.708255
357.66	 3.1761e+09	 2213	 0.709714
357.62	 3.17524e+09	 2311	 0.709899
357.58	 3.17496e+09	 2661	 0.71037
357.52	 3.17503e+09	 2341	 0.709345
357.49	 3.17531e+09	 2527	 0.710254
357.44	 3.1762e+09	 2711	 0.708772
357.4	 3.17641e+09	 2478	 0.709458
357.35	 3.17612e+09	 2621	 0.709487
357.3	 3.17613e+09	 2225	 0.711173
357.26	 3.17565e+09	 2399	 0.708835
357.21	 3.17485e+09	 2479	 0.70867
357.17	 3.17524e+09	 2636	 0.708482
357.12	 3.17478e+09	 4247	 0.709292
357.07	 3.17534e+09	 2393	 0.709949
357.03	 3.1761e+09	 2221	 0.710896
356.98	 3.17831e+09	 2330	 0.709135
356.94	 3.17639e+09	 2509	 0.708447
356.89	 3.17783e+09	 2452	 0.710132
356.84	 3.17866e+09	 2325	 0.709364
356.81	 3.17666e+09	 2512	 0.711355
356.76	 3.17766e+09	 2735	 0.710483
356.72	 3.17888e+09	 2324	 0.708712
356.67	 3.17858e+09	 2457	 0.710489
356.62	 3.17682e+09	 2370	 0.709095
356.58	 3.17617e+09	 2359	 0.711178
356.53	 3.17694e+09	 2289	 0.70939
356.48	 3.17632e+09	 2423	 0.711
356.45	 3.17801e+09	 2317	 0.709336
356.4	 3.17668e+09	 2469	 0.71127
356.36	 3.17651e+09	 2254	 0.708804
356.31	 3.17702e+09	 2443	 0.709319
356.26	 3.17559e+09	 2257	 0.709425
356.23	 3.17659e+09	 2488	 0.709231
356.18	 3.17682e+09	 2599	 0.709583
356.14	 3.17597e+09	 2758	 0.710216
356.09	 3.17604e+09	 2441	 0.708389
356.04	 3.1767e+09	 4680	 0.709852
355.99	 3.17729e+09	 2516	 0.710609
355.94	 3.17771e+09	 2412	 0.709967
355.89	 3.18022e+09	 2384	 0.70906
355.86	 3.17687e+09	 2597	 0.710134
355.81	 3.17763e+09	 2463	 0.710172
355.77	 3.17858e+09	 2487	 0.708701
355.73	 3.17787e+09	 2516	 0.709452
355.68	 3.17693e+09	 2352	 0.710321
355.63	 3.17761e+09	 2466	 0.71137
355.59	 3.17697e+09	 2203	 0.711028
355.56	 3.17786e+09	 2351	 0.709943
355.51	 3.17888e+09	 2503	 0.709726
355.46	 3.17753e+09	 2389	 0.709637
355.42	 3.17781e+09	 2438	 0.709572
355.37	 3.17821e+09	 2445	 0.709988
355.34	 3.17867e+09	 2545	 0.709932
355.29	 3.1786e+09	 2501	 0.709924
355.24	 3.1775e+09	 2430	 0.709743
355.21	 3.17816e+09	 2767	 0.711469
355.16	 3.17641e+09	 2440	 0.709759
355.12	 3.17707e+09	 2472	 0.708376
355.08	 3.17554e+09	 2405	 0.709492
355.03	 3.1771e+09	 2721	 0.709871
354.99	 3.17551e+09	 2516	 0.709946
354.94	 3.17552e+09	 2753	 0.710849
354.91	 3.17642e+09	 2646	 0.709023
354.86	 3.17756e+09	 2218	 0.708452
354.81	 3.17684e+09	 2457	 0.709649
354.78	 3.17626e+09	 2627	 0.708765
354.73	 3.17661e+09	 2447	 0.710188
354.68	 3.17641e+09	 2416	 0.708783
354.65	 3.1742e+09	 2282	 0.71061
354.6	 3.17713e+09	 2598	 0.711317
354.57	 3.17577e+09	 2411	 0.710305
354.52	 3.17557e+09	 2657	 0.708001
354.47	 3.17548e+09	 2461	 0.710842
354.44	 3.17721e+09	 2493	 0.70833
354.39	 3.17663e+09	 2601	 0.710269
354.35	 3.17798e+09	 2606	 0.709444
354.31	 3.17787e+09	 2453	 0.70949
353.97	 3.17775e+09	 2378	 0.708588
353.92	 3.17757e+09	 2383	 0.709069
353.89	 3.17777e+09	 4847	 0.705747
353.84	 3.17735e+09	 2239	 0.710242
353.8	 3.17762e+09	 2764	 0.709346
353.76	 3.17814e+09	 2224	 0.710098
353.71	 3.17725e+09	 2394	 0.709162
353.68	 3.17736e+09	 2595	 0.709492
353.64	 3.17372e+09	 2510	 0.710712
353.59	 3.17322e+09	 2802	 0.711176
353.55	 3.17246e+09	 2633	 0.708957
353.5	 3.17446e+09	 2353	 0.710124
353.45	 3.17652e+09	 4282	 0.708732
353.42	 3.17452e+09	 2894	 0.709673
353.37	 3.17737e+09	 2639	 0.708338
353.33	 3.17647e+09	 2417	 0.709693
353.29	 3.17337e+09	 2583	 0.712227
353.25	 3.17462e+09	 3544	 0.708744
353.21	 3.17166e+09	 2412	 0.71005
353.17	 3.17342e+09	 2497	 0.711443
353.12	 3.17503e+09	 2532	 0.711086
353.09	 3.17511e+09	 2391	 0.709171
353.04	 3.1734e+09	 2210	 0.708767
353.01	 3.17339e+09	 2768	 0.710423
352.96	 3.17445e+09	 2493	 0.709713
352.92	 3.17461e+09	 2595	 0.710484
352.88	 3.17504e+09	 2711	 0.709085
352.84	 3.17799e+09	 2329	 0.708165
352.8	 3.17897e+09	 2529	 0.710637
352.76	 3.18022e+09	 2560	 0.708994
352.71	 3.18067e+09	 2372	 0.709422
352.68	 3.1784e+09	 2500	 0.710232
352.64	 3.17686e+09	 2430	 0.711508
352.6	 3.17549e+09	 2713	 0.709222
352.56	 3.17445e+09	 2427	 0.710306
352.51	 3.17517e+09	 2660	 0.710022
352.48	 3.17423e+09	 2738	 0.710928
352.44	 3.17496e+09	 2301	 0.709002
352.4	 3.17424e+09	 2988	 0.710003
352.36	 3.17489e+09	 2361	 0.710331
352.31	 3.17571e+09	 2429	 0.708642
352.28	 3.17616e+09	 4403	 0.708437
352.24	 3.17515e+09	 2392	 0.70794
352.19	 3.17613e+09	 2413	 0.710418
352.16	 3.17675e+09	 2715	 0.709457
352.11	 3.17612e+09	 2205	 0.709373
352.08	 3.17649e+09	 2441	 0.710917
352.04	 3.17469e+09	 2407	 0.711527
351.99	 3.17476e+09	 2510	 0.709227
351.96	 3.17431e+09	 2583	 0.709768
351.92	 3.17407e+09	 2369	 0.710215
351.88	 3.17423e+09	 2777	 0.709368
351.84	 3.17386e+09	 2808	 0.708912
351.79	 3.17419e+09	 2732	 0.708906
351.76	 3.17448e+09	 2552	 0.709329
351.72	 3.17346e+09	 2618	 0.710438
351.69	 3.17321e+09	 2700	 0.709898
351.64	 3.17399e+09	 2685	 0.709633
351.6	 3.17624e+09	 2564	 0.70926
351.57	 3.17447e+09	 2241	 0.70891
351.52	 3.17587e+09	 2341	 0.710547
351.49	 3.17282e+09	 2760	 0.710749
351.43	 3.17509e+09	 2632	 0.709573
351.39	 3.17507e+09	 2692	 0.709157
351.36	 3.17623e+09	 2320	 0.710963
351.31	 3.17438e+09	 2671	 0.709064
351.27	 3.17624e+09	 2574	 0.709468
351.24	 3.17682e+09	 2455	 0.709916
351.2	 3.17364e+09	 2406	 0.708879
351.16	 3.17323e+09	 2311	 0.709705
351.12	 3.17526e+09	 2441	 0.709556
351.08	 3.17681e+09	 3190	 0.710553
351.05	 3.17872e+09	 2390	 0.709001
351	 3.17847e+09	 2407	 0.709706
350.97	 3.1777e+09	 2636	 0.710016
350.93	 3.17882e+09	 2411	 0.709968
350.89	 3.17679e+09	 2665	 0.710335
350.85	 3.17701e+09	 2357	 0.709769
350.81	 3.1774e+09	 2287	 0.708012
350.78	 3.17705e+09	 2429	 0.708079
350.74	 3.17756e+09	 2360	 0.71002
350.69	 3.17796e+09	 2486	 0.708901
350.66	 3.17692e+09	 2301	 0.710822
350.62	 3.17837e+09	 2425	 0.711903
350.58	 3.17904e+09	 2691	 0.710071
350.54	 3.17939e+09	 2572	 0.709303
350.5	 3.1783e+09	 2758	 0.708968
350.47	 3.17789e+09	 2609	 0.70974
350.43	 3.177e+09	 2434	 0.711287
350.39	 3.17773e+09	 2640	 0.709856
350.35	 3.17715e+09	 2680	 0.708746
350.31	 3.17797e+09	 2183	 0.710153
350.28	 3.17762e+09	 2581	 0.708698
350.24	 3.17668e+09	 2801	 0.709138
350.2	 3.17633e+09	 2487	 0.70935
350.17	 3.17463e+09	 2371	 0.709964
350.12	 3.17597e+09	 2450	 0.708961
350.09	 3.177e+09	 2390	 0.708743
350.05	 3.17969e+09	 2507	 0.710772
350.01	 3.17977e+09	 2531	 0.708775
349.98	 3.17861e+09	 2467	 0.708848
349.94	 3.17874e+09	 2490	 0.709647
349.9	 3.17776e+09	 2569	 0.710827
349.86	 3.17712e+09	 2434	 0.70991
349.82	 3.17723e+09	 2742	 0.709342
349.79	 3.17636e+09	 2349	 0.709772
349.75	 3.17675e+09	 2661	 0.711383
349.72	 3.17847e+09	 2673	 0.709124
349.68	 3.17745e+09	 2743	 0.707868
349.63	 3.17841e+09	 2405	 0.710045
349.6	 3.17901e+09	 2347	 0.708609
349.56	 3.17704e+09	 2288	 0.708798
349.53	 3.17529e+09	 2280	 0.707082
349.47	 3.17827e+09	 2286	 0.70925
349.44	 3.17813e+09	 2418	 0.707386
349.4	 3.17987e+09	 2450	 0.709078
349.37	 3.1782e+09	 2371	 0.707712
349.33	 3.17897e+09	 2481	 0.708288
349.28	 3.17855e+09	 2567	 0.708963
349.26	 3.17691e+09	 2446	 0.709079
349.21	 3.17987e+09	 2596	 0.708984
349.18	 3.17844e+09	 2355	 0.708861
349.14	 3.17874e+09	 2268	 0.710444
349.1	 3.1782e+09	 2394	 0.708465
349.07	 3.17875e+09	 2346	 0.709743
349.03	 3.17902e+09	 2465	 0.708746
349	 3.17864e+09	 2394	 0.707826
348.96	 3.17848e+09	 11158	 0.702866
348.92	 3.17759e+09	 2295	 0.708874
348.89	 3.17831e+09	 2517	 0.709821
348.85	 3.17712e+09	 3667	 0.708952
348.82	 3.17803e+09	 2375	 0.708824
348.78	 3.17729e+09	 2577	 0.708336
348.74	 3.17796e+09	 2658	 0.708816
348.71	 3.17762e+09	 2298	 0.707571
348.67	 3.1785e+09	 2407	 0.709707
348.64	 3.17716e+09	 2451	 0.709398
348.6	 3.17596e+09	 2393	 0.710146
348.56	 3.1777e+09	 2495	 0.706746
348.53	 3.17824e+09	 2350	 0.709528
348.49	 3.17948e+09	 2613	 0.710076
348.46	 3.17769e+09	 2515	 0.709163
348.42	 3.17865e+09	 2315	 0.709308
348.38	 3.17725e+09	 2419	 0.707586
348.35	 3.17623e+09	 2617	 0.707605
348.31	 3.17719e+09	 2294	 0.709804
348.27	 3.17659e+09	 2643	 0.708066
348.24	 3.17667e+09	 2791	 0.708703
348.2	 3.17829e+09	 2272	 0.708735
348.17	 3.17756e+09	 2161	 0.709636
348.13	 3.17668e+09	 2495	 0.709451
348.09	 3.17815e+09	 2622	 0.709034
348.06	 3.17657e+09	 2514	 0.709051
348.02	 3.17569e+09	 2376	 0.709396
347.99	 3.17498e+09	 2367	 0.709472
347.95	 3.17536e+09	 2423	 0.708963
347.91	 3.17458e+09	 2595	 0.708938
347.88	 3.17521e+09	 2374	 0.709662
347.58	 3.17645e+09	 2265	 0.709318
347.55	 3.17871e+09	 2679	 0.706372
347.51	 3.17927e+09	 2581	 0.707036
347.47	 3.17732e+09	 2605	 0.70817
347.44	 3.17721e+09	 2584	 0.707833
347.4	 3.17724e+09	 2359	 0.708163
347.35	 3.1771e+09	 2519	 0.710592
347.33	 3.17869e+09	 2672	 0.707625
347.29	 3.17791e+09	 2469	 0.7088
347.25	 3.17767e+09	 2456	 0.709051
347.22	 3.17773e+09	 2204	 0.709484
347.18	 3.17864e+09	 2453	 0.708722
347.15	 3.17803e+09	 2368	 0.709756
347.11	 3.17925e+09	 2325	 0.70794
347.07	 3.17771e+09	 2355	 0.710575
347.05	 3.17679e+09	 2275	 0.70766
347.01	 3.17785e+09	 2425	 0.70901
346.98	 3.17947e+09	 2734	 0.709117
346.94	 3.17662e+09	 25291	 0.644038
346.9	 3.17569e+09	 2378	 0.710639
346.87	 3.17691e+09	 2352	 0.70915
346.83	 3.17766e+09	 2199	 0.708366
346.81	 3.17643e+09	 2377	 0.707856
346.77	 3.17812e+09	 2421	 0.708889
346.73	 3.17796e+09	 2391	 0.707771
346.7	 3.1768e+09	 2440	 0.709299
346.66	 3.1759e+09	 2606	 0.709638
346.63	 3.1775e+09	 2701	 0.709543
346.6	 3.17815e+09	 2252	 0.708998
346.56	 3.17685e+09	 2494	 0.710572
346.53	 3.17651e+09	 2308	 0.707957
346.49	 3.17643e+09	 5254	 0.707711
346.46	 3.17512e+09	 2396	 0.707851
346.43	 3.17589e+09	 2422	 0.709136
346.39	 3.17728e+09	 2148	 0.709838
346.36	 3.1757e+09	 2335	 0.709092
346.32	 3.17582e+09	 3345	 0.708937
346.29	 3.17446e+09	 2584	 0.709328
346.26	 3.17602e+09	 2455	 0.70776
346.22	 3.17493e+09	 2473	 0.7094
346.19	 3.17507e+09	 2362	 0.708934
346.15	 3.17544e+09	 2551	 0.709406
346.13	 3.17625e+09	 2513	 0.710304
346.09	 3.17498e+09	 2723	 0.709183
346.05	 3.17432e+09	 2586	 0.7081
346.02	 3.17347e+09	 2360	 0.709889
345.99	 3.17498e+09	 2333	 0.708568
345.96	 3.172e+09	 2464	 0.70905
345.92	 3.17228e+09	 2412	 0.708894
345.88	 3.17433e+09	 2432	 0.70796
345.86	 3.17363e+09	 2456	 0.708924
345.82	 3.17484e+09	 5549	 0.709779
345.78	 3.17481e+09	 2515	 0.708073
345.75	 3.17462e+09	 2507	 0.70852
345.72	 3.17426e+09	 2969	 0.709173
345.69	 3.17305e+09	 2327	 0.709016
345.65	 3.17337e+09	 2305	 0.709436
345.6	 3.17567e+09	 2513	 0.709698
345.57	 3.17712e+09	 2551	 0.708995
345.53	 3.17842e+09	 2526	 0.709994
345.51	 3.1751e+09	 2256	 0.707498
345.47	 3.17681e+09	 2501	 0.707932
345.44	 3.17836e+09	 2386	 0.710461
345.4	 3.17751e+09	 2515	 0.707661
345.37	 3.17819e+09	 5218	 0.705557
345.34	 3.17869e+09	 2194	 0.710428
345.3	 3.17789e+09	 2660	 0.709971
345.28	 3.1778e+09	 2583	 0.709025
345.24	 3.17835e+09	 2205	 0.708425
345.2	 3.17884e+09	 2323	 0.709751
345.17	 3.17595e+09	 2687	 0.707768
345.14	 3.17602e+09	 2552	 0.708884
345.11	 3.1759e+09	 2396	 0.708367
345.08	 3.17534e+09	 2363	 0.708215
345.04	 3.17424e+09	 2304	 0.709905
345.01	 3.1723e+09	 2553	 0.708096
344.97	 3.17241e+09	 2361	 0.709725
344.95	 3.17263e+09	 2592	 0.709282
344.91	 3.17504e+09	 2441	 0.709088
344.88	 3.17534e+09	 2385	 0.709943
344.85	 3.17464e+09	 2355	 0.707451
344.81	 3.17366e+09	 2432	 0.710099
344.78	 3.17455e+09	 2795	 0.708629
344.75	 3.17472e+09	 2436	 0.710601
344.72	 3.17339e+09	 2409	 0.70846
344.69	 3.17494e+09	 2487	 0.708358
344.65	 3.17341e+09	 2225	 0.709448
344.62	 3.17498e+09	 2546	 0.709728
344.59	 3.17524e+09	 2350	 0.710259
344.55	 3.17614e+09	 2225	 0.710311
344.53	 3.17569e+09	 2589	 0.709017
344.49	 3.17529e+09	 2347	 0.709157
344.45	 3.17171e+09	 2558	 0.709988
344.43	 3.17311e+09	 2162	 0.710423
344.39	 3.17266e+09	 2709	 0.708917
344.37	 3.17419e+09	 2481	 0.708934
344.33	 3.17408e+09	 2647	 0.710005
344.29	 3.17212e+09	 2358	 0.709072
344.27	 3.17304e+09	 2435	 0.709909
344.23	 3.17247e+09	 2367	 0.709537
344.21	 3.17477e+09	 2586	 0.707639
344.17	 3.17467e+09	 2418	 0.708901
344.14	 3.17421e+09	 2278	 0.710126
344.11	 3.17511e+09	 2246	 0.709733
344.07	 3.17486e+09	 2405	 0.708905
344.05	 3.17721e+09	 2385	 0.710907
344.01	 3.17686e+09	 2514	 0.709188
343.98	 3.17652e+09	 2501	 0.708912
343.93	 3.17641e+09	 2253	 0.7092
343.91	 3.17563e+09	 2390	 0.710877
343.87	 3.17608e+09	 2439	 0.709824
343.85	 3.17674e+09	 2399	 0.710027
343.81	 3.17743e+09	 2484	 0.708332
343.78	 3.17594e+09	 2251	 0.710553
343.75	 3.1764e+09	 2749	 0.708041
343.72	 3.17524e+09	 2446	 0.707256
343.69	 3.17354e+09	 2263	 0.71082
343.65	 3.17437e+09	 2213	 0.710649
343.62	 3.1738e+09	 2551	 0.710181
343.59	 3.17644e+09	 2222	 0.710127
343.56	 3.17749e+09	 2628	 0.709747
343.53	 3.17576e+09	 2276	 0.708972
343.5	 3.17527e+09	 2417	 0.710159
343.46	 3.17634e+09	 2226	 0.708921
343.44	 3.17576e+09	 2527	 0.709423
343.4	 3.17486e+09	 2375	 0.708655
343.38	 3.17485e+09	 2417	 0.709989
343.34	 3.17619e+09	 2590	 0.709554
343.31	 3.17686e+09	 2217	 0.709563
343.28	 3.17811e+09	 2510	 0.70782
343.25	 3.17635e+09	 2320	 0.710502
343.22	 3.17551e+09	 2322	 0.709443
343.19	 3.17578e+09	 4267	 0.707285
343.15	 3.17344e+09	 2497	 0.709719
343.13	 3.17507e+09	 2369	 0.708832
343.09	 3.17519e+09	 2451	 0.70881
343.06	 3.17671e+09	 2416	 0.708336
343.03	 3.17591e+09	 2772	 0.706865
343	 3.17653e+09	 2179	 0.708388
342.97	 3.17427e+09	 2143	 0.708817
342.94	 3.17463e+09	 2456	 0.708596
342.91	 3.17485e+09	 2443	 0.707926
342.88	 3.17598e+09	 2818	 0.710251
342.85	 3.17494e+09	 2334	 0.707282
342.82	 3.17454e+09	 2388	 0.708922
342.79	 3.17613e+09	 2400	 0.709204
342.75	 3.17519e+09	 2243	 0.708475
342.73	 3.17531e+09	 2553	 0.709578
342.69	 3.17458e+09	 2363	 0.709635
342.67	 3.17525e+09	 2372	 0.710513
342.63	 3.17564e+09	 2570	 0.709987
342.6	 3.17723e+09	 2305	 0.708027
342.58	 3.17832e+09	 2331	 0.709612
342.54	 3.17721e+09	 2312	 0.708742
342.52	 3.17738e+09	 2641	 0.708807
342.48	 3.17659e+09	 2196	 0.709519
342.45	 3.17639e+09	 2448	 0.708693
342.42	 3.17686e+09	 2472	 0.710611
342.17	 3.17812e+09	 2291	 0.709853
342.13	 3.17856e+09	 2505	 0.70608
342.11	 3.17711e+09	 2591	 0.708058
342.07	 3.17738e+09	 2761	 0.708438
342.05	 3.17653e+09	 2455	 0.710461
342.02	 3.17653e+09	 2382	 0.709033
341.98	 3.17706e+09	 2450	 0.708608
341.96	 3.17717e+09	 2567	 0.708356
341.93	 3.17702e+09	 2857	 0.709186
341.9	 3.1761e+09	 2376	 0.709481
341.87	 3.17782e+09	 2736	 0.709093
341.84	 3.178e+09	 2388	 0.708096
341.81	 3.17815e+09	 2595	 0.708066
341.78	 3.17755e+09	 2365	 0.708946
341.75	 3.17689e+09	 2753	 0.70973
341.72	 3.17737e+09	 2320	 0.709757
341.69	 3.17613e+09	 2520	 0.708581
341.67	 3.17729e+09	 2667	 0.70821
341.66	 3.17593e+09	 2358	 0.708933
341.67	 3.1775e+09	 3886	 0.707595
341.75	 3.17602e+09	 2633	 0.708828
341.93	 3.17614e+09	 2840	 0.708305
342.13	 3.17681e+09	 2647	 0.708377
342.52	 3.17648e+09	 2397	 0.708766
342.9	 3.17525e+09	 2609	 0.707688
343.48	 3.17566e+09	 2352	 0.710301
344.11	 3.17785e+09	 2416	 0.708513
344.59	 3.17649e+09	 2462	 0.709026
345.18	 3.17734e+09	 2504	 0.709886
345.58	 3.17428e+09	 2449	 0.710468
346.05	 3.17568e+09	 2530	 0.708704
346.43	 3.17385e+09	 2291	 0.710149
346.68	 3.17591e+09	 2543	 0.709844
346.97	 3.17498e+09	 2605	 0.708213
347.17	 3.17544e+09	 2373	 0.708442
347.45	 3.17479e+09	 2541	 0.709067
347.74	 3.17582e+09	 2634	 0.707886
347.97	 3.17616e+09	 2452	 0.708433
348.32	 3.17619e+09	 2749	 0.710154
348.71	 3.17565e+09	 2466	 0.708203
349.01	 3.17502e+09	 2681	 0.708752
349.43	 3.17738e+09	 2719	 0.710472
349.75	 3.17665e+09	 2328	 0.709975
350.17	 3.17664e+09	 2623	 0.708686
350.57	 3.17626e+09	 2464	 0.708605
350.86	 3.17564e+09	 2377	 0.70748
351.22	 3.17777e+09	 2591	 0.706802
351.48	 3.17929e+09	 6270	 0.705938
351.81	 3.17821e+09	 2629	 0.706282
352.12	 3.17744e+09	 2440	 0.708034
352.36	 3.17781e+09	 2561	 0.708827
352.68	 3.17822e+09	 2767	 0.70781
353.08	 3.17687e+09	 2367	 0.708426
353.33	 3.17704e+09	 2183	 0.708265
353.67	 3.17613e+09	 3047	 0.708979
353.94	 3.17617e+09	 2607	 0.708732
354.29	 3.17585e+09	 2888	 0.708676
354.65	 3.17307e+09	 2664	 0.708676
354.92	 3.17082e+09	 2927	 0.708715
355.28	 3.17026e+09	 2643	 0.708158
355.53	 3.17166e+09	 2573	 0.711662
355.88	 3.1724e+09	 2249	 0.708431
356.21	 3.17264e+09	 2399	 0.708423
356.46	 3.17314e+09	 2545	 0.709813
356.79	 3.17453e+09	 2643	 0.709257
357.04	 3.17594e+09	 2550	 0.709574
357.36	 3.17449e+09	 2579	 0.707984
357.69	 3.17386e+09	 2989	 0.709299
357.94	 3.17157e+09	 2634	 0.708957
358.27	 3.17382e+09	 2631	 0.708159
358.52	 3.17359e+09	 3985	 0.707395
358.85	 3.17581e+09	 2594	 0.7093
359.2	 3.17598e+09	 2688	 0.708703
359.45	 3.17484e+09	 2720	 0.707977
359.79	 3.17635e+09	 6064	 0.707492
360.04	 3.17598e+09	 2626	 0.709547
360.38	 3.17607e+09	 2310	 0.710662
360.72	 3.17504e+09	 2631	 0.708704
360.97	 3.17356e+09	 2657	 0.707796
361.3	 3.17581e+09	 2700	 0.708819
361.63	 3.17437e+09	 2454	 0.709912
361.88	 3.17456e+09	 2612	 0.70854
362.21	 3.17479e+09	 3616	 0.708389
362.46	 3.17608e+09	 2547	 0.708732
362.79	 3.17635e+09	 2761	 0.709144
363.12	 3.17493e+09	 2533	 0.710932
363.37	 3.17485e+09	 2858	 0.709294
363.71	 3.17439e+09	 2687	 0.709262
363.96	 3.17302e+09	 2419	 0.709482
364.29	 3.17562e+09	 2414	 0.710169
364.63	 3.17401e+09	 2515	 0.709668
364.88	 3.17455e+09	 2659	 0.709995
365.21	 3.1757e+09	 2510	 0.709436
365.46	 3.17674e+09	 2500	 0.708027
365.8	 3.17681e+09	 2951	 0.709403
366.13	 3.17675e+09	 2573	 0.710109
366.38	 3.17717e+09	 3267	 0.709468
366.71	 3.17697e+09	 2545	 0.709235
366.96	 3.17685e+09	 2689	 0.710285
367.29	 3.17536e+09	 2439	 0.709212
367.62	 3.17576e+09	 2804	 0.70882
367.87	 3.17633e+09	 2605	 0.708823
368.2	 3.17476e+09	 2623	 0.708816
368.62	 3.17453e+09	 2949	 0.709626
368.87	 3.17344e+09	 2857	 0.707278
369.21	 3.17412e+09	 2554	 0.708265
369.54	 3.17332e+09	 2983	 0.708897
369.79	 3.17273e+09	 3270	 0.709862
370.12	 3.17431e+09	 3072	 0.709675
370.37	 3.17486e+09	 2548	 0.709492
370.7	 3.17506e+09	 3066	 0.707766
371.04	 3.1761e+09	 3071	 0.708811
371.29	 3.17393e+09	 3473	 0.708989
371.62	 3.17462e+09	 2759	 0.709274
371.87	 3.17388e+09	 3173	 0.707908
372.2	 3.17544e+09	 2998	 0.709544
372.53	 3.17512e+09	 2856	 0.708494
372.79	 3.17522e+09	 3329	 0.707835
373.12	 3.17649e+09	 2918	 0.710623
373.37	 3.17414e+09	 2779	 0.707729
373.7	 3.17453e+09	 2799	 0.709207
374.03	 3.17689e+09	 3172	 0.706753
374.28	 3.17445e+09	 3159	 0.708105
374.61	 3.17425e+09	 3035	 0.707693
374.86	 3.17722e+09	 3079	 0.708796
375.2	 3.17594e+09	 3309	 0.707312
375.53	 3.17527e+09	 3540	 0.710625
375.78	 3.17524e+09	 3177	 0.709345
376.11	 3.17722e+09	 3032	 0.710924
376.36	 3.17633e+09	 3191	 0.708075
376.69	 3.17742e+09	 3472	 0.707223
377.03	 3.1782e+09	 3153	 0.708959
377.28	 3.17725e+09	 3347	 0.709634
377.61	 3.17776e+09	 2968	 0.709276
377.86	 3.17812e+09	 3165	 0.708821
378.19	 3.17633e+09	 3236	 0.708588
378.53	 3.17656e+09	 3210	 0.709643
378.78	 3.17594e+09	 3101	 0.709805
379.11	 3.1779e+09	 2890	 0.708799
379.44	 3.17862e+09	 3164	 0.710097
379.69	 3.17818e+09	 3247	 0.709408
380.02	 3.17845e+09	 3155	 0.709874
380.27	 3.17759e+09	 3409	 0.710369
380.61	 3.17751e+09	 2745	 0.710301
380.94	 3.17788e+09	 2907	 0.70991
381.19	 3.17613e+09	 3007	 0.709018
381.52	 3.17598e+09	 2977	 0.711242
381.77	 3.17614e+09	 2793	 0.71037
382.1	 3.17529e+09	 2924	 0.712498
382.43	 3.17647e+09	 3186	 0.711114
382.69	 3.17675e+09	 2864	 0.712465
383.02	 3.17662e+09	 2971	 0.711574
383.27	 3.17617e+09	 2842	 0.710631
383.6	 3.17545e+09	 2851	 0.711038
384.02	 3.17519e+09	 3154	 0.711523
384.35	 3.17547e+09	 2619	 0.711515
384.6	 3.17686e+09	 2897	 0.712244
384.93	 3.17646e+09	 2718	 0.711421
387.35	 3.1769e+09	 2618	 0.711369
387.68	 3.17839e+09	 3218	 0.709966
387.93	 3.17998e+09	 2874	 0.71385
388.26	 3.18096e+09	 2932	 0.712728
388.6	 3.18102e+09	 2727	 0.711783
388.85	 3.17793e+09	 2759	 0.713427
389.18	 3.17898e+09	 2609	 0.714178
389.43	 3.17823e+09	 2981	 0.715046
389.76	 3.17804e+09	 2568	 0.714082
390.01	 3.17787e+09	 2287	 0.715431
390.34	 3.1794e+09	 2327	 0.715535
390.67	 3.17847e+09	 2425	 0.715615
390.92	 3.17934e+09	 2407	 0.715569
391.26	 3.17919e+09	 2559	 0.715403
391.59	 3.17856e+09	 2646	 0.717645
391.84	 3.17878e+09	 2375	 0.717065
392.17	 3.17837e+09	 2435	 0.71679
392.42	 3.17829e+09	 2443	 0.716454
392.75	 3.17787e+09	 2726	 0.717143
393.09	 3.1788e+09	 2344	 0.717795
393.34	 3.17887e+09	 2577	 0.719228
393.67	 3.17823e+09	 2477	 0.718517
393.92	 3.17668e+09	 2691	 0.720178
394.25	 3.17821e+09	 2795	 0.716886
394.58	 3.17699e+09	 2479	 0.719942
394.84	 3.17931e+09	 2710	 0.719616
395.17	 3.17665e+09	 2912	 0.719931
395.42	 3.17697e+09	 2765	 0.720714
395.75	 3.17568e+09	 2756	 0.718678
396.08	 3.17676e+09	 3057	 0.717802
396.33	 3.17636e+09	 2887	 0.718815
396.66	 3.17636e+09	 2790	 0.718928
396.91	 3.17599e+09	 2849	 0.720557
397.25	 3.17591e+09	 3091	 0.72028
397.58	 3.17725e+09	 2817	 0.721283
397.83	 3.17536e+09	 2806	 0.719666
398.16	 3.17651e+09	 3454	 0.718961
398.41	 3.17591e+09	 2832	 0.720818
398.75	 3.17437e+09	 3224	 0.721655
399.08	 3.17546e+09	 3332	 0.720207
399.33	 3.17735e+09	 3185	 0.719905
399.66	 3.17731e+09	 3256	 0.720623
399.91	 3.17649e+09	 3285	 0.720244
400.24	 3.17501e+09	 3429	 0.720425
400.58	 3.17599e+09	 8850	 0.716867
400.82	 3.17565e+09	 3475	 0.721479
401.16	 3.17442e+09	 3345	 0.722749
401.57	 3.1776e+09	 3885	 0.721662
401.82	 3.17753e+09	 3394	 0.721278
402.16	 3.17734e+09	 3543	 0.721307
402.48	 3.17704e+09	 3244	 0.720872
402.74	 3.17729e+09	 3509	 0.721815
403.07	 3.1781e+09	 3445	 0.720269
403.32	 3.17887e+09	 3448	 0.722501
403.66	 3.17842e+09	 3728	 0.721132
403.99	 3.17732e+09	 3329	 0.721877
404.24	 3.17881e+09	 3028	 0.720752
404.57	 3.17999e+09	 3485	 0.720477
404.82	 3.18043e+09	 3327	 0.724112
405.15	 3.17865e+09	 3427	 0.722765
405.48	 3.17846e+09	 3095	 0.722786
405.73	 3.17706e+09	 3313	 0.722607
406.07	 3.17796e+09	 3202	 0.722047
406.32	 3.17811e+09	 3127	 0.721583
406.65	 3.17803e+09	 3205	 0.721888
406.98	 3.17749e+09	 3212	 0.721078
407.23	 3.17908e+09	 3763	 0.721595
407.56	 3.17819e+09	 3722	 0.722973
407.82	 3.17888e+09	 3783	 0.722333
408.15	 3.17945e+09	 3531	 0.721039
408.49	 3.17863e+09	 3933	 0.722036
408.74	 3.17971e+09	 3648	 0.722836
409.07	 3.18009e+09	 3835	 0.724047
409.32	 3.18001e+09	 3580	 0.721446
409.65	 3.18087e+09	 4230	 0.723077
409.98	 3.18125e+09	 3971	 0.723389
410.23	 3.18152e+09	 4260	 0.722489
410.56	 3.18175e+09	 3914	 0.724248
410.89	 3.18033e+09	 4023	 0.725682
411.14	 3.18122e+09	 4318	 0.724074
411.48	 3.18187e+09	 4519	 0.724372
411.72	 3.18304e+09	 4170	 0.726434
412.06	 3.1815e+09	 4386	 0.725768
412.39	 3.18284e+09	 4808	 0.725789
412.64	 3.18349e+09	 4749	 0.726299
412.98	 3.18265e+09	 4897	 0.726694
413.23	 3.18278e+09	 4381	 0.726985
413.56	 3.18306e+09	 4769	 0.729565
413.89	 3.18197e+09	 5340	 0.729899
414.14	 3.18292e+09	 4853	 0.731732
414.47	 3.18264e+09	 4471	 0.734028
414.72	 3.18303e+09	 4608	 0.733524
415.05	 3.18111e+09	 4803	 0.736686
415.39	 3.18332e+09	 5014	 0.738345
415.63	 3.18491e+09	 4451	 0.739606
415.96	 3.18309e+09	 4788	 0.740028
416.22	 3.18233e+09	 4802	 0.742462
416.55	 3.18322e+09	 4319	 0.743764
