Temperature 	 Sum 	  Maxval 	 R 
420.08	 3.18134e+09	 10656	 1
420.07	 3.18223e+09	 11738	 0.813661
420.05	 3.18169e+09	 11758	 0.817377
419.98	 3.18188e+09	 9986	 0.813306
419.87	 3.18173e+09	 10318	 0.813766
419.77	 3.18133e+09	 12071	 0.818006
419.62	 3.17941e+09	 10799	 0.818451
419.5	 3.18073e+09	 11096	 0.814327
419.32	 3.18052e+09	 11065	 0.818284
419.15	 3.17897e+09	 10871	 0.812169
419.02	 3.17966e+09	 10823	 0.812152
418.85	 3.17946e+09	 10131	 0.814057
418.72	 3.1797e+09	 9716	 0.811696
418.56	 3.182e+09	 10546	 0.81622
418.39	 3.18148e+09	 9059	 0.80664
418.27	 3.18133e+09	 10210	 0.813564
418.11	 3.18164e+09	 10213	 0.812896
417.99	 3.1807e+09	 9350	 0.813713
417.83	 3.18106e+09	 11272	 0.816817
417.66	 3.17964e+09	 11726	 0.81601
417.5	 3.18029e+09	 9350	 0.809669
417.34	 3.18203e+09	 9259	 0.809134
417.22	 3.18022e+09	 9456	 0.804524
417.06	 3.17927e+09	 8962	 0.802811
416.94	 3.18252e+09	 9918	 0.811928
416.79	 3.17945e+09	 10834	 0.813616
416.63	 3.17908e+09	 9544	 0.807233
416.51	 3.17698e+09	 10270	 0.812201
416.36	 3.17776e+09	 10757	 0.81046
416.24	 3.18022e+09	 9784	 0.806455
416.08	 3.17976e+09	 9256	 0.804602
415.92	 3.17968e+09	 10541	 0.810066
415.81	 3.17707e+09	 9124	 0.804196
415.65	 3.17868e+09	 9188	 0.806807
415.54	 3.18111e+09	 9087	 0.800692
415.38	 3.18304e+09	 9993	 0.808334
415.23	 3.18057e+09	 8566	 0.794899
415.11	 3.18211e+09	 8960	 0.796092
414.96	 3.17983e+09	 9779	 0.799224
414.84	 3.18088e+09	 9779	 0.801772
414.69	 3.18124e+09	 9661	 0.802266
414.54	 3.17968e+09	 9356	 0.793031
414.42	 3.17908e+09	 9527	 0.797312
414.27	 3.18008e+09	 9776	 0.801783
414.15	 3.18153e+09	 10107	 0.803521
414	 3.18168e+09	 11488	 0.804632
413.85	 3.18078e+09	 10755	 0.80147
413.73	 3.181e+09	 11011	 0.802098
413.58	 3.18002e+09	 9700	 0.798485
413.47	 3.18139e+09	 9396	 0.790145
413.32	 3.18201e+09	 11327	 0.796967
413.13	 3.18103e+09	 11039	 0.788622
412.98	 3.18407e+09	 10988	 0.800344
412.87	 3.18452e+09	 9969	 0.790445
412.72	 3.18206e+09	 10076	 0.791874
412.57	 3.18321e+09	 9918	 0.789266
412.46	 3.18357e+09	 10450	 0.789642
412.31	 3.18298e+09	 10310	 0.787165
412.2	 3.18279e+09	 9399	 0.789453
412.05	 3.18198e+09	 10097	 0.792405
411.9	 3.18444e+09	 9779	 0.788073
411.79	 3.18352e+09	 10421	 0.785134
411.64	 3.18243e+09	 10847	 0.783893
411.53	 3.18142e+09	 10411	 0.788203
411.39	 3.18076e+09	 10755	 0.792826
411.24	 3.1824e+09	 10741	 0.791437
411.13	 3.18389e+09	 12622	 0.790686
410.99	 3.18362e+09	 9192	 0.78011
410.88	 3.1849e+09	 10801	 0.791356
410.73	 3.18325e+09	 10454	 0.786293
410.58	 3.18036e+09	 9021	 0.778357
410.48	 3.18167e+09	 12103	 0.789068
410.33	 3.18045e+09	 9325	 0.779805
410.22	 3.18284e+09	 10507	 0.781865
410.08	 3.17992e+09	 10272	 0.777895
409.94	 3.17899e+09	 10405	 0.786079
409.83	 3.17866e+09	 10558	 0.782529
409.69	 3.17863e+09	 11563	 0.784738
409.55	 3.17912e+09	 11474	 0.777123
409.44	 3.18091e+09	 11517	 0.784158
409.3	 3.17942e+09	 10279	 0.77789
409.19	 3.17962e+09	 11128	 0.776618
409.05	 3.17959e+09	 10715	 0.777325
408.91	 3.1771e+09	 10465	 0.774214
408.8	 3.17817e+09	 10483	 0.772618
408.66	 3.17786e+09	 11014	 0.777008
408.56	 3.17784e+09	 10581	 0.770713
408.42	 3.17765e+09	 9728	 0.76712
408.28	 3.17731e+09	 11163	 0.780683
408.17	 3.17786e+09	 11104	 0.770857
408.03	 3.17591e+09	 10401	 0.77247
407.93	 3.17661e+09	 12000	 0.775012
407.79	 3.17771e+09	 9445	 0.766269
407.66	 3.1773e+09	 10876	 0.7698
407.55	 3.17792e+09	 9753	 0.761352
407.41	 3.17767e+09	 10790	 0.775452
407.31	 3.17744e+09	 11187	 0.765714
407.17	 3.17705e+09	 11281	 0.767921
407.04	 3.17545e+09	 11399	 0.775187
406.94	 3.17565e+09	 11345	 0.763242
406.8	 3.17679e+09	 10677	 0.755817
406.7	 3.17753e+09	 10943	 0.769112
406.53	 3.17713e+09	 11169	 0.76211
406.39	 3.17702e+09	 10019	 0.765529
406.29	 3.17665e+09	 10243	 0.755203
406.16	 3.17671e+09	 9751	 0.762011
406.03	 3.17594e+09	 11425	 0.761966
405.92	 3.17604e+09	 11450	 0.766635
404.9	 3.17909e+09	 9807	 0.76304
404.8	 3.178e+09	 11295	 0.753515
404.67	 3.17834e+09	 11842	 0.755262
404.54	 3.17783e+09	 12547	 0.750175
404.44	 3.17821e+09	 12380	 0.746913
404.31	 3.17571e+09	 12216	 0.75412
404.18	 3.17753e+09	 10849	 0.753622
404.08	 3.17709e+09	 13734	 0.739163
403.95	 3.17859e+09	 14095	 0.739761
403.86	 3.17798e+09	 12212	 0.755138
403.73	 3.17673e+09	 11779	 0.749709
403.6	 3.17796e+09	 12802	 0.747706
403.5	 3.17558e+09	 12772	 0.743403
403.37	 3.1744e+09	 12488	 0.748897
403.28	 3.17455e+09	 12952	 0.729472
403.15	 3.17541e+09	 13535	 0.742018
403.02	 3.17539e+09	 11721	 0.747467
402.93	 3.17625e+09	 13666	 0.747154
402.8	 3.17348e+09	 12955	 0.745496
402.71	 3.17416e+09	 13734	 0.736305
402.58	 3.17611e+09	 13171	 0.737111
402.46	 3.17416e+09	 13220	 0.745978
402.36	 3.1754e+09	 13871	 0.745702
402.23	 3.17544e+09	 13801	 0.737437
402.14	 3.17686e+09	 13953	 0.739603
402.01	 3.17533e+09	 14495	 0.740267
401.89	 3.17523e+09	 14873	 0.732882
401.8	 3.17537e+09	 14063	 0.736497
401.67	 3.17455e+09	 13783	 0.732746
401.58	 3.17489e+09	 15825	 0.733263
401.45	 3.17436e+09	 13345	 0.735424
401.33	 3.17305e+09	 14026	 0.740289
401.24	 3.17534e+09	 16134	 0.72718
401.11	 3.17634e+09	 13963	 0.738127
401.02	 3.17824e+09	 14816	 0.737075
400.9	 3.1771e+09	 14757	 0.738447
400.78	 3.1773e+09	 16503	 0.730685
400.69	 3.17562e+09	 14950	 0.731039
400.56	 3.17652e+09	 15748	 0.721027
400.47	 3.17582e+09	 14557	 0.731646
400.35	 3.17742e+09	 14580	 0.732837
400.23	 3.17706e+09	 15182	 0.730735
400.13	 3.17749e+09	 15186	 0.723821
400.01	 3.17583e+09	 16733	 0.717707
399.92	 3.17549e+09	 16955	 0.721996
399.77	 3.17366e+09	 15634	 0.728964
399.65	 3.17643e+09	 15012	 0.731337
399.53	 3.17522e+09	 15824	 0.725076
399.44	 3.17427e+09	 14431	 0.730336
399.32	 3.17463e+09	 15321	 0.723483
399.23	 3.17331e+09	 15367	 0.728779
399.11	 3.17368e+09	 14582	 0.727051
398.99	 3.17187e+09	 16500	 0.720881
398.9	 3.17128e+09	 16393	 0.718056
398.78	 3.17036e+09	 17723	 0.715191
398.69	 3.17276e+09	 17303	 0.720354
398.57	 3.1725e+09	 16163	 0.723556
398.46	 3.17394e+09	 15102	 0.726062
398.37	 3.17433e+09	 16522	 0.714286
398.25	 3.17408e+09	 17228	 0.723377
398.16	 3.17302e+09	 15687	 0.724301
398.05	 3.17283e+09	 16766	 0.726031
397.93	 3.17204e+09	 14649	 0.732911
397.84	 3.17181e+09	 15383	 0.729475
397.72	 3.17032e+09	 16467	 0.724935
397.64	 3.17186e+09	 14827	 0.728024
397.52	 3.17268e+09	 17686	 0.721344
397.41	 3.17187e+09	 16727	 0.721082
397.32	 3.1729e+09	 15600	 0.725243
397.2	 3.17467e+09	 15624	 0.728207
397.08	 3.17453e+09	 15196	 0.729956
397	 3.17447e+09	 16123	 0.727955
396.88	 3.17509e+09	 17523	 0.7167
396.8	 3.17292e+09	 15825	 0.728375
396.68	 3.17404e+09	 15729	 0.723556
396.57	 3.17441e+09	 15963	 0.729471
396.48	 3.17534e+09	 16622	 0.725446
396.37	 3.17456e+09	 17718	 0.727874
396.28	 3.17192e+09	 15336	 0.724297
396.17	 3.17345e+09	 16426	 0.726097
396.06	 3.17268e+09	 15927	 0.723928
395.97	 3.17383e+09	 15181	 0.722716
395.86	 3.17563e+09	 16627	 0.728429
395.78	 3.17462e+09	 15955	 0.720922
395.66	 3.1718e+09	 14226	 0.730634
395.55	 3.17117e+09	 17760	 0.721326
395.46	 3.1685e+09	 17398	 0.722749
395.35	 3.17042e+09	 17149	 0.724904
395.27	 3.16968e+09	 14834	 0.731293
395.15	 3.16908e+09	 14899	 0.722521
395.04	 3.1704e+09	 16927	 0.730104
394.96	 3.17192e+09	 15067	 0.72551
394.85	 3.17304e+09	 15912	 0.717042
394.76	 3.1712e+09	 15887	 0.726864
394.65	 3.1734e+09	 16687	 0.727742
394.54	 3.17532e+09	 15210	 0.726691
394.41	 3.17455e+09	 15106	 0.724815
394.32	 3.1736e+09	 14159	 0.736279
394.21	 3.1735e+09	 15170	 0.727086
394.13	 3.17157e+09	 14773	 0.729589
394.02	 3.17371e+09	 14863	 0.722586
393.91	 3.17313e+09	 14038	 0.732308
393.83	 3.17215e+09	 15649	 0.722738
393.72	 3.17323e+09	 15194	 0.722262
393.64	 3.17148e+09	 15425	 0.724187
393.53	 3.17142e+09	 15570	 0.728194
393.42	 3.17082e+09	 14342	 0.726269
393.34	 3.17033e+09	 14180	 0.725943
393.23	 3.17022e+09	 14932	 0.726725
393.15	 3.1718e+09	 15679	 0.720525
393.05	 3.17239e+09	 15365	 0.727365
392.94	 3.17276e+09	 13281	 0.729041
392.86	 3.17296e+09	 14899	 0.725004
392.75	 3.17476e+09	 15911	 0.724223
392.67	 3.17492e+09	 16365	 0.724701
392.56	 3.17301e+09	 14317	 0.733114
392.46	 3.17274e+09	 14391	 0.726314
392.38	 3.17376e+09	 14788	 0.728511
392.27	 3.17242e+09	 15053	 0.720537
392.19	 3.17158e+09	 14247	 0.721014
392.09	 3.17266e+09	 14443	 0.732086
391.98	 3.17403e+09	 14323	 0.727467
391.9	 3.17833e+09	 15230	 0.725373
391.79	 3.17771e+09	 16040	 0.720924
391.69	 3.17676e+09	 14991	 0.71935
391.61	 3.17509e+09	 14473	 0.726748
391.5	 3.17513e+09	 14677	 0.720253
391.43	 3.17456e+09	 14520	 0.726865
391.32	 3.17437e+09	 13752	 0.727937
391.22	 3.17505e+09	 14897	 0.726032
391.14	 3.17594e+09	 14416	 0.725592
391.03	 3.17719e+09	 16791	 0.71353
390.96	 3.17389e+09	 14898	 0.724127
390.85	 3.17448e+09	 15095	 0.723361
390.75	 3.17327e+09	 14119	 0.725295
390.67	 3.17303e+09	 15415	 0.722019
390.57	 3.1741e+09	 15610	 0.716223
390.49	 3.17435e+09	 16068	 0.728278
390.39	 3.17531e+09	 13595	 0.722225
390.29	 3.17788e+09	 15847	 0.716357
390.21	 3.17413e+09	 15733	 0.719985
390.11	 3.1748e+09	 14712	 0.717661
390.03	 3.17276e+09	 16049	 0.717493
389.93	 3.17267e+09	 14938	 0.720774
389.83	 3.17171e+09	 15315	 0.717146
389.75	 3.17005e+09	 14114	 0.716006
389.65	 3.16987e+09	 14789	 0.726975
389.52	 3.17045e+09	 15595	 0.708296
389.45	 3.17044e+09	 16151	 0.714028
389.35	 3.17292e+09	 16039	 0.714245
389.27	 3.1723e+09	 16855	 0.711198
389.17	 3.17368e+09	 15896	 0.712318
389.07	 3.17236e+09	 13891	 0.723737
388.99	 3.17261e+09	 16055	 0.707599
388.9	 3.1722e+09	 16744	 0.712724
388.82	 3.17226e+09	 16240	 0.711474
388.72	 3.17044e+09	 16215	 0.719246
388.62	 3.17158e+09	 15752	 0.71438
387.93	 3.17174e+09	 16979	 0.707015
387.83	 3.16869e+09	 17336	 0.700725
387.73	 3.17083e+09	 18676	 0.700024
387.66	 3.17108e+09	 17249	 0.70022
387.56	 3.17086e+09	 17402	 0.703317
387.49	 3.17263e+09	 16154	 0.708411
387.39	 3.17234e+09	 16707	 0.697775
387.29	 3.1733e+09	 17527	 0.703794
387.22	 3.1733e+09	 16716	 0.70118
387.12	 3.17212e+09	 16367	 0.707034
387.05	 3.17174e+09	 17177	 0.705511
386.95	 3.17154e+09	 17020	 0.701758
386.86	 3.17111e+09	 16000	 0.705702
386.79	 3.1723e+09	 17531	 0.698783
386.69	 3.17225e+09	 16389	 0.70592
386.62	 3.17189e+09	 17711	 0.697588
386.52	 3.17101e+09	 17065	 0.70002
386.42	 3.17204e+09	 18087	 0.694295
386.36	 3.17281e+09	 17399	 0.700771
386.26	 3.17314e+09	 15885	 0.699143
386.19	 3.17439e+09	 18499	 0.687725
386.09	 3.17386e+09	 17933	 0.689845
386	 3.17034e+09	 18682	 0.689719
385.93	 3.17161e+09	 18905	 0.687345
385.83	 3.17147e+09	 17166	 0.696228
385.76	 3.1715e+09	 16777	 0.694557
385.67	 3.17198e+09	 17796	 0.686891
385.58	 3.17094e+09	 19758	 0.686477
385.5	 3.17323e+09	 17519	 0.687209
385.41	 3.17504e+09	 17821	 0.690452
385.34	 3.17289e+09	 17186	 0.689669
385.25	 3.17318e+09	 18387	 0.692432
385.15	 3.17116e+09	 17321	 0.694844
385.08	 3.1713e+09	 16619	 0.692205
384.99	 3.17123e+09	 18280	 0.683363
384.92	 3.17145e+09	 17756	 0.686519
384.83	 3.17098e+09	 16164	 0.69718
384.74	 3.17185e+09	 19518	 0.687097
384.67	 3.17113e+09	 17354	 0.687471
384.57	 3.17074e+09	 16813	 0.686587
384.46	 3.17222e+09	 17870	 0.684773
384.39	 3.17199e+09	 18104	 0.679569
384.3	 3.17131e+09	 18096	 0.678745
384.2	 3.17372e+09	 17787	 0.678033
384.14	 3.17287e+09	 17193	 0.689081
384.04	 3.17243e+09	 19335	 0.681136
383.98	 3.17335e+09	 17648	 0.679543
383.88	 3.17171e+09	 18955	 0.684447
383.8	 3.17195e+09	 18950	 0.678315
383.73	 3.17164e+09	 16310	 0.687431
383.63	 3.173e+09	 17956	 0.687463
383.57	 3.1731e+09	 16935	 0.684371
383.48	 3.17063e+09	 16683	 0.685627
383.38	 3.17111e+09	 17128	 0.678379
383.32	 3.17265e+09	 17185	 0.682872
383.23	 3.17371e+09	 17905	 0.678472
383.16	 3.17305e+09	 17410	 0.673942
383.07	 3.1727e+09	 16789	 0.679331
382.98	 3.17089e+09	 17916	 0.679387
382.91	 3.17257e+09	 17456	 0.66943
382.82	 3.17181e+09	 18134	 0.674675
382.76	 3.17208e+09	 17563	 0.67763
382.67	 3.17154e+09	 17557	 0.670817
382.58	 3.17143e+09	 16814	 0.676481
382.51	 3.17129e+09	 18026	 0.672143
382.42	 3.17333e+09	 17224	 0.67213
382.36	 3.17371e+09	 18371	 0.676863
382.27	 3.17124e+09	 18675	 0.666028
382.18	 3.17036e+09	 18353	 0.669724
382.11	 3.1691e+09	 17648	 0.670328
382.03	 3.17156e+09	 17488	 0.6721
381.94	 3.17211e+09	 15914	 0.672143
381.87	 3.17306e+09	 16443	 0.670758
381.78	 3.17319e+09	 18307	 0.664443
381.72	 3.17253e+09	 18521	 0.663694
381.63	 3.17234e+09	 18901	 0.661214
381.54	 3.17381e+09	 17389	 0.662966
381.48	 3.17392e+09	 17600	 0.661589
381.39	 3.17401e+09	 16704	 0.669752
381.33	 3.17384e+09	 17568	 0.660634
381.24	 3.17314e+09	 17089	 0.665223
381.15	 3.17325e+09	 17122	 0.667615
381.09	 3.17443e+09	 18250	 0.659648
381	 3.17378e+09	 18107	 0.664641
380.94	 3.17416e+09	 17875	 0.656965
380.85	 3.17175e+09	 18713	 0.659183
380.76	 3.17137e+09	 18032	 0.653783
380.7	 3.1714e+09	 18324	 0.653676
380.62	 3.16971e+09	 18568	 0.65599
380.55	 3.16792e+09	 17905	 0.668246
380.47	 3.17e+09	 17478	 0.667572
380.36	 3.17015e+09	 15430	 0.664009
380.28	 3.17165e+09	 18299	 0.653476
380.21	 3.17076e+09	 18194	 0.646233
380.13	 3.16962e+09	 16647	 0.658247
380.06	 3.17166e+09	 17224	 0.656998
379.98	 3.17021e+09	 15689	 0.662212
379.89	 3.1712e+09	 17687	 0.652531
379.83	 3.16961e+09	 16927	 0.64808
379.75	 3.16826e+09	 17778	 0.653412
379.68	 3.16851e+09	 16755	 0.656978
379.6	 3.16736e+09	 17696	 0.653363
379.52	 3.16654e+09	 16596	 0.649697
379.45	 3.16948e+09	 18353	 0.652843
379.37	 3.16963e+09	 17452	 0.648583
379.31	 3.169e+09	 16747	 0.649964
379.22	 3.16988e+09	 18353	 0.646074
379.14	 3.16955e+09	 17216	 0.655598
379.08	 3.1693e+09	 17948	 0.646013
378.99	 3.16893e+09	 17117	 0.652746
378.93	 3.16825e+09	 16787	 0.648095
378.85	 3.16872e+09	 18106	 0.637684
378.77	 3.16827e+09	 16361	 0.646906
378.7	 3.16954e+09	 19628	 0.637239
378.62	 3.17009e+09	 16669	 0.650419
378.54	 3.1705e+09	 16403	 0.646471
378.48	 3.1701e+09	 18775	 0.64032
378.39	 3.17235e+09	 17862	 0.64406
378.33	 3.17309e+09	 17576	 0.639421
378.25	 3.17027e+09	 16979	 0.641305
378.17	 3.17122e+09	 17728	 0.632102
378.11	 3.17088e+09	 16395	 0.642361
378.03	 3.17238e+09	 17544	 0.636131
377.97	 3.1707e+09	 18355	 0.631299
377.89	 3.17109e+09	 16667	 0.640033
377.8	 3.17256e+09	 18017	 0.629574
377.74	 3.1744e+09	 17861	 0.637466
377.66	 3.17473e+09	 18178	 0.628275
377.6	 3.17274e+09	 18463	 0.636623
377.52	 3.17012e+09	 19064	 0.626
377.44	 3.17075e+09	 17860	 0.636628
377.38	 3.17316e+09	 19068	 0.631598
377.3	 3.17282e+09	 16745	 0.638854
377.24	 3.17157e+09	 17698	 0.626953
377.16	 3.17159e+09	 17990	 0.629549
377.08	 3.17336e+09	 17730	 0.632537
377.02	 3.17192e+09	 18111	 0.628976
376.94	 3.17138e+09	 19255	 0.624156
376.88	 3.17362e+09	 19353	 0.621432
376.8	 3.17322e+09	 20063	 0.621321
376.72	 3.17372e+09	 17703	 0.632463
376.66	 3.17323e+09	 20141	 0.622358
376.57	 3.17447e+09	 19202	 0.624489
376.49	 3.17457e+09	 18232	 0.623349
376.41	 3.17349e+09	 18839	 0.61935
376.35	 3.17269e+09	 17861	 0.628395
376.27	 3.17266e+09	 19901	 0.617159
376.21	 3.17452e+09	 19343	 0.625731
376.13	 3.17193e+09	 19366	 0.618232
376.05	 3.17543e+09	 19086	 0.61855
375.99	 3.17446e+09	 17649	 0.625247
375.92	 3.17268e+09	 18762	 0.621727
375.86	 3.17384e+09	 18769	 0.626254
375.78	 3.17344e+09	 18819	 0.617968
375.7	 3.17253e+09	 18926	 0.624131
375.64	 3.17279e+09	 20002	 0.614245
375.57	 3.17375e+09	 19019	 0.619573
375.51	 3.17423e+09	 19481	 0.615382
374.89	 3.1752e+09	 19991	 0.616101
374.83	 3.17506e+09	 19964	 0.613209
374.76	 3.17651e+09	 20089	 0.605696
374.7	 3.17687e+09	 21161	 0.606318
374.62	 3.17654e+09	 20880	 0.60064
374.55	 3.17671e+09	 18691	 0.603024
374.49	 3.17457e+09	 19182	 0.606508
374.42	 3.17362e+09	 19822	 0.606443
374.36	 3.17577e+09	 21434	 0.596263
374.28	 3.17565e+09	 21830	 0.598953
374.21	 3.17511e+09	 22203	 0.597945
374.15	 3.17373e+09	 20821	 0.599865
374.08	 3.17226e+09	 20240	 0.599106
374.02	 3.17215e+09	 22569	 0.599812
373.95	 3.17261e+09	 22354	 0.597598
373.87	 3.17136e+09	 21237	 0.607426
373.81	 3.17208e+09	 21621	 0.599323
373.74	 3.17137e+09	 22057	 0.59539
373.68	 3.17232e+09	 21591	 0.596003
373.61	 3.17199e+09	 22814	 0.591909
373.53	 3.17045e+09	 23218	 0.590297
373.48	 3.17135e+09	 24421	 0.588279
373.4	 3.17309e+09	 21984	 0.587233
373.35	 3.17324e+09	 22163	 0.601185
373.27	 3.17281e+09	 22166	 0.589476
373.2	 3.17531e+09	 22434	 0.58665
373.15	 3.175e+09	 22706	 0.589228
373.07	 3.17484e+09	 23605	 0.583462
373	 3.17658e+09	 24243	 0.582627
372.94	 3.17377e+09	 23126	 0.589171
372.87	 3.17339e+09	 25058	 0.582389
372.81	 3.17593e+09	 23103	 0.587806
372.74	 3.17509e+09	 22988	 0.587546
372.67	 3.175e+09	 22681	 0.590997
372.61	 3.17271e+09	 22733	 0.585444
372.52	 3.17622e+09	 25276	 0.569062
372.45	 3.17484e+09	 24410	 0.576361
372.4	 3.17395e+09	 21455	 0.593048
372.32	 3.1766e+09	 25333	 0.581827
372.25	 3.1729e+09	 24172	 0.567418
372.2	 3.17449e+09	 24231	 0.570659
372.12	 3.17444e+09	 24556	 0.576042
372.07	 3.17276e+09	 24939	 0.58428
372	 3.1732e+09	 25767	 0.568216
371.93	 3.17114e+09	 25977	 0.569101
371.87	 3.17057e+09	 24777	 0.575529
371.8	 3.17001e+09	 25335	 0.570769
371.75	 3.1694e+09	 25434	 0.565038
371.68	 3.16997e+09	 24864	 0.564726
371.61	 3.16946e+09	 27364	 0.570137
371.55	 3.1686e+09	 27462	 0.560474
371.48	 3.1694e+09	 24496	 0.564883
371.41	 3.17109e+09	 25753	 0.563117
371.36	 3.17012e+09	 26907	 0.547225
371.29	 3.17002e+09	 26536	 0.561543
371.23	 3.17208e+09	 26564	 0.561656
371.16	 3.17208e+09	 26206	 0.567249
371.11	 3.17224e+09	 27185	 0.559935
371.04	 3.16997e+09	 26826	 0.556206
370.97	 3.17009e+09	 27702	 0.549622
370.92	 3.1703e+09	 28645	 0.551972
370.84	 3.17e+09	 28668	 0.549617
370.77	 3.17052e+09	 27426	 0.560101
370.72	 3.16945e+09	 29407	 0.544775
370.65	 3.17059e+09	 27135	 0.554289
370.6	 3.17153e+09	 27961	 0.548277
370.53	 3.17121e+09	 30644	 0.539615
370.46	 3.17276e+09	 31607	 0.541062
370.41	 3.17225e+09	 29315	 0.549961
370.34	 3.17105e+09	 27487	 0.55977
370.29	 3.17057e+09	 29523	 0.547015
370.22	 3.17298e+09	 27544	 0.5501
370.15	 3.17205e+09	 27237	 0.547955
370.09	 3.1724e+09	 29076	 0.550338
370.03	 3.17235e+09	 29490	 0.544468
369.97	 3.17257e+09	 30944	 0.543442
369.91	 3.17137e+09	 29749	 0.540501
369.84	 3.17124e+09	 29583	 0.537326
369.78	 3.17169e+09	 29627	 0.537789
369.72	 3.17223e+09	 30545	 0.545425
369.66	 3.17286e+09	 33400	 0.532754
369.6	 3.17376e+09	 29571	 0.537942
369.53	 3.17492e+09	 28860	 0.545716
369.48	 3.17386e+09	 29013	 0.542033
369.41	 3.17399e+09	 30327	 0.534756
369.36	 3.17479e+09	 31431	 0.537416
369.27	 3.17578e+09	 32583	 0.528595
369.2	 3.1751e+09	 31448	 0.539083
369.14	 3.17623e+09	 32302	 0.527348
369.09	 3.17557e+09	 31085	 0.534276
369.02	 3.17493e+09	 31689	 0.537513
368.97	 3.17355e+09	 31835	 0.526195
368.9	 3.17283e+09	 32630	 0.537289
368.83	 3.17401e+09	 30248	 0.533354
368.78	 3.17443e+09	 34431	 0.526519
368.72	 3.17614e+09	 32591	 0.519013
368.67	 3.17554e+09	 31935	 0.537287
368.6	 3.17658e+09	 34893	 0.513728
368.53	 3.17725e+09	 34579	 0.514808
368.48	 3.17535e+09	 33233	 0.516563
368.41	 3.17435e+09	 33467	 0.520323
368.36	 3.17386e+09	 33505	 0.517836
368.3	 3.17186e+09	 33166	 0.521273
368.23	 3.17434e+09	 31275	 0.520921
368.18	 3.1748e+09	 33175	 0.52026
368.12	 3.17456e+09	 34129	 0.518033
368.07	 3.17475e+09	 37441	 0.508311
368	 3.17329e+09	 34182	 0.527295
367.94	 3.17352e+09	 32895	 0.523817
367.89	 3.17257e+09	 34450	 0.516303
367.82	 3.17378e+09	 34289	 0.510139
367.75	 3.17466e+09	 36686	 0.50988
367.71	 3.17438e+09	 34783	 0.521233
367.64	 3.17141e+09	 37188	 0.50375
367.59	 3.17339e+09	 35510	 0.520755
367.53	 3.17245e+09	 36486	 0.506194
367.46	 3.17147e+09	 32380	 0.515376
367.41	 3.17057e+09	 33101	 0.525041
367.35	 3.17124e+09	 35677	 0.508212
367.3	 3.17374e+09	 34986	 0.512448
367.23	 3.17395e+09	 34940	 0.511182
367.17	 3.1756e+09	 38692	 0.495224
367.12	 3.17415e+09	 32771	 0.520344
367.05	 3.17441e+09	 33905	 0.513503
367.01	 3.17428e+09	 34553	 0.510846
366.94	 3.17548e+09	 34820	 0.508002
366.88	 3.17425e+09	 37678	 0.504957
366.83	 3.17402e+09	 33393	 0.518691
366.76	 3.17471e+09	 37416	 0.504534
366.72	 3.17237e+09	 37226	 0.507359
366.65	 3.1741e+09	 37538	 0.507575
366.59	 3.17365e+09	 36518	 0.503278
366.54	 3.17519e+09	 37251	 0.502797
366.48	 3.17443e+09	 36393	 0.510101
366.43	 3.17556e+09	 38553	 0.5039
366.37	 3.17559e+09	 37542	 0.495015
366.3	 3.17649e+09	 35351	 0.509649
366.22	 3.17639e+09	 36542	 0.499049
366.18	 3.17569e+09	 34480	 0.506006
366.11	 3.17604e+09	 37436	 0.491888
366.06	 3.17571e+09	 36608	 0.503268
366	 3.17777e+09	 36447	 0.496796
365.94	 3.17701e+09	 38640	 0.495934
365.89	 3.17806e+09	 36670	 0.495779
365.83	 3.17677e+09	 36130	 0.503266
365.78	 3.17691e+09	 35219	 0.505711
365.72	 3.17771e+09	 39884	 0.49219
365.66	 3.17597e+09	 37429	 0.495832
365.61	 3.17596e+09	 35366	 0.504008
365.55	 3.17703e+09	 38307	 0.494164
365.5	 3.17604e+09	 37483	 0.500151
365.44	 3.17518e+09	 36955	 0.500933
365.37	 3.17469e+09	 38376	 0.497704
365.33	 3.17443e+09	 39574	 0.490972
365.27	 3.17349e+09	 37033	 0.493391
365.22	 3.17327e+09	 39342	 0.492827
365.16	 3.17316e+09	 37256	 0.497175
365.1	 3.17536e+09	 36636	 0.492728
364.65	 3.17613e+09	 36577	 0.494604
364.59	 3.17663e+09	 38034	 0.490551
364.54	 3.17596e+09	 37328	 0.496225
364.48	 3.17566e+09	 35995	 0.504466
364.44	 3.17523e+09	 37696	 0.490843
364.38	 3.17503e+09	 37171	 0.495807
364.31	 3.17615e+09	 38907	 0.487937
364.27	 3.17428e+09	 39361	 0.492797
364.21	 3.17356e+09	 38435	 0.494267
364.16	 3.17322e+09	 37564	 0.489182
364.1	 3.17317e+09	 36141	 0.50479
364.04	 3.17295e+09	 37365	 0.493222
364	 3.17237e+09	 39592	 0.487
363.94	 3.17377e+09	 38994	 0.488348
363.89	 3.17162e+09	 38225	 0.48324
363.83	 3.1723e+09	 36597	 0.493396
363.77	 3.17498e+09	 38547	 0.49372
363.73	 3.17562e+09	 38593	 0.485871
363.67	 3.17503e+09	 38561	 0.491203
363.62	 3.17279e+09	 40304	 0.487115
363.56	 3.17068e+09	 37126	 0.496856
363.5	 3.17131e+09	 35239	 0.499354
363.46	 3.17251e+09	 38478	 0.495771
363.4	 3.17178e+09	 36310	 0.499145
363.34	 3.17119e+09	 37684	 0.494314
363.3	 3.17141e+09	 37551	 0.491377
363.24	 3.1703e+09	 37556	 0.495211
363.19	 3.17012e+09	 39029	 0.49062
363.13	 3.17007e+09	 34393	 0.502192
363.07	 3.17056e+09	 39393	 0.49209
363	 3.16975e+09	 37847	 0.494222
362.96	 3.1712e+09	 35346	 0.500836
362.9	 3.1692e+09	 34939	 0.501999
362.85	 3.16933e+09	 35638	 0.493592
362.79	 3.1687e+09	 35668	 0.497144
362.74	 3.16872e+09	 37322	 0.492039
362.69	 3.16789e+09	 36065	 0.501089
362.63	 3.16756e+09	 37741	 0.494264
362.59	 3.16924e+09	 36222	 0.497012
362.53	 3.16876e+09	 37068	 0.492535
362.47	 3.16899e+09	 33458	 0.501477
362.43	 3.16705e+09	 36959	 0.499732
362.37	 3.16789e+09	 34924	 0.508709
362.33	 3.16767e+09	 35685	 0.50048
362.27	 3.16837e+09	 34418	 0.502492
362.21	 3.16707e+09	 34521	 0.501933
362.17	 3.16839e+09	 32913	 0.507038
362.11	 3.16767e+09	 36109	 0.499601
362.07	 3.1685e+09	 37537	 0.48623
362.01	 3.1667e+09	 35825	 0.502516
361.95	 3.1695e+09	 36202	 0.495612
361.91	 3.16922e+09	 35699	 0.491613
361.85	 3.17146e+09	 34305	 0.505477
361.81	 3.17216e+09	 36345	 0.497594
361.75	 3.17165e+09	 35521	 0.50189
361.7	 3.16996e+09	 35113	 0.506069
361.65	 3.17038e+09	 35576	 0.500178
361.6	 3.16988e+09	 33201	 0.503981
361.55	 3.17155e+09	 32364	 0.515921
361.5	 3.17195e+09	 34732	 0.497375
361.44	 3.17401e+09	 36278	 0.500311
361.4	 3.17189e+09	 35311	 0.504246
361.34	 3.17308e+09	 33433	 0.513706
361.3	 3.17186e+09	 35165	 0.501911
361.24	 3.17079e+09	 34984	 0.49806
361.19	 3.17313e+09	 36133	 0.499439
361.15	 3.17101e+09	 33274	 0.504083
361.09	 3.1724e+09	 33872	 0.503783
361.05	 3.16975e+09	 32299	 0.504694
360.99	 3.17229e+09	 36104	 0.497476
360.93	 3.17242e+09	 31347	 0.510787
360.89	 3.17216e+09	 33379	 0.506804
360.84	 3.17138e+09	 33460	 0.506151
360.79	 3.17035e+09	 33582	 0.505562
360.74	 3.17127e+09	 33563	 0.510703
360.68	 3.1716e+09	 31931	 0.514444
360.64	 3.17132e+09	 32070	 0.5111
360.58	 3.17172e+09	 33862	 0.507228
360.53	 3.1716e+09	 30693	 0.508628
360.49	 3.17163e+09	 35692	 0.500798
360.43	 3.17309e+09	 32895	 0.51005
360.36	 3.17318e+09	 34589	 0.505767
360.32	 3.17281e+09	 31450	 0.513936
360.27	 3.17063e+09	 30907	 0.514143
360.21	 3.17131e+09	 31038	 0.502611
360.17	 3.17029e+09	 33288	 0.514501
360.12	 3.17062e+09	 32486	 0.505761
360.07	 3.17012e+09	 33722	 0.51102
360.02	 3.17087e+09	 34737	 0.500505
359.97	 3.16916e+09	 32116	 0.503233
359.93	 3.16978e+09	 31983	 0.515673
359.87	 3.16841e+09	 31868	 0.508983
359.83	 3.16836e+09	 31559	 0.509907
359.77	 3.16929e+09	 32720	 0.515789
359.72	 3.16962e+09	 32690	 0.511698
359.68	 3.17064e+09	 30283	 0.510683
359.62	 3.16979e+09	 31035	 0.507642
359.58	 3.16823e+09	 32021	 0.5117
359.53	 3.17085e+09	 30019	 0.512022
359.48	 3.17017e+09	 31088	 0.514597
359.43	 3.16937e+09	 30029	 0.515323
359.38	 3.17054e+09	 31598	 0.508571
359.34	 3.16968e+09	 29361	 0.514303
359.29	 3.16916e+09	 32640	 0.508883
359.23	 3.17127e+09	 30087	 0.509044
359.19	 3.17386e+09	 31614	 0.507065
359.14	 3.17164e+09	 30999	 0.515138
359.1	 3.17191e+09	 30946	 0.513025
359.05	 3.173e+09	 30433	 0.507142
358.99	 3.17259e+09	 31058	 0.515403
358.95	 3.17355e+09	 32846	 0.505572
358.9	 3.1722e+09	 29636	 0.507769
358.86	 3.17335e+09	 31344	 0.503502
358.8	 3.17309e+09	 30604	 0.508976
358.75	 3.17304e+09	 30818	 0.514242
358.71	 3.17344e+09	 30279	 0.509282
358.66	 3.17474e+09	 31218	 0.505103
358.61	 3.17391e+09	 29427	 0.510721
358.57	 3.17354e+09	 31180	 0.506817
358.51	 3.17139e+09	 31881	 0.504318
358.47	 3.17361e+09	 28765	 0.508743
358.42	 3.17181e+09	 30229	 0.514146
358.37	 3.17138e+09	 29027	 0.511301
358.33	 3.17116e+09	 29903	 0.505515
358.28	 3.17229e+09	 29421	 0.506503
358.24	 3.174e+09	 31633	 0.498568
358.19	 3.17301e+09	 29173	 0.505626
358.13	 3.17152e+09	 29815	 0.509719
358.09	 3.17422e+09	 29483	 0.506615
358.04	 3.17312e+09	 29342	 0.510546
358	 3.17045e+09	 29668	 0.510713
357.95	 3.17052e+09	 29364	 0.512988
357.88	 3.16948e+09	 29971	 0.507819
357.83	 3.16914e+09	 30864	 0.494736
357.79	 3.17116e+09	 28202	 0.511893
357.74	 3.17027e+09	 30423	 0.501314
357.69	 3.16845e+09	 28989	 0.506187
357.65	 3.17107e+09	 30628	 0.497929
357.6	 3.17116e+09	 31361	 0.495059
357.56	 3.17337e+09	 29789	 0.503703
357.51	 3.17279e+09	 28967	 0.506822
357.46	 3.17292e+09	 28271	 0.513911
357.42	 3.17236e+09	 28854	 0.500691
357.37	 3.17429e+09	 29635	 0.508193
357.33	 3.17555e+09	 31756	 0.500467
357.28	 3.1729e+09	 28300	 0.508685
357.23	 3.17206e+09	 26849	 0.513486
357.19	 3.174e+09	 29284	 0.507281
357.14	 3.17295e+09	 28610	 0.501795
357.1	 3.17476e+09	 30337	 0.498459
357.05	 3.17489e+09	 31517	 0.501266
357	 3.17415e+09	 32042	 0.494508
356.96	 3.17635e+09	 31800	 0.489216
356.91	 3.17666e+09	 29774	 0.499859
356.87	 3.17626e+09	 31875	 0.496866
356.82	 3.17787e+09	 31116	 0.490143
356.77	 3.17565e+09	 31030	 0.49472
356.73	 3.17547e+09	 29352	 0.500595
356.34	 3.17706e+09	 30678	 0.497968
356.29	 3.17359e+09	 30830	 0.499239
356.25	 3.17283e+09	 32231	 0.491914
356.2	 3.17504e+09	 34396	 0.483834
356.16	 3.17399e+09	 31920	 0.492025
356.11	 3.17252e+09	 33182	 0.487158
356.06	 3.17196e+09	 33045	 0.491173
356.03	 3.17145e+09	 32421	 0.492666
355.97	 3.16958e+09	 33037	 0.492963
355.94	 3.1724e+09	 32576	 0.489088
355.89	 3.17315e+09	 30862	 0.497295
355.84	 3.1722e+09	 34217	 0.498035
355.8	 3.17245e+09	 34854	 0.484756
355.75	 3.17419e+09	 33507	 0.495097
355.72	 3.17255e+09	 35295	 0.48099
355.67	 3.17448e+09	 33314	 0.480805
355.62	 3.17178e+09	 33068	 0.493011
355.58	 3.17416e+09	 34809	 0.486377
355.53	 3.17322e+09	 32465	 0.486175
355.49	 3.17418e+09	 32220	 0.500221
355.44	 3.17663e+09	 38940	 0.477027
355.4	 3.17348e+09	 35429	 0.479549
355.36	 3.17259e+09	 36113	 0.487097
355.31	 3.17494e+09	 34282	 0.493041
355.27	 3.17573e+09	 34298	 0.480231
355.21	 3.17508e+09	 32591	 0.486248
355.16	 3.17595e+09	 32470	 0.488457
355.11	 3.17853e+09	 36275	 0.478863
355.08	 3.17867e+09	 34300	 0.480636
355.03	 3.17729e+09	 32255	 0.488372
354.99	 3.17684e+09	 35287	 0.486514
354.95	 3.17752e+09	 34633	 0.481311
354.9	 3.17651e+09	 34066	 0.487782
354.86	 3.17684e+09	 35694	 0.484842
354.81	 3.17882e+09	 36123	 0.472379
354.78	 3.17541e+09	 34090	 0.48692
354.73	 3.17679e+09	 34565	 0.485027
354.68	 3.17447e+09	 34801	 0.487487
354.64	 3.17581e+09	 36231	 0.47791
354.6	 3.17805e+09	 37991	 0.476434
354.56	 3.17655e+09	 35924	 0.482678
354.51	 3.17587e+09	 35388	 0.478121
354.46	 3.17627e+09	 36905	 0.474394
354.43	 3.17626e+09	 37263	 0.480756
354.38	 3.17746e+09	 36396	 0.480779
354.34	 3.17616e+09	 36176	 0.486002
354.3	 3.1755e+09	 38664	 0.481999
354.25	 3.17734e+09	 33225	 0.487464
354.21	 3.17664e+09	 39105	 0.472787
354.17	 3.17683e+09	 35842	 0.483128
354.13	 3.17628e+09	 34718	 0.4937
354.08	 3.17659e+09	 34387	 0.488665
354.04	 3.17574e+09	 36779	 0.489667
354	 3.17415e+09	 35098	 0.482308
353.95	 3.17638e+09	 36190	 0.475633
353.92	 3.17583e+09	 38600	 0.475569
353.87	 3.17733e+09	 38648	 0.474735
353.82	 3.17771e+09	 38581	 0.472899
353.79	 3.17639e+09	 38061	 0.474251
353.74	 3.17552e+09	 36012	 0.488287
353.69	 3.17615e+09	 34643	 0.487974
353.66	 3.17601e+09	 37195	 0.481165
353.61	 3.17602e+09	 34774	 0.486497
353.58	 3.17587e+09	 36839	 0.479078
353.53	 3.17471e+09	 32568	 0.491636
353.49	 3.175e+09	 36147	 0.486731
353.45	 3.17565e+09	 36508	 0.489326
353.4	 3.17583e+09	 38629	 0.478681
353.37	 3.17681e+09	 35834	 0.488363
353.32	 3.17616e+09	 33585	 0.495413
353.27	 3.17637e+09	 36142	 0.486938
353.24	 3.17656e+09	 34850	 0.492084
353.19	 3.17385e+09	 33847	 0.488946
353.16	 3.1748e+09	 34835	 0.489218
353.11	 3.17512e+09	 36460	 0.489515
353.07	 3.17716e+09	 36475	 0.484172
353.01	 3.1777e+09	 36341	 0.489095
352.97	 3.17843e+09	 38180	 0.483407
352.93	 3.17869e+09	 35703	 0.492115
352.88	 3.1789e+09	 35622	 0.4853
352.85	 3.17645e+09	 34683	 0.494277
352.8	 3.17708e+09	 35806	 0.480654
352.76	 3.17542e+09	 34986	 0.488191
352.72	 3.17576e+09	 33749	 0.496396
352.68	 3.17254e+09	 34993	 0.48844
352.64	 3.17471e+09	 36236	 0.482076
352.59	 3.1739e+09	 35216	 0.491048
352.55	 3.17415e+09	 36317	 0.485218
352.52	 3.17384e+09	 35284	 0.486675
352.47	 3.17363e+09	 34390	 0.491705
352.44	 3.17292e+09	 32870	 0.500473
352.39	 3.17324e+09	 32032	 0.50383
352.35	 3.17404e+09	 34749	 0.491857
352.31	 3.1739e+09	 33417	 0.49984
352.27	 3.1762e+09	 33849	 0.488901
352.23	 3.17529e+09	 34553	 0.486305
352.19	 3.1743e+09	 35041	 0.490573
352.14	 3.17306e+09	 35244	 0.485323
352.11	 3.17283e+09	 34031	 0.503361
352.06	 3.17285e+09	 35429	 0.492947
352.03	 3.17046e+09	 34479	 0.494568
351.98	 3.1719e+09	 34542	 0.489365
351.94	 3.1744e+09	 33851	 0.49214
351.91	 3.17423e+09	 36200	 0.48912
351.86	 3.1739e+09	 33070	 0.503296
351.83	 3.17451e+09	 35245	 0.485559
351.79	 3.17512e+09	 34045	 0.491819
351.74	 3.17319e+09	 34395	 0.496119
351.71	 3.17371e+09	 34328	 0.492935
351.66	 3.17322e+09	 33709	 0.503119
351.63	 3.17232e+09	 33722	 0.494289
351.58	 3.17103e+09	 34909	 0.494414
351.54	 3.17112e+09	 35351	 0.499282
351.51	 3.17028e+09	 35529	 0.485437
351.46	 3.1708e+09	 32231	 0.50357
351.43	 3.17079e+09	 33742	 0.500003
351.38	 3.17075e+09	 35968	 0.486674
351.34	 3.17038e+09	 34164	 0.498762
351.31	 3.17019e+09	 35696	 0.494054
351.26	 3.16964e+09	 31647	 0.509161
351.23	 3.17158e+09	 33509	 0.497387
351.19	 3.17016e+09	 33251	 0.494752
351.14	 3.17108e+09	 35852	 0.483938
351.11	 3.17241e+09	 35801	 0.490618
351.07	 3.17261e+09	 32001	 0.507037
351.03	 3.17257e+09	 32815	 0.493828
350.98	 3.17432e+09	 34230	 0.498239
350.94	 3.17718e+09	 34332	 0.4891
350.89	 3.17735e+09	 32613	 0.499507
350.86	 3.17558e+09	 32937	 0.503208
350.81	 3.1754e+09	 33995	 0.497467
350.78	 3.17214e+09	 34748	 0.491119
350.74	 3.17179e+09	 33255	 0.508097
350.7	 3.17357e+09	 33677	 0.487892
350.66	 3.1695e+09	 35025	 0.491637
350.62	 3.17146e+09	 35078	 0.483995
350.58	 3.17055e+09	 35486	 0.491426
350.55	 3.17128e+09	 35136	 0.49128
350.5	 3.17291e+09	 32341	 0.499026
350.47	 3.17277e+09	 34972	 0.493193
350.43	 3.17176e+09	 31812	 0.500497
350.39	 3.17329e+09	 34810	 0.486011
350.35	 3.17529e+09	 35161	 0.489062
350.31	 3.17441e+09	 33000	 0.496603
350.27	 3.17393e+09	 32406	 0.50075
350.24	 3.17398e+09	 33815	 0.499854
350.19	 3.17411e+09	 33396	 0.491065
350.16	 3.17303e+09	 35258	 0.493632
350.12	 3.17332e+09	 34927	 0.494058
350.08	 3.17403e+09	 32367	 0.490436
350.04	 3.17433e+09	 32029	 0.502463
350	 3.17368e+09	 30297	 0.507627
349.97	 3.17346e+09	 31281	 0.49971
349.93	 3.17181e+09	 33128	 0.496885
349.88	 3.17359e+09	 34214	 0.497524
349.85	 3.1737e+09	 33207	 0.49557
349.81	 3.17352e+09	 32344	 0.498015
349.78	 3.17421e+09	 34568	 0.494437
349.47	 3.17283e+09	 32076	 0.492046
349.43	 3.17459e+09	 32357	 0.503673
349.4	 3.17514e+09	 33753	 0.490722
349.36	 3.17714e+09	 36391	 0.483777
349.33	 3.17678e+09	 32017	 0.491703
349.29	 3.17572e+09	 32006	 0.504825
349.25	 3.17583e+09	 32087	 0.496631
349.22	 3.17703e+09	 31614	 0.495187
349.17	 3.17694e+09	 33154	 0.488968
349.14	 3.17523e+09	 32048	 0.497547
349.1	 3.17627e+09	 32073	 0.49383
349.06	 3.17683e+09	 31443	 0.497722
349.03	 3.1741e+09	 32803	 0.496205
348.99	 3.17519e+09	 29884	 0.503416
348.96	 3.17432e+09	 32975	 0.490409
348.91	 3.17458e+09	 31406	 0.493952
348.87	 3.17309e+09	 32291	 0.495934
348.84	 3.17261e+09	 34404	 0.489679
348.8	 3.17057e+09	 28820	 0.503322
348.77	 3.17221e+09	 33061	 0.494233
348.71	 3.17292e+09	 32254	 0.494554
348.68	 3.17413e+09	 33752	 0.490309
348.64	 3.17466e+09	 34433	 0.487187
348.61	 3.17492e+09	 31908	 0.497265
348.57	 3.17308e+09	 30823	 0.49729
348.53	 3.17311e+09	 29857	 0.498892
348.5	 3.17277e+09	 29945	 0.495438
348.45	 3.17608e+09	 33476	 0.482076
348.42	 3.17519e+09	 33942	 0.481849
348.39	 3.17331e+09	 30404	 0.501131
348.34	 3.17355e+09	 33416	 0.495219
348.31	 3.17342e+09	 30770	 0.501668
348.27	 3.17309e+09	 32631	 0.497403
348.24	 3.17256e+09	 30464	 0.500023
348.2	 3.17141e+09	 29412	 0.506588
348.16	 3.17213e+09	 28624	 0.499236
348.13	 3.1728e+09	 32372	 0.490963
348.09	 3.1733e+09	 28931	 0.491393
348.06	 3.17359e+09	 31389	 0.488588
348.02	 3.17217e+09	 30896	 0.483115
347.98	 3.16946e+09	 30631	 0.491753
347.95	 3.17341e+09	 33612	 0.486569
347.91	 3.17349e+09	 32073	 0.483293
347.88	 3.17515e+09	 31938	 0.48699
347.84	 3.17423e+09	 30711	 0.49227
347.8	 3.1756e+09	 32538	 0.487667
347.77	 3.17514e+09	 31064	 0.491444
347.73	 3.17287e+09	 32576	 0.492729
347.7	 3.17451e+09	 29506	 0.494651
347.66	 3.17651e+09	 31347	 0.49543
347.62	 3.17473e+09	 32899	 0.49612
347.59	 3.1747e+09	 28256	 0.493591
347.55	 3.17435e+09	 31934	 0.484777
347.51	 3.17511e+09	 31226	 0.489934
347.48	 3.17525e+09	 31193	 0.490165
347.44	 3.17537e+09	 30266	 0.496192
347.41	 3.17483e+09	 28400	 0.495703
347.37	 3.17463e+09	 32939	 0.482102
347.34	 3.17422e+09	 28769	 0.496825
347.31	 3.17562e+09	 31311	 0.491417
347.27	 3.17479e+09	 30250	 0.493095
347.24	 3.17566e+09	 31713	 0.481867
347.2	 3.17727e+09	 30208	 0.491601
347.16	 3.17723e+09	 30353	 0.490679
347.13	 3.17674e+09	 30914	 0.489364
347.09	 3.1771e+09	 29884	 0.493096
347.06	 3.17525e+09	 29666	 0.493471
347.02	 3.17535e+09	 31135	 0.48453
346.98	 3.17588e+09	 29537	 0.492845
346.95	 3.17486e+09	 30753	 0.481925
346.91	 3.17288e+09	 30472	 0.494598
346.87	 3.17452e+09	 28823	 0.492525
346.84	 3.17274e+09	 30120	 0.491351
346.8	 3.17277e+09	 30791	 0.49194
346.76	 3.17249e+09	 29260	 0.495482
346.73	 3.17291e+09	 29919	 0.487726
346.69	 3.17127e+09	 30970	 0.489383
346.66	 3.17284e+09	 32012	 0.483707
346.62	 3.17202e+09	 28707	 0.505618
346.59	 3.17491e+09	 31649	 0.490708
346.56	 3.1752e+09	 31633	 0.485017
346.52	 3.17303e+09	 30053	 0.491481
346.49	 3.17457e+09	 31608	 0.489487
346.45	 3.17361e+09	 31130	 0.477858
346.41	 3.17262e+09	 30048	 0.488146
346.39	 3.17049e+09	 28505	 0.49557
346.35	 3.17107e+09	 28435	 0.487021
346.32	 3.17134e+09	 31482	 0.4794
346.28	 3.17048e+09	 28152	 0.497029
346.24	 3.17127e+09	 31157	 0.479527
346.21	 3.17201e+09	 29687	 0.490201
346.17	 3.17072e+09	 30477	 0.485605
346.15	 3.17248e+09	 29394	 0.493406
346.11	 3.1719e+09	 29295	 0.485929
346.07	 3.1722e+09	 28374	 0.492662
346.04	 3.17363e+09	 32145	 0.485249
346	 3.17314e+09	 33031	 0.478093
345.98	 3.17451e+09	 29687	 0.495539
345.94	 3.17401e+09	 30047	 0.495883
345.9	 3.17501e+09	 32661	 0.480145
345.87	 3.17389e+09	 27781	 0.496838
345.83	 3.17501e+09	 31136	 0.483779
345.81	 3.17471e+09	 30468	 0.482897
345.77	 3.17548e+09	 30336	 0.480699
345.73	 3.17535e+09	 32868	 0.482878
345.7	 3.17589e+09	 30822	 0.481058
345.66	 3.17424e+09	 29601	 0.488348
345.64	 3.17581e+09	 29662	 0.48776
345.6	 3.17607e+09	 33313	 0.477795
345.56	 3.17514e+09	 31309	 0.482864
345.54	 3.17612e+09	 30071	 0.49031
345.5	 3.17627e+09	 32075	 0.476121
345.47	 3.17474e+09	 33689	 0.478886
345.43	 3.17373e+09	 30485	 0.489368
345.4	 3.17363e+09	 30701	 0.483221
345.37	 3.17298e+09	 29726	 0.481224
345.33	 3.17321e+09	 29209	 0.492462
345.3	 3.1756e+09	 30982	 0.476208
345.27	 3.1758e+09	 30812	 0.482255
345.23	 3.17325e+09	 30879	 0.484313
345.2	 3.17202e+09	 29787	 0.494446
345.17	 3.17329e+09	 28961	 0.487234
345.12	 3.17534e+09	 31301	 0.473953
345.09	 3.17674e+09	 32119	 0.484839
345.05	 3.17566e+09	 30882	 0.482047
345.02	 3.17625e+09	 31212	 0.485024
344.99	 3.17425e+09	 30056	 0.489356
344.95	 3.17404e+09	 30944	 0.482875
344.92	 3.17649e+09	 32565	 0.479321
344.89	 3.17697e+09	 30830	 0.484165
344.85	 3.1791e+09	 32011	 0.474295
344.82	 3.17834e+09	 31817	 0.471973
344.79	 3.17683e+09	 28161	 0.490982
344.75	 3.17725e+09	 28916	 0.484426
344.72	 3.17916e+09	 33424	 0.474997
344.69	 3.17604e+09	 30970	 0.482252
344.66	 3.17459e+09	 33557	 0.479591
344.62	 3.17649e+09	 33875	 0.471089
344.59	 3.17801e+09	 29874	 0.486281
344.56	 3.17605e+09	 31635	 0.481112
344.53	 3.17914e+09	 31129	 0.473957
344.5	 3.17651e+09	 28767	 0.495286
344.46	 3.17627e+09	 28516	 0.482627
344.43	 3.17656e+09	 31890	 0.47719
344.4	 3.17458e+09	 30897	 0.47463
344.36	 3.17625e+09	 31073	 0.477458
344.33	 3.17464e+09	 31724	 0.481073
344.3	 3.17617e+09	 29715	 0.484409
344.26	 3.17579e+09	 31241	 0.471052
344.24	 3.17443e+09	 31989	 0.476981
344.2	 3.17637e+09	 30960	 0.480249
344.17	 3.17649e+09	 31869	 0.474392
344.14	 3.17652e+09	 32051	 0.475223
344.1	 3.17653e+09	 32208	 0.469897
344.08	 3.17693e+09	 32335	 0.46611
344.04	 3.17632e+09	 32849	 0.469185
344.01	 3.17569e+09	 31744	 0.479894
343.98	 3.17484e+09	 34320	 0.468133
343.71	 3.17583e+09	 31363	 0.474772
343.69	 3.17815e+09	 32682	 0.468061
343.65	 3.17822e+09	 34453	 0.46086
343.62	 3.17693e+09	 32863	 0.467075
343.59	 3.17555e+09	 32587	 0.475932
343.56	 3.17818e+09	 32882	 0.464938
343.53	 3.17705e+09	 33239	 0.465469
343.49	 3.17602e+09	 32409	 0.470015
343.47	 3.17779e+09	 32691	 0.467684
343.43	 3.17597e+09	 32084	 0.468086
343.41	 3.17669e+09	 34448	 0.464527
343.37	 3.17652e+09	 32667	 0.47313
343.34	 3.17771e+09	 31213	 0.474814
343.31	 3.17629e+09	 32067	 0.464088
343.27	 3.17705e+09	 32204	 0.474059
343.23	 3.17829e+09	 30441	 0.478091
343.21	 3.17951e+09	 32672	 0.466033
343.17	 3.18154e+09	 33039	 0.464531
343.14	 3.18346e+09	 34414	 0.46459
343.11	 3.18083e+09	 33762	 0.455936
343.08	 3.18026e+09	 34785	 0.461205
343.05	 3.17962e+09	 34028	 0.458591
343.02	 3.17962e+09	 31391	 0.470575
342.98	 3.17983e+09	 34316	 0.459938
342.96	 3.17941e+09	 34832	 0.452819
342.92	 3.17925e+09	 36340	 0.448071
342.9	 3.1795e+09	 33263	 0.465431
342.86	 3.17874e+09	 32417	 0.468287
342.83	 3.17795e+09	 31275	 0.470171
342.8	 3.18001e+09	 35043	 0.461035
342.77	 3.1792e+09	 31199	 0.471213
342.73	 3.1783e+09	 32443	 0.458245
342.71	 3.17903e+09	 32570	 0.461142
342.67	 3.17882e+09	 33772	 0.461825
342.65	 3.17896e+09	 32953	 0.470188
342.61	 3.18058e+09	 34055	 0.449615
342.58	 3.17957e+09	 33062	 0.460856
342.55	 3.17886e+09	 33855	 0.460491
342.52	 3.18011e+09	 33473	 0.461063
342.49	 3.17967e+09	 34107	 0.453525
342.46	 3.17898e+09	 33433	 0.463437
342.43	 3.17876e+09	 35049	 0.44878
342.4	 3.17723e+09	 31260	 0.462102
342.37	 3.18011e+09	 34586	 0.452531
342.34	 3.18006e+09	 33686	 0.454277
342.31	 3.17768e+09	 32529	 0.465863
342.27	 3.17707e+09	 36155	 0.449401
342.25	 3.17807e+09	 32421	 0.460684
342.22	 3.17749e+09	 36179	 0.451771
342.19	 3.17726e+09	 32732	 0.458429
342.16	 3.17617e+09	 34424	 0.452139
342.12	 3.1779e+09	 33100	 0.464173
342.1	 3.17841e+09	 34313	 0.447733
342.07	 3.17768e+09	 33105	 0.460735
342.04	 3.17767e+09	 35017	 0.454483
342.01	 3.1789e+09	 33586	 0.457506
341.97	 3.17974e+09	 35810	 0.457126
341.95	 3.1801e+09	 36028	 0.443937
341.91	 3.17661e+09	 31553	 0.461834
341.89	 3.17742e+09	 36897	 0.445479
341.86	 3.177e+09	 31950	 0.462411
341.82	 3.17833e+09	 33375	 0.454924
341.8	 3.17875e+09	 35312	 0.452202
341.77	 3.17919e+09	 37668	 0.439632
341.74	 3.18107e+09	 34712	 0.447147
341.71	 3.17929e+09	 33276	 0.449498
341.67	 3.17782e+09	 34100	 0.457836
341.63	 3.17662e+09	 35078	 0.449115
341.61	 3.17807e+09	 34860	 0.443612
341.57	 3.1786e+09	 35594	 0.442418
341.54	 3.17864e+09	 34253	 0.452585
341.52	 3.1784e+09	 35192	 0.444321
341.48	 3.17807e+09	 33948	 0.453046
341.46	 3.17993e+09	 35028	 0.448409
341.43	 3.17929e+09	 35225	 0.445905
341.39	 3.17915e+09	 31884	 0.454792
341.37	 3.18001e+09	 33924	 0.447556
341.34	 3.1797e+09	 33302	 0.451858
341.31	 3.18045e+09	 35423	 0.445044
341.28	 3.17946e+09	 34101	 0.449418
341.25	 3.17881e+09	 37425	 0.440291
341.22	 3.17912e+09	 34711	 0.446139
341.19	 3.17876e+09	 36667	 0.438827
341.17	 3.17787e+09	 35309	 0.44205
341.13	 3.17885e+09	 36988	 0.441087
341.1	 3.17874e+09	 37905	 0.444178
341.08	 3.17954e+09	 34113	 0.446625
341.05	 3.17892e+09	 35647	 0.438782
341.04	 3.17805e+09	 36688	 0.441839
341.06	 3.17727e+09	 33787	 0.45273
341.15	 3.1778e+09	 35284	 0.447294
341.28	 3.17684e+09	 34747	 0.444601
341.56	 3.17716e+09	 36605	 0.440956
341.97	 3.17476e+09	 33704	 0.450686
342.35	 3.1782e+09	 33867	 0.444019
342.94	 3.17753e+09	 34330	 0.449681
343.41	 3.17777e+09	 33388	 0.455206
344.04	 3.17767e+09	 34432	 0.451348
344.63	 3.17773e+09	 31655	 0.455904
345.02	 3.18003e+09	 35685	 0.444924
345.46	 3.17907e+09	 32832	 0.452824
345.75	 3.17847e+09	 32992	 0.463113
346.08	 3.1808e+09	 32388	 0.462968
346.37	 3.18057e+09	 33423	 0.458364
346.57	 3.17986e+09	 31042	 0.46718
346.85	 3.18147e+09	 35140	 0.457006
347.07	 3.17974e+09	 32875	 0.462371
347.39	 3.17862e+09	 33637	 0.455977
347.75	 3.17959e+09	 32292	 0.462917
348.04	 3.17993e+09	 31660	 0.470731
348.45	 3.17879e+09	 33205	 0.462686
348.76	 3.17823e+09	 30230	 0.469243
349.19	 3.17738e+09	 32924	 0.46997
349.61	 3.17921e+09	 31793	 0.473264
349.9	 3.17819e+09	 31390	 0.46948
350.28	 3.17715e+09	 30899	 0.474712
350.55	 3.17746e+09	 31886	 0.465504
351.06	 3.17887e+09	 34363	 0.464291
351.3	 3.17837e+09	 33732	 0.464087
351.61	 3.17793e+09	 32595	 0.466822
351.85	 3.17901e+09	 31294	 0.476853
352.17	 3.17892e+09	 31793	 0.469624
352.5	 3.18039e+09	 35269	 0.45927
352.75	 3.17914e+09	 33755	 0.47095
353.1	 3.18008e+09	 34788	 0.470509
353.36	 3.17999e+09	 31737	 0.473829
353.72	 3.18046e+09	 33892	 0.462073
354.08	 3.17873e+09	 33879	 0.470777
354.34	 3.17919e+09	 33177	 0.479452
354.7	 3.1784e+09	 32502	 0.475409
354.95	 3.17966e+09	 34813	 0.467205
355.29	 3.17838e+09	 34801	 0.462969
355.63	 3.1787e+09	 35956	 0.46703
355.88	 3.17831e+09	 36767	 0.455284
356.2	 3.17671e+09	 33760	 0.467664
356.53	 3.17783e+09	 38062	 0.454734
356.86	 3.17737e+09	 35163	 0.466543
357.11	 3.17719e+09	 34412	 0.473859
357.44	 3.17654e+09	 37137	 0.460743
357.69	 3.1752e+09	 37586	 0.460303
358.03	 3.17505e+09	 35738	 0.470301
358.36	 3.17623e+09	 38429	 0.470122
358.62	 3.17682e+09	 40028	 0.460344
358.96	 3.17598e+09	 39051	 0.466467
359.29	 3.17664e+09	 37851	 0.461287
359.55	 3.177e+09	 37095	 0.464084
359.88	 3.1777e+09	 37219	 0.463904
360.13	 3.17726e+09	 35406	 0.47109
360.47	 3.17693e+09	 36597	 0.463722
360.8	 3.177e+09	 40957	 0.455046
361.05	 3.17762e+09	 38853	 0.46521
361.38	 3.17718e+09	 32412	 0.485328
361.63	 3.1776e+09	 33112	 0.478586
361.96	 3.17796e+09	 34613	 0.474053
362.29	 3.1794e+09	 37266	 0.463936
362.54	 3.17749e+09	 33245	 0.481545
362.88	 3.1792e+09	 32607	 0.478642
363.13	 3.18099e+09	 33514	 0.4678
365.63	 3.17826e+09	 33282	 0.477451
365.88	 3.18031e+09	 30314	 0.497548
366.21	 3.179e+09	 30011	 0.493489
366.46	 3.17921e+09	 30851	 0.497367
366.79	 3.17994e+09	 31655	 0.496844
367.12	 3.17961e+09	 32537	 0.493632
367.37	 3.18051e+09	 33755	 0.49077
367.71	 3.17822e+09	 34455	 0.495939
368.04	 3.17917e+09	 31525	 0.500043
368.29	 3.18019e+09	 36528	 0.490364
368.7	 3.18055e+09	 34163	 0.488877
369.05	 3.1787e+09	 34352	 0.498887
369.29	 3.18125e+09	 35152	 0.48807
369.63	 3.18211e+09	 39319	 0.482059
369.96	 3.18079e+09	 34051	 0.494598
370.21	 3.18003e+09	 37059	 0.483647
370.54	 3.18193e+09	 35375	 0.490558
370.79	 3.18269e+09	 39277	 0.478315
371.12	 3.18014e+09	 37569	 0.483346
371.46	 3.18009e+09	 39419	 0.475081
371.7	 3.18163e+09	 41156	 0.47257
372.04	 3.18056e+09	 39441	 0.479747
372.29	 3.18317e+09	 42567	 0.468084
372.61	 3.18187e+09	 38716	 0.473709
372.95	 3.18332e+09	 41385	 0.465912
373.2	 3.182e+09	 38637	 0.473493
373.53	 3.18157e+09	 45564	 0.463603
373.78	 3.18158e+09	 40101	 0.472573
374.12	 3.18014e+09	 40838	 0.473857
374.45	 3.18263e+09	 42410	 0.466369
374.7	 3.18066e+09	 41844	 0.470976
375.03	 3.17941e+09	 43365	 0.475457
375.28	 3.17757e+09	 41167	 0.480111
375.62	 3.17729e+09	 39215	 0.479776
375.95	 3.17752e+09	 38552	 0.491978
376.2	 3.176e+09	 39628	 0.48976
376.53	 3.17724e+09	 37893	 0.496807
376.78	 3.17839e+09	 37028	 0.496175
377.11	 3.17956e+09	 38782	 0.484609
377.44	 3.17897e+09	 33708	 0.515415
377.69	 3.17734e+09	 35676	 0.517473
378.03	 3.18043e+09	 36006	 0.509783
378.36	 3.18015e+09	 30854	 0.535165
378.61	 3.17796e+09	 30370	 0.522395
378.94	 3.17849e+09	 30880	 0.52991
379.19	 3.17807e+09	 28532	 0.551919
379.53	 3.17961e+09	 27391	 0.54394
379.85	 3.17814e+09	 25366	 0.549459
380.1	 3.17719e+09	 26310	 0.563853
380.44	 3.17698e+09	 26698	 0.556435
380.69	 3.17604e+09	 25247	 0.565832
381.03	 3.17637e+09	 25456	 0.553915
381.36	 3.17918e+09	 26477	 0.552305
381.6	 3.17788e+09	 26760	 0.570415
381.93	 3.17544e+09	 26130	 0.567942
382.19	 3.17803e+09	 25189	 0.571763
382.52	 3.17691e+09	 24756	 0.576314
382.85	 3.17634e+09	 23580	 0.580715
383.1	 3.17802e+09	 24114	 0.588737
383.43	 3.1782e+09	 24865	 0.582635
383.69	 3.17599e+09	 22673	 0.597001
384.19	 3.17787e+09	 23706	 0.602954
384.44	 3.17614e+09	 22749	 0.606476
384.77	 3.1759e+09	 19675	 0.612478
385.02	 3.17707e+09	 21401	 0.604307
385.36	 3.17639e+09	 21451	 0.607961
385.68	 3.17587e+09	 20501	 0.617771
385.93	 3.17684e+09	 21740	 0.617075
386.27	 3.17534e+09	 19341	 0.636736
386.52	 3.1767e+09	 19877	 0.628868
386.85	 3.17631e+09	 19529	 0.637672
387.18	 3.17371e+09	 19916	 0.636473
387.43	 3.17511e+09	 20010	 0.635391
387.76	 3.17383e+09	 18206	 0.648574
388.02	 3.17452e+09	 18060	 0.650205
388.35	 3.17377e+09	 18305	 0.646797
388.68	 3.17373e+09	 18347	 0.653988
388.93	 3.17308e+09	 17253	 0.661477
389.26	 3.17471e+09	 18385	 0.655342
389.51	 3.17252e+09	 17778	 0.673762
389.85	 3.17244e+09	 17033	 0.672289
390.17	 3.17332e+09	 16507	 0.674044
390.42	 3.17431e+09	 15932	 0.677778
390.75	 3.17586e+09	 16560	 0.679239
391.01	 3.17593e+09	 16850	 0.679887
391.34	 3.17604e+09	 16574	 0.687514
391.67	 3.17586e+09	 16433	 0.686959
391.92	 3.17435e+09	 17376	 0.688113
392.25	 3.17501e+09	 16605	 0.702626
392.51	 3.17645e+09	 17701	 0.695446
392.84	 3.17591e+09	 16401	 0.706853
393.17	 3.17686e+09	 17800	 0.702302
393.42	 3.17805e+09	 17103	 0.702701
393.75	 3.1775e+09	 17644	 0.71112
394.01	 3.17569e+09	 17809	 0.714288
394.34	 3.1747e+09	 16705	 0.719151
394.67	 3.17468e+09	 17896	 0.724917
394.91	 3.17604e+09	 17818	 0.713931
395.25	 3.17647e+09	 17919	 0.716126
395.5	 3.17787e+09	 17188	 0.733585
395.83	 3.17774e+09	 18525	 0.723507
396.16	 3.17653e+09	 17868	 0.723618
396.41	 3.17679e+09	 18653	 0.727869
396.74	 3.17682e+09	 18767	 0.727191
397.08	 3.17645e+09	 19709	 0.728013
397.34	 3.1765e+09	 18235	 0.72935
397.66	 3.17557e+09	 20110	 0.729794
397.91	 3.17487e+09	 18404	 0.733945
398.25	 3.17652e+09	 20732	 0.731088
398.58	 3.17764e+09	 19496	 0.73306
398.83	 3.17878e+09	 18480	 0.734793
399.16	 3.17699e+09	 19498	 0.726603
399.58	 3.17917e+09	 21657	 0.718895
399.83	 3.17694e+09	 20415	 0.729866
400.16	 3.17693e+09	 21389	 0.717038
400.49	 3.17678e+09	 22505	 0.718747
400.74	 3.17727e+09	 19917	 0.729795
401.08	 3.17564e+09	 21210	 0.719419
401.33	 3.17609e+09	 20296	 0.727738
401.66	 3.17869e+09	 19822	 0.722589
401.99	 3.17909e+09	 19216	 0.730802
402.24	 3.17873e+09	 21838	 0.724543
402.57	 3.17968e+09	 21540	 0.717437
402.83	 3.17892e+09	 19739	 0.723618
403.16	 3.17912e+09	 21324	 0.713754
403.49	 3.17684e+09	 21627	 0.719094
403.74	 3.17744e+09	 20768	 0.717361
4