/itc2/itc2 = 300.000000
/magj1x/magj1x = 4.500000
/magj1yins/magj1yins = 9.199782
/egy_g_idu_circ_pos_energy/egy_g_idu_circ_pos_energy 	/drain/drain 	/fluo1/fluo1 	/macr16/data 	/drain/drain norm 	/drain/drain corrected 	/fluo1/fluo1 norm 	/fluo1/fluo1 corrected 	/egy_g_idu_circ_neg_energy/egy_g_idu_circ_neg_energy 	/drain/drain 	/fluo1/fluo1 	/macr16/data 	/drain/drain norm 	/drain/drain corrected 	/fluo1/fluo1 norm 	/fluo1/fluo1 corrected 	xmcd /drain/drain norm 	xmcd /drain/drain corrected 	xmcd /fluo1/fluo1 norm 	xmcd /fluo1/fluo1 corrected 	
695.0036 	0.42050249 	1.6342539 	10428 	4.0324366e-05 	0.013845141 	0.00015671787 	0.0027440395 	695.00867 	0.42929886 	1.6365061 	10212 	4.2038667e-05 	0.015136329 	0.00016025324 	0.076364706 	-1.7143002e-06 	-0.0012911882 	-3.5353701e-06 	-0.073620667 	
695.49955 	0.42044257 	1.6328192 	10439 	4.0276135e-05 	0.0091050741 	0.00015641529 	0.28373144 	695.49862 	0.42865526 	1.6399022 	10225 	4.1922274e-05 	0.0030652993 	0.00016038163 	0.027485845 	-1.6461573e-06 	0.0060379506 	-3.9668711e-06 	0.25644736 	
696.00025 	0.42084609 	1.636294 	10448 	4.0280063e-05 	0.0094910959 	0.00015661313 	0.10000534 	696.0035 	0.42904613 	1.6439601 	10232 	4.1931795e-05 	0.0040527044 	0.0001606685 	-0.081723196 	-1.6516714e-06 	0.0054447472 	-4.0535224e-06 	0.18102558 	
696.5076 	0.41830003 	1.643465 	10459 	3.9994266e-05 	-0.01859617 	0.00015713404 	-0.38373679 	696.50672 	0.42844592 	1.6422296 	10244 	4.1824084e-05 	-0.0071180037 	0.00016031136 	0.054237351 	-1.8297431e-06 	-0.01147037 	-3.1776731e-06 	-0.43783946 	
696.99597 	0.41898214 	1.6364938 	10473 	4.0005934e-05 	-0.017449499 	0.00015625836 	0.42946329 	697.0009 	0.42847392 	1.6460263 	10255 	4.1781952e-05 	-0.01148757 	0.00016050964 	-0.021244162 	-1.7764385e-06 	-0.0060055395 	-4.2492947e-06 	0.44995411 	
697.49517 	0.41804138 	1.6403166 	10487 	3.9862819e-05 	-0.03151439 	0.00015641428 	0.28466896 	697.50564 	0.42836272 	1.647414 	10267 	4.1722287e-05 	-0.017675451 	0.0001604572 	-0.0012807645 	-1.8607043e-06 	-0.013967224 	-4.0440018e-06 	0.2863636 	
698.00589 	0.41735734 	1.6415166 	10497 	3.9759678e-05 	-0.041650803 	0.0001563796 	0.31688034 	697.99221 	0.42930816 	1.647076 	10277 	4.1773685e-05 	-0.012344882 	0.00016026817 	0.070679957 	-2.0117191e-06 	-0.029068618 	-3.8824546e-06 	0.2438705 	
698.50508 	0.41727714 	1.6436115 	10511 	3.969909e-05 	-0.047605188 	0.00015637061 	0.32522799 	698.50213 	0.42901564 	1.6469731 	10291 	4.1688431e-05 	-0.021186591 	0.00016004014 	0.15748946 	-1.9887275e-06 	-0.026354994 	-3.6695412e-06 	0.1677417 	
698.99564 	0.41750618 	1.6432237 	10522 	3.9679355e-05 	-0.049544678 	0.00015617028 	0.51125894 	699.00878 	0.42847438 	1.6490683 	10304 	4.1583305e-05 	-0.032089177 	0.00016004157 	0.15694569 	-1.9066749e-06 	-0.017738096 	-3.8712482e-06 	0.35429915 	
699.50671 	0.41722043 	1.6462882 	10534 	3.9607028e-05 	-0.056652842 	0.00015628329 	0.40631244 	699.50188 	0.42923614 	1.6478286 	10316 	4.1608776e-05 	-0.029447574 	0.00015973523 	0.27356693 	-1.9995595e-06 	-0.026978207 	-3.4537588e-06 	0.13343974 	
700.01153 	0.4185782 	1.6405687 	10550 	3.9675659e-05 	-0.049907981 	0.00015550414 	1.1298692 	700.00217 	0.42743731 	1.651854 	10329 	4.1382255e-05 	-0.052940104 	0.0001599239 	0.20173969 	-1.7085167e-06 	0.0028329676 	-4.4102329e-06 	0.92450274 	
700.51062 	0.4191441 	1.6421132 	10562 	3.968416e-05 	-0.049072463 	0.0001554737 	1.1581397 	700.49801 	0.42902727 	1.648714 	10342 	4.1483975e-05 	-0.042390751 	0.00015941926 	0.39385369 	-1.797552e-06 	-0.0064470761 	-3.9488649e-06 	0.76554494 	
701.00553 	0.41955925 	1.6407831 	10573 	3.9682139e-05 	-0.049271123 	0.00015518615 	1.4251778 	700.99669 	0.42851623 	1.6516615 	10352 	4.1394535e-05 	-0.051666527 	0.00015954999 	0.34408499 	-1.7099578e-06 	0.0026483021 	-4.3697879e-06 	1.0833551 	
701.51616 	0.4184223 	1.6500709 	10585 	3.952974e-05 	-0.064248467 	0.00015588766 	0.77371946 	701.49777 	0.42799306 	1.6586659 	10374 	4.125632e-05 	-0.066000867 	0.00015988682 	0.21585631 	-1.8119978e-06 	-0.0071063009 	-4.3238212e-06 	0.68145715 	
701.9922 	0.4198358 	1.6467868 	10597 	3.9618364e-05 	-0.055538743 	0.00015540123 	1.2254411 	702.00791 	0.43311845 	1.6767728 	9928 	4.3625952e-05 	0.17975367 	0.00016889331 	-3.2128393 	-3.9346289e-06 	-0.2277258 	-1.3214776e-05 	4.3327133 	
702.50952 	0.4200754 	1.6499529 	10610 	3.9592403e-05 	-0.058090064 	0.00015550922 	1.1251511 	702.51389 	0.43331322 	1.6668678 	9942 	4.358411e-05 	0.17541417 	0.00016765921 	-2.7430269 	-3.9920671e-06 	-0.23354168 	-1.2160631e-05 	3.8722321 	
703.0107 	0.42105263 	1.654364 	10621 	3.9643408e-05 	-0.053077529 	0.00015576349 	0.88903041 	703.00283 	0.43465198 	1.6788182 	9985 	4.3530494e-05 	0.16985366 	0.00016813402 	-2.9237859 	-3.8612328e-06 	-0.22024996 	-1.2241561e-05 	3.7637162 	
703.49873 	0.4233302 	1.655127 	10630 	3.9824101e-05 	-0.035319463 	0.00015570339 	0.94484273 	703.50622 	0.43032308 	1.6429545 	10276 	4.1876516e-05 	-0.0016802679 	0.00015988268 	0.21743191 	-2.0770155e-06 	-0.036190501 	-4.3020232e-06 	0.77413165 	
704.00019 	0.42604774 	1.6641609 	10642 	4.0034555e-05 	-0.014636679 	0.0001563767 	0.31956745 	704.01002 	0.43247847 	1.6804202 	10567 	4.0927271e-05 	-0.10012651 	0.00015902528 	0.54383694 	-9.112453e-07 	0.083568127 	-2.6653178e-06 	-0.21789796 	
704.49722 	0.43168373 	1.6671049 	10649 	4.053749e-05 	0.034790263 	0.00015655037 	0.15829125 	704.49871 	0.43663703 	1.6875355 	10574 	4.1293459e-05 	-0.062149153 	0.00015959291 	0.32774514 	-7.5485239e-07 	0.097055254 	-3.0408116e-06 	-0.17011301 	
704.99877 	0.43944085 	1.6711699 	10659 	4.1227212e-05 	0.10257415 	0.00015678487 	-0.059474738 	705.00132 	0.44312169 	1.688681 	10584 	4.1867129e-05 	-0.0026538409 	0.00015955036 	0.34394416 	-6.3700456e-07 	0.10553008 	-2.7657102e-06 	-0.40333665 	
705.19095 	0.44551763 	1.6772318 	10664 	4.1777722e-05 	0.15667674 	0.0001572798 	-0.51909561 	705.21144 	0.44961753 	1.6931722 	10589 	4.2460811e-05 	0.058916907 	0.00015989916 	0.21116112 	-6.2517836e-07 	0.10376572 	-2.5853308e-06 	-0.74320899 	
705.39268 	0.45424714 	1.688543 	10666 	4.2588331e-05 	0.23634105 	0.0001583108 	-1.4765357 	705.3997 	0.4557213 	1.708648 	10592 	4.3025047e-05 	0.11743382 	0.00016131496 	-0.32782328 	-4.1568218e-07 	0.12108863 	-2.9513756e-06 	-1.1688048 	
705.59742 	0.46635426 	1.6943768 	10670 	4.3707054e-05 	0.34628587 	0.0001587982 	-1.9291529 	705.582 	0.46470366 	1.7130049 	10596 	4.3856518e-05 	0.20366562 	0.00016166524 	-0.46117362 	-2.4528129e-07 	0.13268303 	-2.8469807e-06 	-1.4756179 	
705.79521 	0.47858682 	1.6934683 	10671 	4.4849295e-05 	0.458542 	0.00015869818 	-1.8362725 	705.7971 	0.47890913 	1.710201 	10597 	4.5192897e-05 	0.34226144 	0.00016138539 	-0.35463694 	-3.3183283e-07 	0.11750113 	-2.6896767e-06 	-1.4806974 	
705.99716 	0.49840764 	1.6944549 	10676 	4.6684867e-05 	0.63893676 	0.00015871627 	-1.8530678 	706.00541 	0.49561362 	1.7165362 	10601 	4.6751591e-05 	0.50391365 	0.0001619221 	-0.55895702 	-5.0426309e-09 	0.14142011 	-3.1845949e-06 	-1.3021962 	
706.19304 	0.5187822 	1.6941452 	10675 	4.8597864e-05 	0.82694057 	0.00015870213 	-1.8399374 	706.20832 	0.51202263 	1.7211693 	10605 	4.8281248e-05 	0.66255425 	0.0001622979 	-0.70202232 	4.3183794e-07 	0.17633592 	-3.5674691e-06 	-1.1486914 	
706.40662 	0.54719101 	1.6882959 	10680 	5.1235113e-05 	1.0861218 	0.00015808014 	-1.2623283 	706.4145 	0.53479163 	1.7211955 	10606 	5.0423499e-05 	0.88472706 	0.00016228508 	-0.69714045 	8.9348491e-07 	0.20988548 	-4.2054307e-06 	-0.56500131 	
706.61252 	0.59457183 	1.6754328 	10685 	5.5645468e-05 	1.5195587 	0.00015680233 	-0.075687211 	706.61989 	0.58367116 	1.6899217 	10607 	5.5026978e-05 	1.3621538 	0.00015932137 	0.4311202 	7.8376603e-07 	0.17454566 	-2.6254467e-06 	-0.46630012 	
706.81038 	0.68417111 	1.6422353 	10683 	6.4042976e-05 	2.3448415 	0.00015372417 	2.7828408 	706.81726 	0.67137876 	1.6400905 	10611 	6.3271959e-05 	2.2172406 	0.00015456512 	2.2417855 	1.0582792e-06 	0.15739285 	-1.0066586e-06 	0.60414039 	
707.01179 	0.82930938 	1.5865619 	10686 	7.7607091e-05 	3.6778835 	0.00014847107 	7.6611341 	706.99885 	0.77277438 	1.5854922 	10615 	7.2800224e-05 	3.2054167 	0.00014936338 	4.2220467 	4.2750735e-06 	0.41731445 	-7.5972177e-07 	3.3886141 	
707.20023 	0.97138047 	1.5814628 	10692 	9.0851148e-05 	4.979471 	0.00014791085 	8.1813855 	707.19836 	0.8599416 	1.5640953 	10617 	8.0996666e-05 	4.0554695 	0.00014731989 	4.9999831 	9.781848e-06 	0.91646866 	5.5804775e-07 	3.193929 	
707.39894 	1.1612903 	1.599813 	10695 	0.00010858255 	6.7220615 	0.00014958513 	6.6265597 	707.40413 	0.94520806 	1.6032762 	10622 	8.8985884e-05 	4.8840311 	0.0001509392 	3.6221417 	1.9798117e-05 	1.8589233 	-1.2628064e-06 	2.9696744 	
707.59457 	1.3298439 	1.6432377 	10699 	0.00012429609 	8.2663436 	0.00015358797 	2.909325 	707.58887 	1.0690694 	1.6526771 	10627 	0.00010059936 	6.088464 	0.00015551681 	1.8794842 	2.357338e-05 	2.1650861 	-2.1778133e-06 	1.1246226 	
707.78879 	1.2537606 	1.6835467 	10703 	0.00011714105 	7.5631663 	0.00015729671 	-0.53479572 	707.80666 	1.1200639 	1.7551711 	10636 	0.00010530876 	6.5768758 	0.00016502173 	-1.7389609 	1.2218528e-05 	1.0263471 	-6.9454845e-06 	0.90740192 	
708.00564 	1.1039313 	1.7209824 	10709 	0.00010308444 	6.1817236 	0.0001607043 	-3.6992564 	707.99757 	1.0499202 	1.8729474 	10657 	9.8519306e-05 	5.872742 	0.00017574809 	-5.8223974 	4.4624408e-06 	0.29833119 	-1.541658e-05 	2.2650605 	
708.20339 	1.0739151 	1.7683621 	10715 	0.00010022539 	5.9007446 	0.00016503613 	-7.7220085 	708.19184 	1.0807401 	1.9768246 	10701 	0.00010099431 	6.1294247 	0.0001847327 	-9.2427654 	-1.6832902e-06 	-0.32350959 	-2.0172751e-05 	1.7020351 	
708.40973 	1.1196007 	1.813602 	10719 	0.00010445011 	6.3159375 	0.00016919508 	-11.584216 	708.4055 	1.2619826 	2.0714753 	10703 	0.00011790924 	7.8836719 	0.00019354156 	-12.596226 	-1.4049836e-05 	-1.6289961 	-2.4500793e-05 	1.0707556 	
708.60239 	1.252238 	1.8535062 	10724 	0.00011676967 	7.5266687 	0.0001728372 	-14.966477 	708.60516 	1.5612512 	2.1507937 	10710 	0.00014577509 	10.773638 	0.00020082107 	-15.367477 	-2.861906e-05 	-3.2069006 	-2.7882939e-05 	0.36257733 	
708.79347 	1.4844333 	1.9205817 	10728 	0.00013836999 	9.6494854 	0.00017902514 	-20.712902 	708.80613 	1.7498833 	2.1729351 	10715 	0.00016331156 	12.592345 	0.00020279376 	-16.118464 	-2.383704e-05 	-2.828309 	-2.3644375e-05 	-4.6417387 	
709.00509 	1.8569033 	1.9932923 	10734 	0.00017299267 	13.052102 	0.00018569893 	-26.910525 	709.00657 	1.7805561 	2.1458294 	10718 	0.00016612764 	12.884401 	0.00020020801 	-15.13409 	6.8857561e-06 	0.16985089 	-1.4528112e-05 	-11.769188 	
709.19948 	2.1449059 	2.056342 	10738 	0.00019974911 	15.681648 	0.00019150139 	-32.298981 	709.18815 	1.7350555 	2.1402593 	10723 	0.00016180691 	12.436298 	0.00019959519 	-14.900796 	3.8446295e-05 	3.2976294 	-8.1919159e-06 	-17.360833 	
709.3961 	2.1379503 	2.0716746 	10743 	0.00019900868 	15.608881 	0.00019283948 	-33.541599 	709.40791 	1.6313141 	2.162069 	10730 	0.000152033 	11.422646 	0.00020149757 	-15.625017 	4.6450456e-05 	4.1317633 	-8.5558594e-06 	-17.9555 	
709.61505 	1.8516141 	2.0674481 	10749 	0.0001722592 	12.980018 	0.00019233865 	-33.076498 	709.5942 	1.4839281 	2.1590422 	10733 	0.00013825846 	9.994089 	0.00020115925 	-15.496219 	3.5434486e-05 	3.1346238 	-8.649009e-06 	-17.645602 	
709.79351 	1.573833 	2.0527246 	10754 	0.00014634861 	10.433601 	0.0001908801 	-31.722014 	709.79292 	1.3378655 	2.1424846 	10738 	0.00012459169 	8.576708 	0.00019952362 	-14.873549 	2.1788248e-05 	1.8601416 	-8.6334875e-06 	-16.852286 	
710.00614 	1.3408922 	2.0134758 	10760 	0.00012461823 	8.2980025 	0.00018712601 	-28.235778 	710.00193 	1.2194395 	2.1050182 	10741 	0.00011353128 	7.429634 	0.00019597972 	-13.524414 	1.1209311e-05 	0.88105865 	-8.7937873e-06 	-14.734176 	
710.20058 	1.203289 	1.9868067 	10763 	0.00011179867 	7.0381325 	0.00018459599 	-25.886278 	710.20652 	1.1563082 	2.0750837 	10748 	0.00010758356 	6.8127961 	0.00019306696 	-12.415553 	4.0423548e-06 	0.20742083 	-8.5555724e-06 	-13.438519 	
710.40463 	1.1090369 	1.969165 	10767 	0.00010300333 	6.1737525 	0.00018288892 	-24.30101 	710.40572 	1.1138499 	2.0631569 	10751 	0.0001036043 	6.4001071 	0.00019190372 	-11.972716 	-6.226422e-07 	-0.22860199 	-9.021133e-06 	-12.325882 	
710.59476 	1.0386222 	1.9632346 	10771 	9.6427651e-05 	5.5275136 	0.00018227041 	-23.726629 	710.60456 	1.0668526 	2.0303115 	10755 	9.9195967e-05 	5.9429186 	0.00018877838 	-10.782924 	-2.9855754e-06 	-0.43793692 	-6.6619965e-06 	-12.885068 	
710.8118 	0.97513223 	1.9465528 	10777 	9.0482716e-05 	4.9432626 	0.00018062103 	-22.19493 	710.79931 	1.0105928 	2.0142167 	10762 	9.3903812e-05 	5.3940693 	0.00018716007 	-10.166847 	-3.1506696e-06 	-0.42276078 	-6.4459315e-06 	-12.063529 	
710.99802 	0.92560297 	1.9329314 	10780 	8.5862984e-05 	4.4892487 	0.00017930718 	-20.974819 	710.9963 	0.96507524 	1.999164 	10766 	8.9641021e-05 	4.9519754 	0.00018569237 	-9.6081041 	-3.749226e-06 	-0.45973865 	-6.3663778e-06 	-11.373877 	
711.19309 	0.8918568 	1.9094788 	10782 	8.2717195e-05 	4.1800897 	0.00017709875 	-18.923967 	711.20701 	0.92728455 	1.97474 	10768 	8.6114835e-05 	4.5862747 	0.00018338967 	-8.7314859 	-3.6304849e-06 	-0.43033336 	-6.4429709e-06 	-10.134596 	
711.40289 	0.85799036 	1.9044308 	10788 	7.9531921e-05 	3.8670501 	0.00017653234 	-18.397964 	711.39546 	0.89297317 	1.9706674 	10773 	8.2889926e-05 	4.2518195 	0.00018292652 	-8.5551687 	-3.2763533e-06 	-0.37630119 	-6.3575549e-06 	-9.8567401 	
711.59212 	0.82937905 	1.9029657 	10790 	7.6865529e-05 	3.6050048 	0.00017636383 	-18.241479 	711.5769 	0.87164733 	1.9613921 	10775 	8.0895344e-05 	4.0449614 	0.00018203175 	-8.2145369 	-3.8660378e-06 	-0.4229712 	-5.6608254e-06 	-10.029644 	
711.78437 	0.80793107 	1.9037339 	10793 	7.485695e-05 	3.4076076 	0.00017638598 	-18.262052 	711.7871 	0.84790875 	1.9617917 	10783 	7.8633845e-05 	3.8104213 	0.00018193376 	-8.1772318 	-3.8061994e-06 	-0.40585302 	-5.5490457e-06 	-10.084337 	
712.01007 	0.78857196 	1.8928505 	10798 	7.3029446e-05 	3.2280057 	0.0001752964 	-17.250212 	711.99321 	0.83025864 	1.9601372 	10787 	7.6968448e-05 	3.6377031 	0.00018171291 	-8.0931584 	-3.8339885e-06 	-0.39880644 	-6.3555239e-06 	-9.1802715 	
712.19501 	0.77089697 	1.8893826 	10803 	7.1359527e-05 	3.0638909 	0.00017489425 	-16.876755 	712.19968 	0.81646274 	1.9522618 	10788 	7.5682493e-05 	3.5043368 	0.00018096605 	-7.8088343 	-4.3520616e-06 	-0.44346333 	-6.088701e-06 	-9.0614872 	
712.40212 	0.75046262 	1.8886936 	10808 	6.9435846e-05 	2.8748371 	0.00017474959 	-16.742416 	712.39261 	0.80385435 	1.9509868 	10793 	7.4479232e-05 	3.3795466 	0.00018076408 	-7.7319463 	-4.9847538e-06 	-0.49862871 	-6.0391603e-06 	-9.001079 	
712.59581 	0.73529412 	1.8716241 	10812 	6.8007225e-05 	2.7344364 	0.00017310619 	-15.216272 	712.609 	0.78975641 	1.957766 	10797 	7.3145912e-05 	3.241268 	0.000181325 	-7.9454835 	-5.2199862e-06 	-0.51526316 	-8.1846104e-06 	-7.2838092 	
712.79235 	0.71839453 	1.866827 	10813 	6.643804e-05 	2.5802214 	0.00017264653 	-14.789413 	712.81922 	0.77666667 	1.9571296 	10800 	7.191358e-05 	3.1134629 	0.00018121571 	-7.9038756 	-5.63305e-06 	-0.54957681 	-8.5831424e-06 	-6.8802191 	
712.99869 	0.70438159 	1.863191 	10818 	6.5111997e-05 	2.4499018 	0.00017223063 	-14.403186 	713.00196 	0.76828365 	1.9487132 	10802 	7.1124204e-05 	3.0315967 	0.000180403 	-7.5944847 	-6.0263217e-06 	-0.58315879 	-8.1868996e-06 	-6.8031688 	
713.20533 	0.68604436 	1.8657116 	10820 	6.3405209e-05 	2.2821636 	0.00017243176 	-14.589963 	713.21557 	0.75092524 	1.9586417 	10808 	6.9478649e-05 	2.8609363 	0.00018122148 	-7.9060732 	-6.1523451e-06 	-0.58695592 	-8.7504726e-06 	-6.698831 	
713.39012 	0.67448735 	1.8495289 	10826 	6.2302544e-05 	2.1737969 	0.00017084139 	-13.113068 	713.39654 	0.73896957 	1.9496809 	10811 	6.8353489e-05 	2.7442459 	0.00018034233 	-7.5713866 	-6.0908457e-06 	-0.57458719 	-9.5321105e-06 	-5.5298125 	
713.61203 	0.66078848 	1.8483058 	10831 	6.1009e-05 	2.0466711 	0.0001706496 	-12.934958 	713.61413 	0.72021828 	1.9453385 	10812 	6.6612863e-05 	2.5637256 	0.00017992402 	-7.4121414 	-5.6206906e-06 	-0.51879975 	-9.2784674e-06 	-5.5212768 	
713.7986 	0.65008307 	1.8463171 	10834 	6.0003976e-05 	1.9479002 	0.00017041879 	-12.720617 	713.79373 	0.70320732 	1.9403827 	10819 	6.4997442e-05 	2.3961903 	0.00017934954 	-7.1934408 	-4.9651094e-06 	-0.44534927 	-8.8837727e-06 	-5.54506 	
713.99171 	0.64028047 	1.8494326 	10839 	5.9071913e-05 	1.8562998 	0.0001706276 	-12.914534 	713.99768 	0.69053779 	1.9196082 	10822 	6.3808704e-05 	2.2729064 	0.00017738017 	-6.4437184 	-4.7715773e-06 	-0.4202143 	-6.810197e-06 	-6.448876 	
714.20799 	0.63195277 	1.8465086 	10841 	5.8292849e-05 	1.7797356 	0.00017032641 	-12.634831 	714.19336 	0.67306982 	1.9166051 	10828 	6.2160124e-05 	2.1019321 	0.00017700453 	-6.3007168 	-3.7956231e-06 	-0.31476555 	-6.5873378e-06 	-6.3686753 	
714.39922 	0.62490782 	1.8430125 	10848 	5.7605809e-05 	1.7122153 	0.00016989422 	-12.23348 	714.39812 	0.66251269 	1.9037201 	10833 	6.11569e-05 	1.9978878 	0.00017573342 	-5.8168131 	-3.547279e-06 	-0.2852772 	-5.8297556e-06 	-6.4202598 	
714.60057 	0.62284661 	1.8382312 	10855 	5.7378776e-05 	1.6899032 	0.00016934419 	-11.722695 	714.60965 	0.65498155 	1.8852399 	10840 	6.0422652e-05 	1.921739 	0.00017391512 	-5.1246003 	-3.0754115e-06 	-0.23510639 	-4.649016e-06 	-6.5683647 	
714.80803 	0.62091202 	1.8360203 	10855 	5.7200555e-05 	1.6723881 	0.00016914051 	-11.533546 	714.80944 	0.64711849 	1.8820655 	10845 	5.9669755e-05 	1.843656 	0.00017354223 	-4.9826452 	-2.4745083e-06 	-0.17181848 	-4.4043448e-06 	-6.5499001 	
714.99556 	0.62088013 	1.8429387 	10862 	5.7160756e-05 	1.6684768 	0.00016966845 	-12.023814 	715.00977 	0.64242257 	1.8774889 	10848 	5.9220369e-05 	1.7970503 	0.00017307236 	-4.8037693 	-2.0914945e-06 	-0.1318799 	-3.4372441e-06 	-7.207354 	
715.19253 	0.61892489 	1.8520803 	10864 	5.6970259e-05 	1.6497553 	0.00017047867 	-12.776225 	715.20547 	0.63700018 	1.8846508 	10854 	5.8688058e-05 	1.7418443 	0.00017363652 	-5.0185424 	-1.7529836e-06 	-0.095737995 	-3.1205641e-06 	-7.7718789 	
715.39748 	0.61954721 	1.8441929 	10866 	5.7017045e-05 	1.6543533 	0.00016972141 	-12.073001 	715.40591 	0.63262111 	1.876865 	10858 	5.8263134e-05 	1.6977754 	0.0001728555 	-4.7212121 	-1.2639572e-06 	-0.045275269 	-3.1669244e-06 	-7.3392861 	
715.61174 	0.6165379 	1.8498896 	10872 	5.6708784e-05 	1.6240583 	0.00017015173 	-12.472615 	715.62108 	0.62910798 	1.8662432 	10863 	5.7912914e-05 	1.6614541 	0.00017179814 	-4.3186856 	-1.219343e-06 	-0.038973582 	-1.6923395e-06 	-8.1364439 	
715.80148 	0.61473374 	1.8411662 	10873 	5.6537639e-05 	1.6072386 	0.00016933378 	-11.713024 	715.80414 	0.6237806 	1.8609424 	10866 	5.7406645e-05 	1.6089489 	0.00017126287 	-4.1149136 	-8.7636724e-07 	-0.0024737682 	-1.9368767e-06 	-7.5951474 	
716.00316 	0.60889951 	1.8449021 	10877 	5.5980465e-05 	1.5524812 	0.00016961498 	-11.974156 	716.00517 	0.61821527 	1.8587856 	10870 	5.687353e-05 	1.5536596 	0.00017100144 	-4.0153877 	-8.9840133e-07 	-0.0017318696 	-1.3890809e-06 	-7.9577721 	
716.21188 	0.60549531 	1.8309134 	10882 	5.5641914e-05 	1.5192094 	0.00016825156 	-10.708017 	716.21052 	0.61313466 	1.8476821 	10872 	5.6395756e-05 	1.5041097 	0.00016994869 	-3.6146131 	-7.4845111e-07 	0.015658763 	-1.6970804e-06 	-7.0934224 	
716.41378 	0.59988978 	1.8172132 	10887 	5.5101477e-05 	1.4660968 	0.00016691588 	-9.467641 	716.39243 	0.60555351 	1.8482898 	10876 	5.5677962e-05 	1.4296673 	0.00016994206 	-3.6120894 	-5.3463954e-07 	0.040769283 	-2.9097531e-06 	-5.8998731 	
716.61018 	0.59249059 	1.8143762 	10893 	5.4391865e-05 	1.3963582 	0.0001665635 	-9.1404029 	716.60379 	0.60132341 	1.8365959 	10881 	5.5263616e-05 	1.3866955 	0.00016878926 	-3.1732277 	-8.5624451e-07 	0.011270865 	-2.2040584e-06 	-5.9754355 	
716.80185 	0.58599486 	1.7988253 	10896 	5.3780732e-05 	1.3362979 	0.00016509042 	-7.7724305 	716.81178 	0.59604961 	1.829582 	10885 	5.4758807e-05 	1.3343417 	0.00016808287 	-2.9043104 	-1.0021813e-06 	-0.00054402703 	-3.0261756e-06 	-4.8552779 	
716.9989 	0.57884598 	1.7851573 	10901 	5.3100264e-05 	1.2694234 	0.00016376088 	-6.5377471 	717.0027 	0.59167738 	1.8246371 	10886 	5.4352139e-05 	1.2921662 	0.00016761319 	-2.7255074 	-1.2599738e-06 	-0.023582787 	-3.8616629e-06 	-3.8086788 	
717.2178 	0.56947629 	1.7822618 	10903 	5.2231156e-05 	1.1840099 	0.00016346526 	-6.2632248 	717.19321 	0.58552934 	1.8266459 	10891 	5.3762679e-05 	1.2310334 	0.00016772067 	-2.7664268 	-1.4854206e-06 	-0.042242119 	-4.1394827e-06 	-3.5409307 	
717.41405 	0.563978 	1.7681943 	10910 	5.1693676e-05 	1.131188 	0.00016207097 	-4.9684173 	717.40225 	0.58142097 	1.8164127 	10894 	5.3370751e-05 	1.1903866 	0.00016673515 	-2.3912454 	-1.6588607e-06 	-0.057309528 	-4.6546912e-06 	-2.5807824 	
717.6017 	0.55700147 	1.7631965 	10912 	5.1044856e-05 	1.0674238 	0.00016158326 	-4.515498 	717.6031 	0.57830994 	1.8154877 	10899 	5.3060825e-05 	1.1582442 	0.00016657378 	-2.3298149 	-2.0181363e-06 	-0.091045041 	-4.9916557e-06 	-2.1852536 	
717.80172 	0.55340784 	1.7575119 	10916 	5.0696944e-05 	1.0332321 	0.00016100329 	-3.9769128 	717.78872 	0.57587156 	1.809633 	10900 	5.2832253e-05 	1.1345389 	0.00016602138 	-2.1195191 	-2.1207494e-06 	-0.099796879 	-5.0413256e-06 	-1.8485477 	
717.99466 	0.54819222 	1.7625629 	10925 	5.0177778e-05 	0.98220987 	0.00016133299 	-4.2830903 	718.00474 	0.5734984 	1.8146722 	10905 	5.2590408e-05 	1.1094571 	0.00016640735 	-2.2664559 	-2.4239154e-06 	-0.12841766 	-5.0563495e-06 	-2.023491 	
718.20695 	0.54946463 	1.7589457 	10927 	5.028504e-05 	0.99275129 	0.00016097243 	-3.9482541 	718.20643 	0.57369386 	1.8219982 	10910 	5.2584222e-05 	1.1088156 	0.00016700258 	-2.4930551 	-2.3003107e-06 	-0.11618135 	-6.0302751e-06 	-1.4551524 	
718.4088 	0.54784995 	1.7776761 	10930 	5.0123509e-05 	0.97687653 	0.00016264191 	-5.4986217 	718.41254 	0.57862903 	1.8228556 	10912 	5.3026854e-05 	1.154721 	0.00016705055 	-2.5113152 	-2.8953207e-06 	-0.17701226 	-4.4077637e-06 	-2.9876375 	
718.59941 	0.5511847 	1.7885829 	10931 	5.0423996e-05 	1.0064075 	0.00016362482 	-6.4113992 	718.6133 	0.58176821 	1.84929 	10915 	5.3299882e-05 	1.1830367 	0.00016942647 	-3.4158113 	-2.856994e-06 	-0.1746699 	-5.6372565e-06 	-3.0581722 	
718.81717 	0.55666331 	1.802433 	10933 	5.091588e-05 	1.0547484 	0.0001648617 	-7.5600291 	718.78864 	0.59131709 	1.856384 	10918 	5.4159836e-05 	1.2722225 	0.00017002967 	-3.6454435 	-3.3219338e-06 	-0.22556114 	-5.5004562e-06 	-3.7880102 	
719.00736 	0.5606947 	1.8231261 	10940 	5.1251801e-05 	1.0877617 	0.00016664773 	-9.2186211 	719.0103 	0.59815052 	1.8852774 	10922 	5.4765658e-05 	1.3350523 	0.00017261284 	-4.628834 	-3.5058438e-06 	-0.24645945 	-5.9309394e-06 	-4.6027958 	
719.21565 	0.56683123 	1.8435729 	10938 	5.1822201e-05 	1.143819 	0.00016854753 	-10.982871 	719.20125 	0.60444892 	1.9155071 	10924 	5.5332197e-05 	1.393808 	0.00017534851 	-5.6702824 	-3.5738053e-06 	-0.25660664 	-6.9695351e-06 	-5.2484223 	
719.39369 	0.5726691 	1.8765996 	10940 	5.2346353e-05 	1.1953312 	0.00017153562 	-13.757759 	719.40178 	0.61415233 	1.9411388 	10924 	5.6220462e-05 	1.48593 	0.00017769487 	-6.5635225 	-3.8382834e-06 	-0.28688332 	-6.0646234e-06 	-7.2302619 	
719.60377 	0.58589181 	1.9090826 	10944 	5.3535436e-05 	1.3121908 	0.00017444103 	-16.45587 	719.60242 	0.62524023 	1.9892011 	10927 	5.7219752e-05 	1.5895663 	0.00018204457 	-8.2194188 	-3.6953203e-06 	-0.27851675 	-7.6325351e-06 	-8.2254152 	
719.81344 	0.5991962 	1.9680307 	10948 	5.4731111e-05 	1.4296983 	0.00017976166 	-21.396879 	719.80149 	0.64309241 	2.036322 	10930 	5.8837366e-05 	1.757329 	0.00018630577 	-9.8416206 	-4.2404269e-06 	-0.34154568 	-7.0259286e-06 	-11.371832 	
719.99821 	0.62539943 	2.032046 	10953 	5.709846e-05 	1.6623545 	0.00018552415 	-26.748213 	720.00294 	0.66812986 	2.1261088 	10935 	6.1100124e-05 	1.9919996 	0.00019443153 	-12.935033 	-3.9485234e-06 	-0.32413388 	-8.7165513e-06 	-13.885828 	
720.18006 	0.66033775 	2.1374715 	10955 	6.0277293e-05 	1.974761 	0.00019511378 	-35.653625 	720.19791 	0.70698482 	2.2244469 	10938 	6.4635658e-05 	2.3586697 	0.0002033687 	-16.337341 	-4.0347571e-06 	-0.35034736 	-7.436903e-06 	-19.627698 	
720.39593 	0.7107785 	2.2773569 	10957 	6.4869809e-05 	2.4261002 	0.00020784493 	-47.476411 	720.41031 	0.76549077 	2.3670261 	10942 	6.9958944e-05 	2.9107477 	0.00021632482 	-21.269627 	-4.7287172e-06 	-0.44726848 	-7.6026763e-06 	-26.54073 	
720.59431 	0.75221239 	2.3681233 	10961 	6.8626256e-05 	2.7952729 	0.00021604994 	-55.095987 	720.59383 	0.81588085 	2.4986294 	10944 	7.4550516e-05 	3.3869394 	0.00022831043 	-25.832454 	-5.9300972e-06 	-0.59227186 	-1.2277824e-05 	-29.256938 	
720.80567 	0.77033187 	2.4279723 	10968 	7.0234489e-05 	2.9533254 	0.00022136873 	-60.035291 	720.81181 	0.84551434 	2.586607 	10946 	7.7244139e-05 	3.666295 	0.00023630614 	-28.876353 	-6.9336762e-06 	-0.70509034 	-1.4711884e-05 	-31.244791 	
721.00272 	0.77253258 	2.4199399 	10973 	7.0403042e-05 	2.9698903 	0.00022053585 	-59.26183 	721.00032 	0.83917808 	2.5687671 	10950 	7.6637268e-05 	3.6033564 	0.0002345906 	-28.223263 	-6.1931891e-06 	-0.62921016 	-1.3962768e-05 	-31.073586 	
721.18828 	0.76526335 	2.4137962 	10974 	6.9734222e-05 	2.9041606 	0.00021995592 	-58.723278 	721.20924 	0.80047463 	2.4823841 	10956 	7.3062671e-05 	3.2326351 	0.00022657759 	-25.172774 	-3.6870284e-06 	-0.36566268 	-7.4254828e-06 	-33.2445 	
721.38936 	0.75801457 	2.379235 	10980 	6.9035936e-05 	2.8355351 	0.00021668807 	-55.688588 	721.40072 	0.77424948 	2.4029565 	10959 	7.0649646e-05 	2.9823804 	0.00021926786 	-22.390019 	-1.7569299e-06 	-0.16169851 	-3.0136434e-06 	-33.133405 	
721.6161 	0.74840706 	2.3914983 	10986 	6.8123709e-05 	2.7458841 	0.00021768599 	-56.615308 	721.60068 	0.76404597 	2.4024991 	10964 	6.968679e-05 	2.8825226 	0.00021912615 	-22.336071 	-1.6404522e-06 	-0.1446626 	-2.0264658e-06 	-34.056035 	
721.80385 	0.75866776 	2.4183274 	10989 	6.9038835e-05 	2.83582 	0.00022006802 	-58.827377 	721.79084 	0.77493163 	2.4831358 	10970 	7.0640987e-05 	2.9814823 	0.00022635696 	-25.088781 	-1.7917909e-06 	-0.1653297 	-6.9143978e-06 	-33.50049 	
722.00364 	0.7784246 	2.4914499 	10994 	7.0804493e-05 	3.0093438 	0.00022661905 	-64.911 	722.00871 	0.8102223 	2.5994898 	10976 	7.381763e-05 	3.3109318 	0.00023683398 	-29.077299 	-2.9392181e-06 	-0.29392193 	-9.9711342e-06 	-35.926512 	
722.20229 	0.80443677 	2.5349577 	10999 	7.3137264e-05 	3.2386018 	0.00023047165 	-68.488718 	722.21019 	0.84928513 	2.7175121 	10981 	7.7341329e-05 	3.6763745 	0.00024747401 	-33.127869 	-4.0657875e-06 	-0.42343206 	-1.6584817e-05 	-35.519801 	
722.39884 	0.81323275 	2.5511224 	11003 	7.3910093e-05 	3.3145532 	0.00023185699 	-69.775207 	722.39735 	0.87855062 	2.7699381 	10984 	7.9984579e-05 	3.950506 	0.00025217936 	-34.919159 	-6.0744427e-06 	-0.63594832 	-2.0320275e-05 	-34.856847 	
722.6048 	0.80412465 	2.4839647 	11007 	7.3055751e-05 	3.2305909 	0.00022567137 	-64.030932 	722.61255 	0.87856168 	2.7668639 	10985 	7.9978305e-05 	3.9498553 	0.00025187655 	-34.803882 	-6.9227799e-06 	-0.71928782 	-2.6216092e-05 	-29.222897 	
722.81037 	0.78245072 	2.4035789 	11009 	7.1073733e-05 	3.0358039 	0.00021832854 	-57.212013 	722.80437 	0.85736392 	2.6999818 	10986 	7.80415e-05 	3.7489893 	0.00024576568 	-32.477524 	-6.8890317e-06 	-0.70501976 	-2.7187639e-05 	-24.829473 	
723.008 	0.75667332 	2.3395678 	11014 	6.8701046e-05 	2.8026231 	0.00021241763 	-51.72285 	722.98951 	0.83114993 	2.6169032 	10992 	7.5614076e-05 	3.4972413 	0.00023807344 	-29.549149 	-6.7075001e-06 	-0.67330262 	-2.5042967e-05 	-22.407002 	
723.19208 	0.74026328 	2.2848842 	11015 	6.7205018e-05 	2.6555978 	0.00020743389 	-47.094691 	723.2141 	0.80414621 	2.5364612 	10998 	7.3117495e-05 	3.2383209 	0.00023062931 	-26.715232 	-6.1573065e-06 	-0.60811434 	-2.3925443e-05 	-20.101548 	
723.40989 	0.72456666 	2.2473909 	11019 	6.5756117e-05 	2.513204 	0.00020395597 	-43.864928 	723.40769 	0.79210981 	2.4805018 	11001 	7.2003437e-05 	3.1227819 	0.00022547966 	-24.754802 	-6.2331482e-06 	-0.60810819 	-2.148609e-05 	-19.124439 	
723.60206 	0.70824639 	2.2126463 	11023 	6.4251691e-05 	2.3653534 	0.00020072995 	-40.869085 	723.60413 	0.77846433 	2.4444343 	11005 	7.0737332e-05 	2.9914742 	0.00022212034 	-23.475936 	-6.4989532e-06 	-0.62750146 	-2.1425709e-05 	-17.379702 	
723.79838 	0.69317976 	2.1566298 	11026 	6.2867745e-05 	2.2293432 	0.00019559494 	-36.100451 	723.81117 	0.76014894 	2.3902461 	11011 	6.9035414e-05 	2.8149683 	0.00021707802 	-21.556367 	-6.2727502e-06 	-0.59652316 	-2.1794413e-05 	-14.425564 	
724.00738 	0.67207616 	2.100816 	11030 	6.0931655e-05 	2.0390698 	0.00019046382 	-31.33544 	724.00093 	0.73860541 	2.3192301 	11014 	6.7060597e-05 	2.6101601 	0.0002105711 	-19.079233 	-6.0554749e-06 	-0.56347102 	-1.9861435e-05 	-12.349796 	
724.20295 	0.65521617 	2.0338077 	11033 	5.9386945e-05 	1.8872603 	0.00018433859 	-25.647243 	724.20804 	0.71266455 	2.2324103 	11015 	6.469946e-05 	2.3652866 	0.00020267003 	-16.07136 	-5.3705226e-06 	-0.48404243 	-1.852555e-05 	-9.501985 	
724.40741 	0.63900716 	1.9884953 	11039 	5.7886326e-05 	1.7397837 	0.00018013365 	-21.742322 	724.4078 	0.69338295 	2.1537624 	11017 	6.2937547e-05 	2.1825587 	0.00019549445 	-13.339677 	-5.0546947e-06 	-0.44313525 	-1.5374953e-05 	-8.3972585 	
724.59758 	0.62746874 	1.9442834 	11038 	5.6846235e-05 	1.6375666 	0.00017614454 	-18.037833 	724.60697 	0.67425823 	2.0804827 	11021 	6.1179406e-05 	2.000222 	0.0001887744 	-10.78141 	-4.416042e-06 	-0.37124992 	-1.2946623e-05 	-7.1358369 	
724.81344 	0.61585145 	1.9126812 	11040 	5.5783646e-05 	1.5331384 	0.00017325011 	-15.349919 	724.79563 	0.65937755 	2.031939 	11021 	5.9829194e-05 	1.8601915 	0.00018436975 	-9.1045946 	-3.9181307e-06 	-0.31383864 	-1.078996e-05 	-6.3708335 	
725.01267 	0.60751471 	1.8758714 	11045 	5.5003596e-05 	1.4564773 	0.00016983897 	-12.182169 	725.01086 	0.64281828 	1.9893 	11028 	5.8289652e-05 	1.7005256 	0.00018038629 	-7.5881221 	-3.2769084e-06 	-0.24309957 	-1.0512295e-05 	-4.6073791 	
725.19602 	0.60070607 	1.8527202 	11047 	5.4377304e-05 	1.3949272 	0.00016771252 	-10.207439 	725.21977 	0.63121146 	1.9448676 	11028 	5.7237166e-05 	1.5913723 	0.00017635724 	-6.054296 	-2.9795153e-06 	-0.20885439 	-9.1027667e-06 	-3.9787681 	
725.39447 	0.59227079 	1.8362748 	11049 	5.3604018e-05 	1.3189309 	0.00016619375 	-8.7970372 	725.3992 	0.62108985 	1.9235651 	11029 	5.6314249e-05 	1.4956566 	0.00017440975 	-5.3129041 	-2.7345488e-06 	-0.17924776 	-8.2673119e-06 	-3.4645985 	
725.60791 	0.58622874 	1.8139703 	11052 	5.3042774e-05 	1.2637734 	0.0001641305 	-6.8810002 	725.60735 	0.61341187 	1.8887177 	11035 	5.5587845e-05 	1.4203213 	0.00017115702 	-4.0746159 	-2.5425483e-06 	-0.15628623 	-7.0232607e-06 	-2.8076239 	
725.80612 	0.58017545 	1.7907208 	11057 	5.2471326e-05 	1.2076132 	0.00016195359 	-4.8594066 	725.81721 	0.60280924 	1.875034 	11035 	5.4627027e-05 	1.3206749 	0.00016991699 	-3.6025465 	-2.2064437e-06 	-0.11832422 	-8.0288916e-06 	-1.2319291 	
726.00909 	0.57450271 	1.774774 	11060 	5.1944187e-05 	1.1558075 	0.00016046781 	-3.4796381 	725.98881 	0.59711904 	1.8537779 	11038 	5.409667e-05 	1.2656716 	0.00016794509 	-2.8518588 	-2.1117666e-06 	-0.10564138 	-7.2183033e-06 	-0.72636875 	
726.19489 	0.56873023 	1.7668324 	11065 	5.1399027e-05 	1.1022307 	0.00015967757 	-2.7457867 	726.18239 	0.59293478 	1.8268116 	11040 	5.3707861e-05 	1.2253482 	0.00016547206 	-1.9103998 	-2.2735671e-06 	-0.11945992 	-5.7217238e-06 	-0.86308879 	
726.39778 	0.56483238 	1.7559411 	11067 	5.1037534e-05 	1.0667042 	0.0001586646 	-1.805085 	726.39767 	0.58654717 	1.8139598 	11046 	5.3100413e-05 	1.1623498 	0.0001642187 	-1.4332556 	-2.0625759e-06 	-0.095614091 	-5.5532669e-06 	-0.37214947 	
726.60992 	0.56362323 	1.7407207 	11073 	5.090068e-05 	1.0532546 	0.00015720407 	-0.44876753 	726.58123 	0.58108597 	1.798914 	11050 	5.2586966e-05 	1.1091002 	0.00016279765 	-0.89227179 	-1.639432e-06 	-0.050986336 	-5.438454e-06 	0.38444942 	
726.78655 	0.5605199 	1.7329181 	11079 	5.0593005e-05 	1.0230172 	0.00015641467 	0.2843089 	726.80147 	0.57742402 	1.7867221 	11056 	5.2227209e-05 	1.0717898 	0.00016160656 	-0.43883424 	-1.6585749e-06 	-0.051300083 	-5.2725782e-06 	0.75386013 	
727.00702 	0.55666847 	1.7337123 	11082 	5.023177e-05 	0.98751606 	0.00015644399 	0.25707881 	726.98961 	0.57380457 	1.7812528 	11063 	5.1866996e-05 	1.0344321 	0.00016100993 	-0.21170051 	-1.6230893e-06 	-0.045657328 	-4.5099969e-06 	0.44748429 	
727.50091 	0.55340243 	1.7267237 	11095 	4.9878543e-05 	0.95280196 	0.0001556308 	1.0122483 	727.50175 	0.57047404 	1.7649661 	11075 	5.1510071e-05 	0.99741548 	0.00015936489 	0.41455229 	-1.6321144e-06 	-0.04467429 	-3.7367868e-06 	0.59872401 	
728.00124 	0.55191355 	1.7264295 	11105 	4.9699554e-05 	0.93521149 	0.00015546416 	1.1669972 	727.99185 	0.5677431 	1.7597871 	11086 	5.1212619e-05 	0.96656675 	0.00015873959 	0.65259749 	-1.5066006e-06 	-0.030684833 	-3.2877389e-06 	0.51908614 	
728.49025 	0.55173655 	1.7217923 	11114 	4.9643382e-05 	0.92969103 	0.00015492103 	1.6713777 	728.50155 	0.56430825 	1.7686345 	11095 	5.0861491e-05 	0.93015127 	0.00015940825 	0.39804539 	-1.2258913e-06 	-0.001267302 	-4.4723989e-06 	1.2676907 	
729.01467 	0.54922233 	1.7225569 	11123 	4.9377176e-05 	0.9035291 	0.00015486441 	1.7239558 	728.99781 	0.56407024 	1.7676722 	11105 	5.0794258e-05 	0.92317853 	0.00015917805 	0.48568105 	-1.4130753e-06 	-0.019233888 	-4.3154781e-06 	1.2389764 	
729.50141 	0.54864792 	1.7231156 	11131 	4.9290084e-05 	0.89496988 	0.00015480331 	1.7807006 	729.52271 	0.56324217 	1.7700612 	11116 	5.0669501e-05 	0.91023995 	0.00015923544 	0.46383152 	-1.3844795e-06 	-0.01579506 	-4.429805e-06 	1.3159826 	
729.99273 	0.54926418 	1.7142857 	11144 	4.9287884e-05 	0.8947537 	0.00015383038 	2.6842139 	729.99652 	0.56162906 	1.7745213 	11123 	5.0492588e-05 	0.89189231 	0.00015953621 	0.34933164 	-1.2061183e-06 	0.0027147312 	-5.7034294e-06 	2.333967 	
730.49178 	0.54727973 	1.7013534 	11157 	4.9052589e-05 	0.87162959 	0.00015249201 	3.9270834 	730.47955 	0.5605353 	1.7613616 	11134 	5.0344467e-05 	0.8765307 	0.00015819666 	0.85928792 	-1.2850612e-06 	-0.0041941142 	-5.6586689e-06 	3.0502933 	
730.99211 	0.54845933 	1.6869402 	11164 	4.9127493e-05 	0.87899096 	0.00015110535 	5.2148068 	731.00263 	0.55778894 	1.7410266 	11144 	5.0052849e-05 	0.84628694 	0.00015622995 	1.6079978 	-9.3121594e-07 	0.032096226 	-5.1641204e-06 	3.6218554 	
731.50627 	0.54617863 	1.684804 	11174 	4.8879419e-05 	0.85461096 	0.00015077895 	5.5179195 	731.51313 	0.55595409 	1.7226506 	11152 	4.9852411e-05 	0.82549958 	0.00015447011 	2.2779552 	-9.7568733e-07 	0.028831854 	-3.7148208e-06 	3.2489732 	
732.01543 	0.54750403 	1.6765969 	11178 	4.89805e-05 	0.86454487 	0.00014999078 	6.2498598 	731.99483 	0.55640176 	1.7127498 	11161 	4.9852321e-05 	0.82549024 	0.00015345845 	2.6630854 	-8.7136296e-07 	0.039102175 	-3.4668201e-06 	3.5864493 	
732.50616 	0.54663328 	1.6819279 	11183 	4.8880737e-05 	0.85474049 	0.00015040042 	5.8694408 	732.51824 	0.55647112 	1.7131214 	11165 	4.9840673e-05 	0.82428223 	0.00015343675 	2.6713446 	-9.6020496e-07 	0.030430369 	-3.0368326e-06 	3.1982869 	
732.99942 	0.54918252 	1.6800679 	11193 	4.906482e-05 	0.87283158 	0.00015009987 	6.1485445 	732.99634 	0.55714669 	1.7170858 	11173 	4.9865452e-05 	0.82685203 	0.00015368172 	2.578089 	-8.0188815e-07 	0.045849307 	-3.5792834e-06 	3.5694812 	
733.50152 	0.55048656 	1.6851174 	11201 	4.9146198e-05 	0.88082922 	0.00015044348 	5.8294572 	733.50627 	0.55991772 	1.7137364 	11182 	5.0073129e-05 	0.84839019 	0.00015325848 	2.7392108 	-9.2499821e-07 	0.032639447 	-2.8189435e-06 	3.0917456 	
733.99447 	0.55107503 	1.6962262 	11209 	4.9163621e-05 	0.88254151 	0.00015132717 	5.0088169 	733.98337 	0.56283518 	1.7225599 	11188 	5.0307042e-05 	0.87264929 	0.00015396495 	2.4702639 	-1.1458853e-06 	0.0096365929 	-2.6534254e-06 	2.5445081 	
734.50255 	0.5531877 	1.7061079 	11215 	4.9325697e-05 	0.89846989 	0.00015212732 	4.2657576 	734.51251 	0.5646544 	1.7324522 	11198 	5.0424576e-05 	0.88483879 	0.00015471086 	2.1863025 	-1.0966664e-06 	0.013860548 	-2.569501e-06 	2.07411 	
734.99783 	0.5549617 	1.712186 	11226 	4.9435391e-05 	0.90925024 	0.00015251969 	3.9013865 	734.99341 	0.56613709 	1.7472331 	11204 	5.0529908e-05 	0.89576281 	0.00015594726 	1.7156145 	-1.0978195e-06 	0.013145008 	-3.4304024e-06 	2.1868477 	
735.49913 	0.55821613 	1.7226277 	11234 	4.9689882e-05 	0.93426087 	0.00015334055 	3.1390913 	735.50988 	0.57102095 	1.7526527 	11215 	5.0915823e-05 	0.93578599 	0.00015627755 	1.5898777 	-1.2179114e-06 	-0.00069233351 	-2.9301254e-06 	1.5465973 	
735.9988 	0.56160484 	1.7355218 	11241 	4.9960398e-05 	0.96084649 	0.00015439211 	2.1625564 	735.98263 	0.5742539 	1.7600891 	11225 	5.1158476e-05 	0.96095158 	0.00015680081 	1.3906762 	-1.2018006e-06 	-0.0004911642 	-2.4153641e-06 	0.77441875 	
736.50452 	0.56336651 	1.7442232 	11252 	5.0068122e-05 	0.97143328 	0.00015501451 	1.5845695 	736.51644 	0.57614597 	1.76413 	11235 	5.128135e-05 	0.97369484 	0.00015702091 	1.3068848 	-1.2104828e-06 	-0.001976853 	-2.0014864e-06 	0.27581255 	
737.00665 	0.56310507 	1.7605471 	11259 	5.0013773e-05 	0.96609199 	0.00015636798 	0.32766539 	737.00259 	0.57595162 	1.777926 	11244 	5.1223018e-05 	0.96764522 	0.0001581222 	0.88763404 	-1.2099186e-06 	-0.001623064 	-1.7538776e-06 	-0.56009757 	
737.49433 	0.56629393 	1.7547036 	11268 	5.0256827e-05 	0.98997865 	0.00015572449 	0.92524237 	737.49829 	0.57708037 	1.7780939 	11248 	5.1305154e-05 	0.97616348 	0.00015808089 	0.90335892 	-1.0476709e-06 	0.013883158 	-2.3567298e-06 	0.022008965 	
738.01768 	0.5675388 	1.756541 	11275 	5.0336036e-05 	0.99776303 	0.00015579078 	0.86368682 	738.00481 	0.58100062 	1.7734826 	11253 	5.1630732e-05 	1.0099291 	0.00015760087 	1.0860985 	-1.295682e-06 	-0.012268398 	-1.8151981e-06 	-0.22046912 	
738.50666 	0.56965615 	1.7537221 	11284 	5.048353e-05 	1.0122583 	0.0001554167 	1.2110708 	738.50542 	0.58179396 	1.7768206 	11260 	5.1669091e-05 	1.0139074 	0.00015779934 	1.0105426 	-1.1854594e-06 	-0.0016385281 	-2.3830696e-06 	0.20069197 	
739.00152 	0.57016379 	1.7582116 	11295 	5.0479308e-05 	1.0118435 	0.00015566282 	0.98251107 	738.99874 	0.58201011 	1.7808037 	11273 	5.162868e-05 	1.0097164 	0.0001579707 	0.94530882 	-1.1508831e-06 	0.0019703178 	-2.3092432e-06 	0.037723138 	
739.49949 	0.57208562 	1.7645498 	11306 	5.0600179e-05 	1.0237222 	0.00015607198 	0.60254915 	739.4853 	0.58540909 	1.7847709 	11281 	5.1893369e-05 	1.0371673 	0.00015821034 	0.85407919 	-1.2931904e-06 	-0.013445045 	-2.1383615e-06 	-0.25153004 	
