photonEnergy	Refl_sample	Phase_Sample	Refl_Monochromator	Phase_Monochromator	ReflSample_cc_ReflMono2	
-10.0	3.294793241e-05	3.33021114681	5.55721060672e-05	3.41483769239	3.45054859092e-05	
-9.98	3.30781231839e-05	3.33020689813	5.57889491786e-05	3.41482642026	3.46835336668e-05	
-9.96	3.32090871555e-05	3.33020263275	5.60070639845e-05	3.41481510433	3.48539127033e-05	
-9.94	3.33408304598e-05	3.33019835056	5.62264604484e-05	3.41480374432	3.5018909009e-05	
-9.92	3.34733592923e-05	3.33019405145	5.64471486317e-05	3.41479234	3.51801943673e-05	
-9.9	3.36066799111e-05	3.33018973534	5.66691386945e-05	3.41478089109	3.53389223288e-05	
-9.88	3.37407986359e-05	3.33018540212	5.68924408976e-05	3.41476939733	3.54959114952e-05	
-9.86	3.38757218501e-05	3.33018105169	5.71170656027e-05	3.41475785846	3.56517547325e-05	
-9.84	3.40114560005e-05	3.33017668393	5.73430232738e-05	3.41474627422	3.58068885755e-05	
-9.82	3.41480075994e-05	3.33017229876	5.75703244789e-05	3.41473464433	3.59616384724e-05	
-9.8	3.42853832239e-05	3.33016789607	5.77989798907e-05	3.41472296852	3.6116248854e-05	
-9.78	3.44235895177e-05	3.33016347575	5.80290002885e-05	3.41471124653	3.62709040227e-05	
-9.76	3.45626331914e-05	3.33015903769	5.82603965585e-05	3.41469947808	3.64257460965e-05	
-9.74	3.47025210238e-05	3.3301545818	5.84931796961e-05	3.41468766289	3.65808958607e-05	
-9.72	3.48432598623e-05	3.33015010795	5.87273608067e-05	3.41467580068	3.67364669355e-05	
-9.7	3.49848566239e-05	3.33014561604	5.89629511067e-05	3.41466389117	3.68925619059e-05	
-9.68	3.51273182956e-05	3.33014110597	5.91999619259e-05	3.41465193408	3.70492659643e-05	
-9.66	3.52706519363e-05	3.33013657762	5.94384047072e-05	3.41463992912	3.72066476847e-05	
-9.64	3.5414864677e-05	3.33013203088	5.96782910102e-05	3.414627876	3.73647627948e-05	
-9.62	3.55599637212e-05	3.33012746564	5.99196325105e-05	3.41461577444	3.75236575137e-05	
-9.6	3.57059563469e-05	3.33012288178	6.01624410019e-05	3.41460362414	3.7683370939e-05	
-9.58	3.58528499065e-05	3.33011827919	6.04067283989e-05	3.4145914248	3.78439367231e-05	
-9.56	3.60006518289e-05	3.33011365776	6.0652506736e-05	3.41457917613	3.80053842769e-05	
-9.54	3.61493696187e-05	3.33010901737	6.08997881712e-05	3.41456687783	3.8167739658e-05	
-9.52	3.62990108592e-05	3.33010435791	6.11485849864e-05	3.4145545296	3.83310262426e-05	
-9.5	3.64495832114e-05	3.33009967924	6.1398909589e-05	3.41454213113	3.84952652438e-05	
-9.48	3.66010944168e-05	3.33009498127	6.16507745141e-05	3.41452968211	3.86604761172e-05	
-9.46	3.67535522967e-05	3.33009026386	6.19041924254e-05	3.41451718223	3.88266768827e-05	
-9.44	3.6906964755e-05	3.33008552689	6.21591761167e-05	3.41450463119	3.89938843826e-05	
-9.42	3.70613397772e-05	3.33008077026	6.24157385146e-05	3.41449202867	3.91621144904e-05	
-9.4	3.72166854331e-05	3.33007599382	6.26738926784e-05	3.41447937434	3.93313822809e-05	
-9.38	3.73730098772e-05	3.33007119746	6.29336518036e-05	3.41446666789	3.95017021702e-05	
-9.36	3.75303213497e-05	3.33006638105	6.31950292223e-05	3.414453909	3.96730880311e-05	
-9.34	3.76886281776e-05	3.33006154446	6.3458038405e-05	3.41444109735	3.98455532893e-05	
-9.32	3.7847938776e-05	3.33005668758	6.37226929635e-05	3.41442823259	4.00191110038e-05	
-9.3	3.80082616496e-05	3.33005181027	6.3989006651e-05	3.41441531441	4.01937739346e-05	
-9.28	3.81696053923e-05	3.3300469124	6.42569933654e-05	3.41440234247	4.03695545993e-05	
-9.26	3.83319786904e-05	3.33004199384	6.45266671497e-05	3.41438931643	4.05464653223e-05	
-9.24	3.84953903224e-05	3.33003705446	6.47980421952e-05	3.41437623595	4.07245182752e-05	
-9.22	3.86598491605e-05	3.33003209413	6.50711328425e-05	3.4143631007	4.09037255129e-05	
-9.2	3.88253641717e-05	3.33002711271	6.53459535834e-05	3.41434991032	4.10840990038e-05	
-9.18	3.89919444198e-05	3.33002211007	6.56225190634e-05	3.41433666447	4.12656506563e-05	
-9.16	3.91595990654e-05	3.33001708608	6.59008440831e-05	3.4143233628	4.14483923411e-05	
-9.14	3.93283373682e-05	3.33001204059	6.61809436005e-05	3.41431000496	4.1632335912e-05	
-9.12	3.94981686875e-05	3.33000697347	6.6462832733e-05	3.41429659058	4.18174932226e-05	
-9.1	3.96691024843e-05	3.33000188458	6.67465267587e-05	3.41428311931	4.20038761422e-05	
-9.08	3.98411483221e-05	3.32999677378	6.70320411199e-05	3.41426959079	4.2191496569e-05	
-9.06	4.00143158677e-05	3.32999164093	6.73193914238e-05	3.41425600465	4.23803664424e-05	
-9.04	4.01886148941e-05	3.32998648588	6.7608593446e-05	3.41424236052	4.2570497754e-05	
-9.02	4.03640552803e-05	3.32998130848	6.78996631308e-05	3.41422865802	4.27619025566e-05	
-9.0	4.05406470137e-05	3.3299761086	6.81926165953e-05	3.41421489679	4.29545929735e-05	
-8.98	4.07184001913e-05	3.32997088609	6.84874701307e-05	3.41420107645	4.31485812063e-05	
-8.96	4.08973250203e-05	3.3299656408	6.87842402046e-05	3.41418719661	4.3343879542e-05	
-8.94	4.10774318212e-05	3.32996037258	6.90829434634e-05	3.41417325689	4.35405003594e-05	
-8.92	4.12587310279e-05	3.32995508127	6.93835967347e-05	3.4141592569	4.37384561356e-05	
-8.9	4.14412331894e-05	3.32994976673	6.96862170293e-05	3.41414519624	4.39377594513e-05	
-8.88	4.16249489726e-05	3.32994442881	6.99908215443e-05	3.41413107453	4.41384229962e-05	
-8.86	4.1809889162e-05	3.32993906734	7.02974276652e-05	3.41411689136	4.43404595735e-05	
-8.84	4.19960646625e-05	3.32993368217	7.06060529679e-05	3.41410264634	4.4543882105e-05	
-8.82	4.21834865005e-05	3.32992827315	7.09167152218e-05	3.41408833905	4.47487036352e-05	
-8.8	4.23721658259e-05	3.32992284012	7.12294323926e-05	3.41407396909	4.49549373353e-05	
-8.78	4.25621139132e-05	3.32991738291	7.15442226439e-05	3.41405953605	4.51625965074e-05	
-8.76	4.27533421644e-05	3.32991190137	7.18611043408e-05	3.4140450395	4.5371694588e-05	
-8.74	4.2945862109e-05	3.32990639532	7.21800960522e-05	3.41403047904	4.55822451519e-05	
-8.72	4.3139685407e-05	3.32990086462	7.25012165536e-05	3.41401585422	4.57942619154e-05	
-8.7	4.33348238498e-05	3.32989530908	7.28244848295e-05	3.41400116464	4.60077587399e-05	
-8.68	4.35312893636e-05	3.32988972854	7.31499200767e-05	3.41398640985	4.62227496354e-05	
-8.66	4.37290940087e-05	3.32988412284	7.34775417074e-05	3.41397158942	4.64392487633e-05	
-8.64	4.39282499833e-05	3.32987849181	7.38073693507e-05	3.41395670291	4.66572704399e-05	
-8.62	4.41287696255e-05	3.32987283526	7.41394228574e-05	3.41394174988	4.68768291397e-05	
-8.6	4.43306654131e-05	3.32986715303	7.44737223016e-05	3.41392672989	4.70979394982e-05	
-8.58	4.45339499683e-05	3.32986144494	7.48102879844e-05	3.41391164247	4.73206163149e-05	
-8.56	4.47386360577e-05	3.32985571081	7.51491404366e-05	3.41389648718	4.75448745568e-05	
-8.54	4.49447365949e-05	3.32984995048	7.54903004224e-05	3.41388126356	4.77707293612e-05	
-8.52	4.51522646426e-05	3.32984416374	7.58337889418e-05	3.41386597114	4.79981960385e-05	
-8.5	4.53612334151e-05	3.32983835044	7.61796272345e-05	3.41385060946	4.82272900757e-05	
-8.48	4.55716562795e-05	3.32983251037	7.6527836783e-05	3.41383517804	4.8458027139e-05	
-8.46	4.57835467584e-05	3.32982664336	7.68784393156e-05	3.41381967641	4.86904230772e-05	
-8.44	4.5996918532e-05	3.32982074921	7.72314568102e-05	3.41380410409	4.89244939245e-05	
-8.42	4.62117854401e-05	3.32981482775	7.75869114978e-05	3.41378846059	4.91602559038e-05	
-8.4	4.64281614849e-05	3.32980887878	7.79448258654e-05	3.41377274543	4.93977254294e-05	
-8.38	4.66460608327e-05	3.3298029021	7.830522266e-05	3.41375695811	4.96369191107e-05	
-8.36	4.68654978163e-05	3.32979689753	7.86681248928e-05	3.41374109813	4.98778537548e-05	
-8.34	4.70864869374e-05	3.32979086486	7.90335558416e-05	3.41372516499	5.01205463698e-05	
-8.32	4.73090428695e-05	3.3297848039	7.94015390553e-05	3.41370915818	5.03650141683e-05	
-8.3	4.75331804596e-05	3.32977871446	7.97720983576e-05	3.4136930772	5.06112745704e-05	
-8.28	4.77589147309e-05	3.32977259632	8.01452578511e-05	3.41367692151	5.08593452068e-05	
-8.26	4.79862608857e-05	3.32976644929	8.05210419205e-05	3.41366069061	5.11092439224e-05	
-8.24	4.82152343076e-05	3.32976027316	8.08994752374e-05	3.41364438396	5.13609887795e-05	
-8.22	4.84458505638e-05	3.32975406773	8.12805827639e-05	3.41362800104	5.16145980615e-05	
-8.2	4.86781254085e-05	3.32974783277	8.16643897566e-05	3.4136115413	5.18700902757e-05	
-8.18	4.89120747851e-05	3.3297415681	8.20509217714e-05	3.41359500421	5.21274841575e-05	
-8.16	4.91477148292e-05	3.32973527348	8.24402046669e-05	3.41357838922	5.23867986734e-05	
-8.14	4.93850618708e-05	3.3297289487	8.28322646095e-05	3.41356169577	5.26480530251e-05	
-8.12	4.96241324377e-05	3.32972259356	8.32271280771e-05	3.41354492332	5.29112666525e-05	
-8.1	4.98649432585e-05	3.32971620782	8.36248218644e-05	3.41352807129	5.31764592379e-05	
-8.08	5.01075112653e-05	3.32970979127	8.40253730868e-05	3.41351113913	5.34436507099e-05	
-8.06	5.0351853596e-05	3.32970334369	8.44288091848e-05	3.41349412625	5.37128612466e-05	
-8.04	5.05979875988e-05	3.32969686484	8.48351579299e-05	3.41347703207	5.39841112798e-05	
-8.02	5.08459308337e-05	3.3296903545	8.52444474278e-05	3.41345985603	5.42574214993e-05	
-8.0	5.10957010766e-05	3.32968381244	8.56567061248e-05	3.41344259751	5.45328128562e-05	
-7.98	5.13473163228e-05	3.32967723843	8.60719628112e-05	3.41342525594	5.48103065676e-05	
-7.96	5.16007947887e-05	3.32967063223	8.64902466277e-05	3.41340783071	5.50899241204e-05	
-7.94	5.18561549171e-05	3.32966399361	8.69115870697e-05	3.4133903212	5.53716872755e-05	
-7.92	5.21134153787e-05	3.32965732232	8.7336013993e-05	3.41337272682	5.56556180723e-05	
-7.9	5.23725950773e-05	3.32965061813	8.77635576184e-05	3.41335504693	5.59417388329e-05	
-7.88	5.26337131513e-05	3.32964388079	8.81942485378e-05	3.41333728092	5.62300721665e-05	
-7.86	5.28967889791e-05	3.32963711005	8.86281177188e-05	3.41331942815	5.6520640974e-05	
-7.84	5.31618421812e-05	3.32963030567	8.90651965122e-05	3.41330148799	5.68134684527e-05	
-7.82	5.34288926251e-05	3.32962346739	8.95055166547e-05	3.41328345979	5.71085781005e-05	
-7.8	5.36979604281e-05	3.32961659497	8.99491102774e-05	3.41326534291	5.74059937212e-05	
-7.78	5.39690659619e-05	3.32960968813	9.03960099099e-05	3.41324713668	5.77057394291e-05	
-7.76	5.42422298555e-05	3.32960274663	9.08462484874e-05	3.41322884045	5.80078396539e-05	
-7.74	5.45174729994e-05	3.3295957702	9.12998593558e-05	3.41321045355	5.83123191456e-05	
-7.72	5.47948165509e-05	3.32958875858	9.17568762785e-05	3.41319197529	5.86192029799e-05	
-7.7	5.50742819357e-05	3.32958171151	9.22173334429e-05	3.413173405	5.89285165631e-05	
-7.68	5.53558908546e-05	3.3295746287	9.26812654655e-05	3.413154742	5.92402856376e-05	
-7.66	5.56396652857e-05	3.32956750989	9.31487074004e-05	3.41313598557	5.95545362872e-05	
-7.64	5.59256274901e-05	3.32956035481	9.36196947442e-05	3.41311713502	5.98712949425e-05	
-7.62	5.62138000155e-05	3.32955316318	9.40942634437e-05	3.41309818964	6.01905883865e-05	
-7.6	5.65042057007e-05	3.32954593471	9.45724499019e-05	3.41307914871	6.05124437604e-05	
-7.58	5.67968676802e-05	3.32953866912	9.50542909865e-05	3.41306001151	6.08368885695e-05	
-7.56	5.70918093891e-05	3.32953136612	9.55398240351e-05	3.4130407773	6.11639506886e-05	
-7.54	5.73890545675e-05	3.32952402543	9.60290868637e-05	3.41302144535	6.14936583686e-05	
-7.52	5.76886272657e-05	3.32951664676	9.65221177741e-05	3.4130020149	6.18260402422e-05	
-7.5	5.79905518476e-05	3.3295092298	9.70189555606e-05	3.41298248521	6.21611253304e-05	
-7.48	5.82948529984e-05	3.32950177426	9.75196395179e-05	3.4129628555	6.24989430488e-05	
-7.46	5.86015557263e-05	3.32949427983	9.80242094497e-05	3.41294312502	6.28395232139e-05	
-7.44	5.89106853703e-05	3.32948674622	9.85327056754e-05	3.41292329298	6.31828960499e-05	
-7.42	5.92222676048e-05	3.32947917311	9.9045169039e-05	3.41290335859	6.35290921953e-05	
-7.4	5.95363284438e-05	3.32947156019	9.95616409166e-05	3.41288332107	6.38781427101e-05	
-7.38	5.98528942475e-05	3.32946390715	0.000100082163226	3.4128631796	6.42300790821e-05	
-7.36	6.01719917273e-05	3.32945621367	0.000100606778433	3.41284293338	6.45849332346e-05	
-7.34	6.0493647952e-05	3.32944847942	0.000101135529564	3.41282258159	6.49427375336e-05	
-7.32	6.0817890353e-05	3.32944070409	0.000101668460208	3.4128021234	6.53035247949e-05	
-7.3	6.11447467299e-05	3.32943288735	0.000102205614535	3.41278155798	6.5667328292e-05	
-7.28	6.14742452573e-05	3.32942502885	0.000102747037295	3.41276088447	6.60341817635e-05	
-7.26	6.18064144905e-05	3.32941712828	0.000103292773836	3.41274010203	6.64041194211e-05	
-7.24	6.21412833713e-05	3.32940918528	0.000103842870109	3.41271920978	6.67771759576e-05	
-7.22	6.24788812348e-05	3.32940119952	0.000104397372677	3.41269820687	6.7153386555e-05	
-7.2	6.28192378156e-05	3.32939317064	0.000104956328727	3.4126770924	6.75327868928e-05	
-7.18	6.31623832542e-05	3.32938509831	0.000105519786081	3.41265586548	6.79154131566e-05	
-7.16	6.35083481045e-05	3.32937698216	0.000106087793203	3.41263452522	6.83013020466e-05	
-7.14	6.38571633393e-05	3.32936882184	0.00010666039921	3.41261307071	6.86904907866e-05	
-7.12	6.42088603584e-05	3.32936061699	0.000107237653887	3.41259150101	6.90830171327e-05	
-7.1	6.45634709947e-05	3.32935236724	0.000107819607691	3.41256981521	6.94789193828e-05	
-7.08	6.49210275222e-05	3.32934407221	0.000108406311768	3.41254801237	6.98782363859e-05	
-7.06	6.52815626631e-05	3.32933573155	0.000108997817961	3.41252609152	7.02810075514e-05	
-7.04	6.56451095949e-05	3.32932734487	0.000109594178821	3.41250405172	7.06872728592e-05	
-7.02	6.60117019588e-05	3.32931891178	0.000110195447622	3.41248189199	7.10970728695e-05	
-7.0	6.63813738666e-05	3.3293104319	0.000110801678369	3.41245961135	7.15104487327e-05	
-6.98	6.67541599092e-05	3.32930190485	0.000111412925812	3.41243720881	7.19274422002e-05	
-6.96	6.71300951647e-05	3.32929333022	0.00011202924546	3.41241468336	7.23480956348e-05	
-6.94	6.75092152064e-05	3.32928470762	0.00011265069359	3.41239203399	7.27724520213e-05	
-6.92	6.78915561113e-05	3.32927603664	0.000113277327263	3.41236925967	7.32005549776e-05	
-6.9	6.8277154469e-05	3.32926731688	0.000113909204334	3.41234635937	7.36324487662e-05	
-6.88	6.86660473897e-05	3.32925854792	0.000114546383471	3.41232333204	7.40681783053e-05	
-6.86	6.9058272514e-05	3.32924972934	0.00011518892416	3.41230017662	7.45077891807e-05	
-6.84	6.94538680214e-05	3.32924086072	0.000115836886726	3.41227689204	7.49513276577e-05	
-6.82	6.98528726398e-05	3.32923194165	0.000116490332347	3.41225347721	7.53988406933e-05	
-6.8	7.02553256552e-05	3.32922297167	0.000117149323062	3.41222993103	7.58503759488e-05	
-6.78	7.06612669212e-05	3.32921395036	0.000117813921793	3.41220625241	7.63059818023e-05	
-6.76	7.10707368682e-05	3.32920487727	0.000118484192356	3.41218244021	7.67657073617e-05	
-6.74	7.14837765149e-05	3.32919575196	0.000119160199477	3.4121584933	7.72296024783e-05	
-6.72	7.19004274774e-05	3.32918657398	0.00011984200881	3.41213441055	7.76977177599e-05	
-6.7	7.23207319799e-05	3.32917734286	0.000120529686949	3.41211019078	7.81701045848e-05	
-6.68	7.27447328662e-05	3.32916805814	0.000121223301447	3.41208583282	7.86468151162e-05	
-6.66	7.31724736089e-05	3.32915871937	0.00012192292083	3.4120613355	7.91279023163e-05	
-6.64	7.36039983225e-05	3.32914932605	0.000122628614619	3.4120366976	7.96134199611e-05	
-6.62	7.40393517738e-05	3.32913987772	0.000123340453342	3.41201191792	8.01034226556e-05	
-6.6	7.44785793933e-05	3.32913037389	0.000124058508553	3.41198699523	8.05979658491e-05	
-6.58	7.49217272876e-05	3.32912081407	0.000124782852853	3.41196192829	8.10971058509e-05	
-6.56	7.53688422511e-05	3.32911119776	0.000125513559903	3.41193671583	8.16008998465e-05	
-6.54	7.58199717787e-05	3.32910152446	0.000126250704449	3.4119113566	8.21094059138e-05	
-6.52	7.6275164078e-05	3.32909179366	0.000126994362334	3.41188584929	8.26226830403e-05	
-6.5	7.67344680827e-05	3.32908200485	0.000127744610525	3.41186019262	8.31407911398e-05	
-6.48	7.71979334654e-05	3.3290721575	0.000128501527128	3.41183438527	8.36637910699e-05	
-6.46	7.76656106511e-05	3.3290622511	0.000129265191408	3.4118084259	8.41917446505e-05	
-6.44	7.81375508308e-05	3.3290522851	0.000130035683813	3.41178231318	8.47247146814e-05	
-6.42	7.86138059756e-05	3.32904225897	0.000130813085993	3.41175604572	8.52627649617e-05	
-6.4	7.90944288515e-05	3.32903217217	0.000131597480822	3.41172962216	8.58059603084e-05	
-6.38	7.95794730329e-05	3.32902202413	0.000132388952422	3.4117030411	8.63543665762e-05	
-6.36	8.00689929187e-05	3.3290118143	0.000133187586182	3.41167630113	8.69080506775e-05	
-6.34	8.05630437468e-05	3.32900154212	0.000133993468782	3.41164940081	8.74670806029e-05	
-6.32	8.10616816105e-05	3.32899120701	0.00013480668822	3.41162233871	8.80315254421e-05	
-6.3	8.15649634728e-05	3.32898080839	0.000135627333832	3.41159511335	8.86014554054e-05	
-6.28	8.20729471849e-05	3.32897034568	0.000136455496318	3.41156772325	8.91769418452e-05	
-6.26	8.25856915005e-05	3.32895981827	0.000137291267767	3.41154016692	8.97580572791e-05	
-6.24	8.31032560953e-05	3.32894922558	0.000138134741682	3.41151244283	9.0344875412e-05	
-6.22	8.36257015818e-05	3.32893856698	0.000138986013009	3.41148454946	9.09374711603e-05	
-6.2	8.41530895292e-05	3.32892784186	0.000139845178159	3.41145648523	9.15359206753e-05	
-6.18	8.46854824798e-05	3.3289170496	0.000140712335039	3.41142824859	9.21403013681e-05	
-6.16	8.52229439691e-05	3.32890618956	0.000141587583079	3.41139983793	9.27506919343e-05	
-6.14	8.57655385435e-05	3.32889526111	0.000142471023259	3.41137125164	9.33671723804e-05	
-6.12	8.63133317809e-05	3.32888426359	0.000143362758141	3.41134248809	9.39898240492e-05	
-6.1	8.68663903088e-05	3.32887319635	0.000144262891897	3.41131354562	9.46187296475e-05	
-6.08	8.74247818264e-05	3.32886205872	0.000145171530337	3.41128442256	9.52539732732e-05	
-6.06	8.79885751245e-05	3.32885085003	0.000146088780947	3.41125511722	9.58956404434e-05	
-6.04	8.85578401061e-05	3.3288395696	0.000147014752912	3.41122562786	9.6543818124e-05	
-6.02	8.91326478094e-05	3.32882821673	0.000147949557156	3.41119595277	9.71985947581e-05	
-6.0	8.9713070429e-05	3.32881679073	0.000148893306371	3.41116609016	9.78600602975e-05	
-5.98	9.02991813386e-05	3.32880529089	0.000149846115052	3.41113603828	9.85283062326e-05	
-5.96	9.08910551145e-05	3.32879371649	0.000150808099534	3.41110579529	9.9203425625e-05	
-5.94	9.14887675597e-05	3.32878206679	0.000151779378022	3.41107535939	9.98855131394e-05	
-5.92	9.2092395727e-05	3.32877034107	0.000152760070633	3.41104472871	0.000100574665077	
-5.9	9.27020179453e-05	3.32875853858	0.000153750299431	3.41101390138	0.000101270979411	
-5.88	9.33177138434e-05	3.32874665856	0.000154750188463	3.41098287551	0.000101974555817	
-5.86	9.3939564378e-05	3.32873470024	0.000155759863803	3.41095164915	0.000102685495717	
-5.84	9.45676518586e-05	3.32872266285	0.000156779453586	3.41092022037	0.000103403902306	
-5.82	9.52020599748e-05	3.32871054561	0.00015780908805	3.41088858719	0.000104129880598	
-5.8	9.5842873826e-05	3.3286983477	0.000158848899583	3.41085674761	0.00010486353746	
-5.78	9.64901799477e-05	3.32868606833	0.000159899022757	3.41082469961	0.000105604981653	
-5.76	9.71440663421e-05	3.32867370668	0.000160959594378	3.41079244112	0.000106354323871	
-5.74	9.78046225078e-05	3.32866126191	0.00016203075353	3.41075997006	0.000107111676787	
-5.72	9.84719394694e-05	3.32864873319	0.000163112641615	3.41072728434	0.000107877155086	
-5.7	9.9146109811e-05	3.32863611966	0.000164205402408	3.41069438181	0.000108650875521	
-5.68	9.98272277061e-05	3.32862342046	0.000165309182097	3.41066126031	0.000109432956947	
-5.66	0.000100515388952	3.32861063471	0.000166424129338	3.41062791764	0.000110223520373	
-5.64	0.000101210691003	3.32859776153	0.000167550395301	3.41059435159	0.000111022689006	
-5.62	0.000101913233003	3.32858480001	0.000168688133723	3.41056055989	0.000111830588301	
-5.6	0.000102623115826	3.32857174924	0.000169837500962	3.41052654027	0.00011264734601	
-5.58	0.000103340442107	3.32855860831	0.000170998656047	3.41049229041	0.000113473092231	
-5.56	0.00010406531628	3.32854537626	0.000172171760735	3.41045780797	0.000114307959463	
-5.54	0.000104797844621	3.32853205215	0.000173356979568	3.41042309056	0.000115152082655	
-5.52	0.000105538135279	3.32851863501	0.00017455447993	3.41038813578	0.000116005599267	
-5.5	0.000106286298322	3.32850512387	0.000175764432107	3.41035294119	0.00011686864932	
-5.48	0.000107042445776	3.32849151774	0.000176987009346	3.4103175043	0.000117741375457	
-5.46	0.000107806691666	3.3284778156	0.000178222387917	3.41028182261	0.000118623923	
-5.44	0.000108579152062	3.32846401645	0.000179470747178	3.41024589356	0.000119516440016	
-5.42	0.000109359945118	3.32845011924	0.00018073226964	3.41020971459	0.00012041907737	
-5.4	0.000110149191123	3.32843612293	0.000182007141033	3.41017328307	0.0001213319888	
-5.38	0.000110947012543	3.32842202645	0.000183295550375	3.41013659634	0.000122255330972	
-5.36	0.000111753534071	3.32840782872	0.000184597690039	3.41009965172	0.000123189263556	
-5.34	0.000112568882673	3.32839352866	0.000185913755832	3.41006244647	0.000124133949292	
-5.32	0.000113393187641	3.32837912514	0.00018724394706	3.41002497784	0.000125089554058	
-5.3	0.000114226580644	3.32836461704	0.00018858846661	3.409987243	0.00012605624695	
-5.28	0.000115069195779	3.32835000322	0.000189947521024	3.40994923911	0.000127034200351	
-5.26	0.000115921169625	3.32833528252	0.00019132132058	3.40991096329	0.000128023590011	
-5.24	0.000116782641298	3.32832045376	0.000192710079373	3.4098724126	0.000129024595126	
-5.22	0.000117653752513	3.32830551575	0.000194114015397	3.40983358408	0.000130037398418	
-5.2	0.000118534647632	3.32829046727	0.000195533350632	3.4097944747	0.000131062186223	
-5.18	0.000119425473736	3.3282753071	0.000196968311133	3.40975508141	0.000132099148571	
-5.16	0.000120326380675	3.32826003398	0.000198419127116	3.40971540111	0.000133148479279	
-5.14	0.000121237521141	3.32824464665	0.000199886033056	3.40967543063	0.000134210376039	
-5.12	0.000122159050725	3.32822914383	0.000201369267776	3.4096351668	0.000135285040515	
-5.1	0.000123091127988	3.3282135242	0.000202869074548	3.40959460637	0.000136372678435	
-5.08	0.000124033914526	3.32819778645	0.000204385701193	3.40955374605	0.000137473499695	
-5.06	0.000124987575045	3.32818192922	0.00020591940018	3.40951258249	0.000138587718454	
-5.04	0.000125952277426	3.32816595116	0.000207470428734	3.40947111232	0.000139715553246	
-5.02	0.000126928192806	3.32814985087	0.000209039048945	3.40942933208	0.00014085722708	
-5.0	0.00012791549565	3.32813362695	0.000210625527874	3.4093872383	0.000142012967558	
-4.98	0.000128914363827	3.32811727796	0.00021223013767	3.40934482742	0.000143183006985	
-4.96	0.000129924978695	3.32810080246	0.00021385315569	3.40930209585	0.000144367582486	
-4.94	0.000130947525183	3.32808419897	0.000215494864611	3.40925903993	0.000145566936127	
-4.92	0.000131982191869	3.328067466	0.000217155552559	3.40921565596	0.000146781315043	
-4.9	0.000133029171075	3.32805060202	0.000218835513235	3.40917194018	0.00014801097156	
-4.88	0.000134088658954	3.32803360549	0.000220535046041	3.40912788875	0.000149256163329	
-4.86	0.000135160855577	3.32801647483	0.00022225445622	3.40908349781	0.000150517153465	
-4.84	0.000136245965037	3.32799920846	0.000223994054986	3.40903876341	0.000151794210682	
-4.82	0.000137344195535	3.32798180476	0.000225754159671	3.40899368154	0.000153087609437	
-4.8	0.00013845575949	3.32796426208	0.000227535093865	3.40894824814	0.000154397630084	
-4.78	0.000139580873635	3.32794657874	0.000229337187567	3.40890245908	0.000155724559017	
-4.76	0.000140719759126	3.32792875306	0.000231160777339	3.40885631017	0.000157068688838	
-4.74	0.00014187264165	3.3279107833	0.000233006206461	3.40880979716	0.000158430318511	
-4.72	0.000143039751535	3.32789266771	0.000234873825094	3.4087629157	0.000159809753532	
-4.7	0.000144221323869	3.32787440451	0.000236763990446	3.4087156614	0.000161207306102	
-4.68	0.000145417598615	3.32785599188	0.000238677066942	3.40866802981	0.000162623295304	
-4.66	0.000146628820733	3.32783742799	0.000240613426401	3.40862001637	0.000164058047286	
-4.64	0.000147855240309	3.32781871096	0.000242573448214	3.40857161648	0.000165511895447	
-4.62	0.000149097112679	3.32779983889	0.000244557519537	3.40852282546	0.000166985180638	
-4.6	0.000150354698567	3.32778080984	0.000246566035472	3.40847363854	0.000168478251357	
-4.58	0.000151628264216	3.32776162185	0.000248599399271	3.40842405087	0.00016999146396	
-4.56	0.000152918081537	3.32774227292	0.000250658022539	3.40837405755	0.000171525182871	
-4.54	0.000154224428246	3.32772276101	0.000252742325435	3.40832365358	0.000173079780807	
-4.52	0.000155547588019	3.32770308406	0.000254852736897	3.40827283386	0.000174655639002	
-4.5	0.000156887850644	3.32768323996	0.000256989694854	3.40822159324	0.000176253147444	
-4.48	0.00015824551218	3.32766322657	0.000259153646457	3.40816992646	0.000177872705118	
-4.46	0.000159620875119	3.32764304172	0.000261345048312	3.40811782818	0.000179514720255	
-4.44	0.000161014248559	3.32762268319	0.000263564366724	3.40806529297	0.000181179610592	
-4.42	0.000162425948374	3.32760214874	0.00026581207794	3.40801231531	0.000182867803637	
-4.4	0.000163856297392	3.32758143607	0.000268088668409	3.40795888959	0.00018457973695	
-4.38	0.000165305625583	3.32756054285	0.000270394635043	3.4079050101	0.000186315858422	
-4.36	0.00016677427025	3.32753946671	0.00027273048549	3.40785067102	0.000188076626574	
-4.34	0.000168262576221	3.32751820523	0.000275096738412	3.40779586645	0.000189862510859	
-4.32	0.000169770896053	3.32749675597	0.000277493923773	3.40774059038	0.000191673991982	
-4.3	0.000171299590246	3.32747511642	0.000279922583137	3.40768483671	0.000193511562216	
-4.28	0.000172849027449	3.32745328404	0.000282383269974	3.4076285992	0.000195375725749	
-4.26	0.000174419584691	3.32743125623	0.000284876549973	3.40757187153	0.000197266999023	
-4.24	0.000176011647606	3.32740903037	0.000287403001373	3.40751464727	0.000199185911102	
-4.22	0.000177625610673	3.32738660377	0.000289963215292	3.40745691986	0.000201133004037	
-4.2	0.000179261877455	3.32736397369	0.000292557796076	3.40739868263	0.000203108833257	
-4.18	0.000180920860858	3.32734113736	0.000295187361656	3.4073399288	0.000205113967965	
-4.16	0.000182602983385	3.32731809193	0.000297852543915	3.40728065147	0.000207148991551	
-4.14	0.000184308677413	3.32729483454	0.00030055398907	3.40722084359	0.000209214502018	
-4.12	0.000186038385463	3.32727136223	0.000303292358062	3.40716049802	0.000211311112427	
-4.1	0.000187792560493	3.32724767201	0.00030606832696	3.40709960747	0.000213439451353	
-4.08	0.00018957166619	3.32722376084	0.00030888258738	3.40703816452	0.00021560016336	
-4.06	0.000191376177282	3.32719962561	0.000311735846916	3.40697616161	0.000217793909493	
-4.04	0.000193206579849	3.32717526315	0.000314628829582	3.40691359105	0.000220021367784	
-4.02	0.000195063371657	3.32715067024	0.000317562276279	3.40685044501	0.000222283233786	
-4.0	0.00019694706249	3.32712584359	0.00032053694526	3.40678671551	0.000224580221112	
-3.98	0.000198858174504	3.32710077986	0.000323553612628	3.40672239443	0.000226913062009	
-3.96	0.000200797242588	3.32707547562	0.000326613072837	3.40665747347	0.000229282507941	
-3.94	0.00020276481474	3.32704992742	0.000329716139222	3.40659194422	0.0002316893302	
-3.92	0.000204761452451	3.32702413168	0.000332863644531	3.40652579807	0.00023413432054	
-3.9	0.000206787731109	3.32699808481	0.000336056441493	3.40645902627	0.000236618291832	
-3.88	0.000208844240413	3.32697178311	0.000339295403389	3.40639161991	0.000239142078744	
-3.86	0.000210931584801	3.32694522283	0.000342581424654	3.40632356987	0.000241706538447	
-3.84	0.000213050383896	3.32691840013	0.000345915421493	3.40625486691	0.000244312551351	
-3.82	0.000215201272966	3.32689131111	0.00034929833252	3.40618550156	0.000246961021866	
-3.8	0.000217384903399	3.32686395177	0.000352731119419	3.40611546421	0.00024965287919	
-3.78	0.000219601943197	3.32683631805	0.000356214767629	3.40604474503	0.000252389078135	
-3.76	0.000221853077489	3.32680840581	0.000359750287051	3.40597333402	0.000255170599977	
-3.74	0.000224139009059	3.3267802108	0.00036333871278	3.40590122097	0.000257998453344	
-3.72	0.000226460458893	3.3267517287	0.000366981105863	3.40582839547	0.00026087367514	
-3.7	0.000228818166752	3.32672295512	0.000370678554087	3.4057548469	0.000263797331502	
-3.68	0.000231212891761	3.32669388555	0.000374432172785	3.40568056444	0.000266770518794	
-3.66	0.000233645413016	3.3266645154	0.000378243105685	3.40560553705	0.000269794364648	
-3.64	0.000236116530223	3.32663483998	0.000382112525779	3.40552975346	0.000272870029043	
-3.62	0.000238627064353	3.32660485451	0.000386041636224	3.40545320216	0.00027599870542	
-3.6	0.000241177858327	3.32657455409	0.000390031671281	3.40537587144	0.00027918162186	
-3.58	0.00024376977772	3.32654393375	0.000394083897284	3.40529774932	0.000282420042293	
-3.56	0.0002464037115	3.32651298839	0.000398199613646	3.40521882359	0.000285715267766	
-3.54	0.000249080572789	3.3264817128	0.000402380153899	3.40513908177	0.000289068637763	
-3.52	0.000251801299653	3.32645010167	0.000406626886779	3.40505851113	0.000292481531577	
-3.5	0.000254566855928	3.32641814957	0.000410941217346	3.40497709869	0.000295955369745	
-3.48	0.00025737823207	3.32638585095	0.000415324588143	3.40489483116	0.000299491615536	
-3.46	0.000260236446049	3.32635320014	0.000419778480409	3.40481169501	0.00030309177651	
-3.44	0.000263142544263	3.32632019134	0.000424304415328	3.4047276764	0.000306757406138	
-3.42	0.000266097602503	3.32628681864	0.000428903955329	3.40464276118	0.000310490105497	
-3.4	0.000269102726947	3.32625307599	0.000433578705435	3.40455693494	0.000314291525036	
-3.38	0.000272159055193	3.32621895719	0.000438330314667	3.40447018291	0.000318163366414	
-3.36	0.000275267757344	3.32618445592	0.000443160477497	3.40438249003	0.000322107384431	
-3.34	0.00027843003712	3.32614956571	0.00044807093536	3.40429384091	0.000326125389031	
-3.32	0.00028164713303	3.32611427995	0.000453063478228	3.40420421981	0.000330219247405	
-3.3	0.000284920319584	3.32607859186	0.000458139946237	3.40411361064	0.00033439088618	
-3.28	0.000288250908556	3.32604249453	0.00046330223139	3.40402199696	0.00033864229371	
-3.26	0.000291640250299	3.32600598087	0.000468552279318	3.40392936198	0.000342975522476	
-3.24	0.000295089735115	3.32596904365	0.000473892091115	3.4038356885	0.000347392691584	
-3.22	0.000298600794686	3.32593167543	0.000479323725249	3.40374095896	0.00035189598939	
-3.2	0.000302174903552	3.32589386864	0.000484849299544	3.40364515539	0.00035648767624	
-3.18	0.000305813580668	3.3258556155	0.00049047099325	3.40354825939	0.000361170087337	
-3.16	0.000309518391018	3.32581690806	0.000496191049191	3.40345025218	0.000365945635746	
-3.14	0.000313290947297	3.32577773818	0.000502011776005	3.40335111451	0.000370816815541	
-3.12	0.000317132911668	3.32573809752	0.000507935550477	3.40325082671	0.000375786205097	
-3.1	0.000321045997596	3.32569797754	0.000513964819965	3.40314936862	0.000380856470548	
-3.08	0.000325031971759	3.32565736948	0.000520102104933	3.40304671962	0.000386030369402	
-3.06	0.000329092656045	3.32561626439	0.000526350001585	3.40294285863	0.00039131075434	
-3.04	0.000333229929633	3.32557465307	0.000532711184616	3.40283776402	0.000396700577198	
-3.02	0.000337445731174	3.32553252612	0.000539188410077	3.40273141367	0.000402202893142	
-3.0	0.000341742061059	3.3254898739	0.000545784518362	3.40262378493	0.000407820865058	
-2.98	0.000346120983798	3.3254466865	0.000552502437326	3.4025148546	0.000413557768154	
-2.96	0.000350584630501	3.3254029538	0.000559345185539	3.40240459889	0.000419416994797	
-2.94	0.000355135201472	3.32535866539	0.000566315875676	3.40229299347	0.000425402059598	
-2.92	0.000359774968929	3.32531381061	0.000573417718066	3.40218001337	0.000431516604753	
-2.9	0.000364506279834	3.32526837853	0.000580654024391	3.40206563302	0.000437764405662	
-2.88	0.000369331558875	3.32522235792	0.000588028211546	3.40194982621	0.000444149376836	
-2.86	0.000374253311564	3.32517573727	0.000595543805686	3.40183256607	0.000450675578123	
-2.84	0.000379274127505	3.32512850476	0.000603204446439	3.40171382505	0.000457347221247	
-2.82	0.000384396683793	3.32508064827	0.000611013891321	3.4015935749	0.000464168676709	
-2.8	0.000389623748594	3.32503215533	0.000618976020347	3.40147178663	0.000471144481048	
-2.78	0.000394958184887	3.32498301317	0.000627094840858	3.40134843054	0.0004782793445	
-2.76	0.000400402954386	3.32493320866	0.000635374492569	3.40122347612	0.00048557815907	
-2.74	0.000405961121658	3.32488272831	0.000643819252853	3.40109689208	0.00049304600705	
-2.72	0.00041163585844	3.32483155826	0.000652433542269	3.40096864631	0.000500688170002	
-2.7	0.00041743044817	3.32477968428	0.00066122193036	3.40083870584	0.000508510138252	
-2.68	0.000423348290739	3.32472709173	0.000670189141716	3.40070703684	0.000516517620907	
-2.66	0.000429392907486	3.32467376557	0.000679340062334	3.40057360456	0.000524716556447	
-2.64	0.000435567946446	3.32461969035	0.000688679746283	3.40043837329	0.000533113123923	
-2.62	0.000441877187854	3.32456485015	0.00069821342269	3.4003013064	0.00054171375479	
-2.6	0.000448324549945	3.32450922863	0.00070794650307	3.40016236621	0.000550525145444	
-2.58	0.000454914095037	3.32445280896	0.000717884589019	3.40002151402	0.000559554270483	
-2.56	0.000461650035946	3.32439557383	0.000728033480279	3.39987871005	0.000568808396753	
-2.54	0.000468536742726	3.32433750542	0.000738399183216	3.39973391343	0.000578295098239	
-2.52	0.000475578749761	3.32427858539	0.000748987919719	3.39958708211	0.000588022271845	
-2.5	0.000482780763248	3.32421879487	0.000759806136549	3.39943817285	0.000597998154137	
-2.48	0.000490147669062	3.32415811441	0.000770860515168	3.39928714121	0.000608231339113	
-2.46	0.00049768454106	3.32409652398	0.000782157982067	3.39913394142	0.000618730797066	
-2.44	0.000505396649827	3.32403400295	0.000793705719639	3.39897852642	0.000629505894634	
-2.42	0.000513289471904	3.32397053006	0.000805511177608	3.39882084777	0.000640566416102	
-2.4	0.000521368699525	3.32390608339	0.000817582085063	3.3986608556	0.00065192258607	
-2.38	0.000529640250895	3.32384064036	0.000829926463131	3.39849849857	0.000663585093572	
-2.36	0.000538110281046	3.32377417765	0.000842552638322	3.39833372379	0.000675565117749	
-2.34	0.0005467851933	3.32370667125	0.000855469256597	3.3981664768	0.000687874355222	
-2.32	0.000555671651397	3.32363809636	0.000868685298188	3.39799670148	0.000700525049256	
-2.3	0.000564776592305	3.3235684274	0.000882210093239	3.39782434001	0.000713530020877	
-2.28	0.000574107239785	3.32349763795	0.000896053338299	3.39764933276	0.000726902702091	
-2.26	0.000583671118741	3.32342570076	0.000910225113733	3.39747161829	0.000740657171355	
-2.24	0.000593476070413	3.32335258768	0.000924735902106	3.39729113321	0.0007548081915	
-2.22	0.000603530268484	3.3232782696	0.000939596607603	3.39710781215	0.000769371250276	
-2.2	0.000613842236136	3.32320271648	0.000954818576553	3.39692158766	0.000784362603755	
-2.18	0.000624420864149	3.32312589726	0.000970413619125	3.39673239012	0.000799799322808	
-2.16	0.000635275430099	3.32304777982	0.000986394032283	3.39654014769	0.000815699342916	
-2.14	0.000646415618733	3.32296833096	0.00100277262407	3.39634478616	0.000832081517594	
-2.12	0.000657851543613	3.32288751632	0.00101956273933	3.39614622891	0.000848965675724	
-2.1	0.000669593770113	3.32280530036	0.00103677828694	3.39594439679	0.000866372683147	
-2.08	0.000681653339868	3.32272164628	0.00105443376867	3.39573920799	0.000884324508853	
-2.06	0.00069404179678	3.32263651601	0.00107254430981	3.39553057795	0.000902844296201	
-2.04	0.000706771214702	3.32254987008	0.00109112569159	3.39531841927	0.000921956439585	
-2.02	0.00071985422691	3.32246166763	0.00111019438567	3.39510264152	0.000941686667049	
-2.0	0.000733304057514	3.32237186632	0.00112976759074	3.39488315119	0.000962062129379	
-1.98	0.000747134554947	3.32228042223	0.00114986327133	3.39465985149	0.000983111496264	
-1.96	0.000761360227682	3.32218728985	0.00117050019916	3.39443264222	0.00100486506018	
-1.94	0.00077599628237	3.32209242194	0.00119169799709	3.39420141967	0.0010273548487	
-1.92	0.000791058664564	3.32199576951	0.00121347718587	3.39396607638	0.00105061474609	
-1.9	0.000806564102246	3.32189728168	0.0012358592339	3.39372650104	0.001074680625	
-1.88	0.000822530152382	3.32179690564	0.0012588666103	3.39348257828	0.00109959048923	
-1.86	0.000838975250735	3.32169458651	0.00128252284143	3.39323418849	0.00112538462878	
-1.84	0.000855918765209	3.32159026728	0.00130685257118	3.39298120762	0.00115210578826	
-1.82	0.000873381053017	3.32148388867	0.00133188162534	3.39272350698	0.00117979935006	
-1.8	0.000891383521979	3.32137538905	0.0013576370803	3.39246095302	0.00120851353384	
-1.78	0.000909948696297	3.32126470428	0.00138414733649	3.3921934071	0.00123829961394	
-1.76	0.000929100287195	3.32115176763	0.00141144219688	3.39192072521	0.00126921215666	
-1.74	0.000948863268824	3.3210365096	0.001439552951	3.39164275777	0.00130130927951	
-1.72	0.000969263959902	3.32091885782	0.00146851246486	3.3913593493	0.0013346529348	
-1.7	0.00099033011158	3.32079873686	0.00149835527728	3.39107033817	0.00136930922018	
-1.68	0.00101209100207	3.32067606809	0.00152911770324	3.39077555625	0.00140534871925	
-1.66	0.0010345775387	3.3205507695	0.00156083794464	3.39047482861	0.00144284687551	
-1.64	0.00105782236792	3.32042275553	0.00159355620933	3.39016797316	0.00148188440357	
-1.62	0.00108185999423	3.32029193684	0.0016273148389	3.38985480029	0.00152254774179	
-1.6	0.00110672690854	3.32015822015	0.00166215844612	3.38953511247	0.00156492955153	
-1.58	0.00113246172716	3.32002150797	0.00169813406289	3.3892087038	0.00160912926819	
-1.56	0.00115910534216	3.3198816984	0.00173529129941	3.38887535962	0.00165525371081	
-1.54	0.00118670108438	3.31973868485	0.00177368251591	3.388534856	0.00170341775708	
-1.52	0.00121529490015	3.31959235578	0.0018133630077	3.38818695925	0.00175374509224	
-1.5	0.00124493554326	3.31944259441	0.00185439120506	3.38783142535	0.00180636904126	
-1.48	0.00127567478345	3.31928927839	0.00189682888914	3.38746799941	0.00186143349509	
-1.46	0.00130756763335	3.31913227948	0.00194074142548	3.38709641504	0.00191909394353	
-1.44	0.00134067259547	3.31897146321	0.00198619801665	3.38671639368	0.00197951862904	
-1.42	0.00137505193152	3.31880668844	0.00203327197606	3.38632764391	0.00204288983804	
-1.4	0.00141077195633	3.31863780701	0.0020820410248	3.38592986071	0.0021094053491	
-1.38	0.00144790335887	3.31846466323	0.0021325876138	3.38552272461	0.0021792800601	
-1.36	0.00148652155346	3.31828709345	0.00218499927385	3.38510590087	0.00225274782053	
-1.34	0.00152670706429	3.31810492551	0.0022393689963	3.38467903853	0.00233006349922	
-1.32	0.00156854594701	3.3179179782	0.00229579564739	3.38424176942	0.00241150532295	
-1.3	0.00161213025147	3.31772606064	0.00235438441987	3.38379370706	0.00249737752766	
-1.28	0.00165755853036	3.31752897162	0.00241524732566	3.38333444556	0.00258801337143	
-1.26	0.00170493639896	3.31732649892	0.0024785037339	3.38286355833	0.00268377856708	
-1.24	0.00175437715195	3.31711841851	0.00254428095928	3.38238059675	0.00278507520323	
-1.22	0.00180600244409	3.31690449376	0.00261271490603	3.38188508874	0.00289234623552	
-1.2	0.00185994304244	3.31668447448	0.00268395077378	3.38137653721	0.00300608064549	
-1.18	0.00191633965881	3.31645809598	0.00275814383203	3.38085441831	0.00312681938397	
-1.16	0.00197534387246	3.31622507798	0.00283546027117	3.38031817968	0.00325516223944	
-1.14	0.00203711915426	3.31598512346	0.00291607813867	3.37976723842	0.0033917758007	
-1.12	0.00210184200554	3.31573791737	0.00300018837041	3.37920097897	0.00353740271955	
-1.1	0.00216970322634	3.31548312523	0.00308799592834	3.37861875075	0.00369287252326	
-1.08	0.00224090933024	3.31522039165	0.00317972105728	3.37801986565	0.00385911428254	
-1.06	0.00231568412552	3.31494933862	0.00327560067531	3.37740359525	0.00403717151058	
-1.04	0.00239427048537	3.31466956368	0.00337588991418	3.37676916782	0.00422821975627	
-1.02	0.00247693233348	3.31438063794	0.00348086382878	3.37611576504	0.00443358746648	
-1.0	0.00256395687549	3.31408210385	0.00359081929696	3.37544251839	0.00465478083398	
-0.98	0.00265565711198	3.31377347271	0.00370607713462	3.37474850523	0.00489351352941	
-0.96	0.00275237467403	3.31345422207	0.00382698445433	3.37403274451	0.00515174245057	
-0.94	0.00285448303006	3.31312379265	0.00395391730014	3.37329419202	0.00543171092615	
-0.92	0.00296239112037	3.31278158509	0.00408728359624	3.37253173517	0.00573600120903	
-0.9	0.00307654748608	3.31242695626	0.00422752645312	3.37174418734	0.00606759861655	
-0.88	0.00319744497104	3.31205921518	0.0043751278816	3.37093028149	0.0064299703683	
-0.86	0.00332562608948	3.31167761845	0.00453061297357	3.37008866321	0.00682716309541	
-0.84	0.00346168916976	3.31128136522	0.00469455461767	3.36921788304	0.00726392423849	
-0.82	0.0036062954053	3.31086959143	0.00486757883004	3.36831638785	0.00774585423547	
-0.8	0.00376017696952	3.31044136349	0.00505037079354	3.36738251136	0.00827959870183	
-0.78	0.00392414638278	3.30999567104	0.00524368171561	3.36641446356	0.0088730929772	
-0.76	0.00409910735765	3.30953141894	0.00544833663444	3.3654103189	0.00953587581786	
-0.74	0.00428606739587	3.30904741808	0.00566524332675	3.36436800308	0.0102794951881	
-0.72	0.00448615246921	3.30854237504	0.00589540249906	3.36328527827	0.0111180378236	
-0.7	0.00470062418856	3.30801488036	0.00613991947901	3.36215972651	0.0120688266507	
-0.68	0.00493089995698	3.3074633951	0.00640001766534	3.36098873102	0.0131533479298	
-0.66	0.00517857671626	3.3068862356	0.00667705404647	3.35976945509	0.0143984955907	
-0.64	0.00544545904102	3.30628155586	0.00697253716111	3.35849881819	0.0158382571576	
-0.62	0.00573359251786	3.30564732744	0.00728814795163	3.35717346892	0.0175160187402	
-0.6	0.00604530358136	3.30498131614	0.00762576405765	3.35578975413	0.0194877419194	
-0.58	0.00638324728093	3.30428105501	0.00798748821681	3.35434368372	0.0218263691661	
-0.56	0.00675046484357	3.30354381305	0.00837568158978	3.35283089031	0.0246279483093	
-0.54	0.00715045340827	3.3027665585	0.0087930030147	3.35124658289	0.0280201135352	
-0.52	0.00758725097927	3.30194591594	0.00924245543434	3.34958549331	0.0321736484114	
-0.5	0.00806554053599	3.30107811565	0.00972744104237	3.34784181437	0.0373176742506	
-0.48	0.00859077842811	3.30015893368	0.0102518270822	3.34600912777	0.0437580480776	
-0.46	0.00916935379128	3.29918362049	0.0108200247313	3.34408032005	0.0518958649246	
-0.44	0.00980878790948	3.29814681554	0.0114370841513	3.34204748384	0.0622375243261	
-0.42	0.0105179854665	3.29704244443	0.0121088096293	3.33990180156	0.0753808687975	
-0.4	0.0113075538305	3.29586359414	0.0128418998524	3.33763340747	0.0919612021871	
-0.38	0.0121902124391	3.29460236082	0.0136441198322	3.33523122329	0.112558312702	
-0.36	0.0131813228133	3.29324966247	0.0145245129839	3.33268276106	0.137595942391	
-0.34	0.0142995819864	3.29179500664	0.0154936645394	3.32997388513	0.167276226801	
-0.32	0.0155679401683	3.2902261996	0.0165640311409	3.32708852287	0.201565717586	
-0.3	0.0170148304527	3.28852897875	0.0177503565158	3.32400831017	0.240215423739	
-0.28	0.0186758395093	3.2866865427	0.0190702002045	3.32071215364	0.282786460972	
-0.26	0.0205960121983	3.28467894336	0.0205446163159	3.31717568463	0.328661341247	
-0.24	0.0228330848889	3.28248228838	0.0221990336347	3.31337057177	0.377030337311	
-0.22	0.0254621085017	3.28006767891	0.0240644093081	3.30926364552	0.426843681917	
-0.2	0.0285822014796	3.27739976933	0.0261787592702	3.30481576959	0.476711086727	
-0.18	0.0323266572111	3.27443477488	0.0285892151741	3.29998036594	0.524703568173	
-0.16	0.0368785023302	3.27111764953	0.0313548292212	3.29470145711	0.567945877779	
-0.14	0.042495241066	3.26737797564	0.034550460754	3.28891102242	0.601722776316	
-0.12	0.0495497607901	3.26312377362	0.0382722594435	3.28252535628	0.617832424773	
-0.1	0.0586011797958	3.25823178786	0.0426455590801	3.2754399369	0.608747990578	
-0.0800000000002	0.0705248133837	3.25253143588	0.0478365059855	3.26752200432	0.57925398129	
-0.0600000000002	0.0867686516784	3.24577645159	0.0540696463393	3.25859949063	0.540066669553	
-0.0400000000002	0.109910837046	3.2375900574	0.0616553507517	3.24844390123	0.496184336447	
-0.0200000000002	0.145047128378	3.22734438414	0.0710341373845	3.23674266674	0.449621743829	
-2.13162820728e-13	0.204043433425	3.21383635539	0.0828514204429	3.22305206732	0.40155126059	
0.0199999999998	0.324667293852	3.1940241476	0.0980902069212	3.20671164945	0.352937976263	
0.0399999999998	0.976433941235	3.01713297761	0.118321917865	3.18667514344	0.304777758878	
0.0599999999998	0.887349601002	2.53640299377	0.146218537574	3.16113813341	0.258207991713	
0.0799999999998	0.83903249255	2.28217052189	0.186699338204	3.12658933953	0.214543594937	
0.0999999999998	0.797738980643	2.07581835348	0.249719670221	3.07486142161	0.175197658508	
0.12	0.758403009075	1.89170168888	0.355518978378	2.98179060526	0.141402447511	
0.14	0.718576981005	1.71929051906	0.498360073678	2.79127860236	0.113772380018	
0.16	0.676393994824	1.55264439713	0.565760906644	2.56290702204	0.0920468390256	
0.18	0.629924152671	1.38768668808	0.576728181314	2.37252175453	0.0753079956523	
0.2	0.576791843311	1.22132438878	0.56836657466	2.20999269144	0.0624487453837	
0.22	0.513952994702	1.05160064633	0.551744171387	2.06460259946	0.0524922727418	
0.24	0.438316147766	0.879663553506	0.530570703951	1.93033975394	0.0446852349553	
0.26	0.350818944951	0.715247329167	0.506291910714	1.80364039734	0.0384769642785	
0.28	0.264072718735	0.579194053142	0.479498235892	1.68224388778	0.033471122034	
0.3	0.194877858549	0.484167566628	0.450412407374	1.56467683884	0.0293819013104	
0.32	0.146463894922	0.422257336599	0.419104521838	1.45003428028	0.0260012280498	
0.34	0.113377505728	0.380979643769	0.385627600258	1.3379260623	0.0231757000313	
0.36	0.0902569915999	0.352043359825	0.35014862587	1.22853449384	0.0207906833767	
0.38	0.0735743368544	0.330768233559	0.313104667443	1.12273627362	0.0187593572494	
0.4	0.0611630680885	0.314499278686	0.275361542905	1.0221832894	0.0170151135976	
0.42	0.0516800159414	0.301660763484	0.238265918919	0.929138285475	0.0155062274759	
0.44	0.044267655888	0.291269702439	0.203431434993	0.845885269909	0.0141920735383	
0.46	0.0383605001839	0.282684429635	0.172259683627	0.773892250156	0.0130404059278	
0.48	0.0335740821488	0.27546932726	0.145507155254	0.713307355898	0.0120253780607	
0.5	0.0296397347297	0.269318588596	0.123212166469	0.663134527888	0.0111260835225	
0.52	0.0263650936677	0.264011305336	0.104931051354	0.621800366205	0.0103254684811	
0.54	0.023609440723	0.25938392919	0.09002753235	0.587657152914	0.00960951212892	
0.56	0.0212678662016	0.255312777869	0.0778636324031	0.559247871671	0.00896660271243	
0.58	0.0192608279189	0.251702569481	0.0678842439654	0.535384849403	0.00838705784861	
0.6	0.0175271037069	0.248478698193	0.0596375603159	0.515136275016	0.00786275238961	
0.62	0.0160189322503	0.245581902023	0.0527672598734	0.497782106505	0.00738682723821	
0.64	0.0146985977806	0.242964501341	0.0469959862452	0.482767444843	0.00695345966104	
0.66	0.0135359875003	0.240587693579	0.0421085154094	0.469662938761	0.00655768073096	
0.68	0.0125068168989	0.238419573466	0.0379374320595	0.458133880224	0.0061952291866	
0.7	0.0115913216575	0.23643366138	0.0343518015526	0.447916943079	0.00586243365232	
0.72	0.0107732807137	0.234607793751	0.031248503023	0.438802923693	0.00555611710776	
0.74	0.0100392778007	0.232923275598	0.028545692774	0.430623974709	0.00527351893558	
0.76	0.00937813702046	0.231364225601	0.0261778962714	0.423244134639	0.00501223094876	
0.78	0.00878048699575	0.229917064464	0.0240923192845	0.416552258855	0.00477014460573	
0.8	0.00823842110452	0.228570111236	0.0222460639683	0.410456701121	0.00454540723273	
0.82	0.00774523027368	0.227313261877	0.0206040155952	0.404881277011	0.00433638553889	
0.84	0.00729519110789	0.226137731126	0.0191372274643	0.399762172399	0.00414163506792	
0.86	0.00688339660502	0.225035843577	0.0178216775882	0.395045554223	0.0039598745072	
0.88	0.00650561992762	0.224000863333	0.0166373044792	0.390685707576	0.00378996399105	
0.9	0.00615820403829	0.223026854161	0.0155672538564	0.386643570704	0.0036308867032	
0.92	0.00583797172398	0.222108563957	0.0145972858724	0.382885573434	0.00348173321728	
0.94	0.00554215180661	0.221241328716	0.013715305374	0.379382708955	0.0033416881186	
0.96	0.00526831828914	0.220420992267	0.0129109871372	0.376109786537	0.00321001853505	
0.98	0.0050143399042	0.219643838832	0.012175474926	0.373044825669	0.00308606427147	
1.0	0.00477833807763	0.218906536071	0.0115011383286	0.370168561563	0.00296922929609	
1.02	0.00455865173747	0.21820608676	0.0108813751071	0.367464038981	0.00285897437097	
1.04	0.00435380772126	0.217539787613	0.0103104496294	0.364916276621	0.00275481065399	
1.06	0.00416249578468	0.216905194035	0.00978336008026	0.36251198822	0.00265629412829	
1.08	0.00398354741041	0.216300089842	0.00929572876034	0.360239349538	0.00256302073901	
1.1	0.00381591776972	0.215722461142	0.00884371101288	0.358087802689	0.00247462213637	
1.12	0.00365867031122	0.215170473723	0.00842391925864	0.356047891029	0.00239076193997	
1.14	0.00351096354765	0.21464245342	0.0080333593486	0.354111119194	0.00231113245256	
1.16	0.00337203968907	0.214136868994	0.00766937700838	0.352269833939	0.00223545176239	
1.18	0.00324121483307	0.213652317179	0.00732961258973	0.350517122254	0.00216346118242	
1.2	0.00311787047247	0.213187509559	0.00701196269084	0.348846723927	0.00209492298222	
1.22	0.00300144612189	0.212741261038	0.00671454748101	0.347252956203	0.00202961837495	
1.24	0.00289143289766	0.212312479668	0.00643568278181	0.345730648647	0.00196734572699	
1.26	0.00278736791251	0.211900157661	0.00617385613073	0.344275086624	0.00190791896257	
1.28	0.00268882936889	0.211503363424	0.00592770619143	0.342881962107	0.00185116613934	
1.3	0.00259543225295	0.211121234475	0.00569600498689	0.341547330717	0.00179692817426	
1.32	0.00250682454663	0.210752971149	0.00547764252186	0.340267574108	0.00174505770196	
1.34	0.00242268388764	0.210397830967	0.0052716134347	0.339039366914	0.00169541804989	
1.36	0.00234271461769	0.210055123613	0.00507700537809	0.337859647659	0.00164788231699	
1.38	0.0022666451684	0.209724206421	0.00489298887775	0.336725593046	0.00160233254379	
1.4	0.00219422574113	0.20940448033	0.00471880845793	0.335634595214	0.001558658964	
1.42	0.00212522624378	0.209095386246	0.00455377485632	0.334584241546	0.00151675932824	
1.44	0.00205943445229	0.208796401753	0.004397258178	0.333572296707	0.00147653829237	
1.46	0.00199665436943	0.208507038155	0.0042486818613	0.332596686634	0.00143790686312	
1.48	0.00193670475698	0.208226837796	0.00410751734734	0.331655484232	0.00140078189527	
1.5	0.00187941782059	0.207955371627	0.00397327936106	0.330746896562	0.00136508563469	
1.52	0.00182463802956	0.207692237006	0.00384552172483	0.329869253355	0.00133074530269	
1.54	0.00177222105578	0.207437055695	0.00372383363696	0.32902099668	0.00129769271741	
1.56	0.00172203281841	0.207189472034	0.00360783635723	0.328200671647	0.0012658639484	
1.58	0.0016739486223	0.206949151285	0.00349718024916	0.32740691801	0.00123519900134	
1.6	0.00162785237985	0.206715778106	0.00339154213583	0.32663846259	0.00120564152966	
1.62	0.00158363590714	0.206489055173	0.00329062293195	0.325894112405	0.00117713857068	
1.64	0.00154119828639	0.206268701904	0.00319414551953	0.325172748447	0.00114964030375	
1.66	0.00150044528766	0.2060544533	0.00310185283897	0.324473320028	0.0011230998284	
1.68	0.00146128884354	0.205846058874	0.00301350617101	0.323794839638	0.00109747296063	
1.7	0.00142364657147	0.205643281672	0.00292888358796	0.32313637826	0.00107271804557	
1.72	0.00138744133866	0.20544589737	0.00284777855545	0.322497061097	0.00104879578519	
1.74	0.00135260086541	0.205253693441	0.00276999866821	0.32187606367	0.0010256690795	
1.76	0.00131905736305	0.205066468393	0.00269536450536	0.321272608243	0.00100330288013	
1.78	0.00128674720293	0.204884031058	0.0026237085925	0.320685960558	0.00098166405527	
1.8	0.00125561061363	0.204706199938	0.00255487445936	0.320115426831	0.000960721264816	
1.82	0.00122559140352	0.204532802604	0.00248871578309	0.319560350998	0.000940444844984	
1.84	0.00119663670639	0.204363675134	0.00242509560829	0.319020112186	0.000920806701504	
1.86	0.00116869674792	0.204198661594	0.00236388563629	0.318494122377	0.000901780210689	
1.88	0.00114172463106	0.204037613559	0.0023049655764	0.317981824265	0.000883340127731	
1.9	0.00111567613858	0.203880389663	0.00224822255334	0.317482689274	0.000865462501616	
1.92	0.00109050955136	0.203726855186	0.00219355056511	0.316996215724	0.000848124596115	
1.94	0.00106618548074	0.203576881669	0.00214084998665	0.316521927144	0.000831304816367	
1.96	0.00104266671402	0.20343034655	0.00209002711474	0.316059370706	0.000814982640594	
1.98	0.00101991807167	0.203287132833	0.00204099375045	0.315608115772	0.000799138556555	
2.0	0.000997906275413	0.203147128776	0.00199366681548	0.315167752555	0.000783754002353	
2.02	0.000976599826174	0.203010227594	0.00194796799938	0.314737890864	0.000768811311265	
2.04	0.000955968891096	0.202876327191	0.00190382343483	0.314318158951	0.000754293660281	
2.06	0.000935985198821	0.202745329907	0.00186116339835	0.31390820243	0.000740185022068	
2.08	0.000916621942382	0.202617142274	0.00181992203444	0.313507683276	0.00072647012011	
2.1	0.000897853689073	0.202491674799	0.00178003710073	0.313116278887	0.000713134386772	
2.12	0.00087965629673	0.202368841749	0.00174144973267	0.312733681217	0.000700163924078	
2.14	0.000862006835897	0.202248560961	0.00170410422579	0.312359595964	0.000687545467008	
2.16	0.000844883517424	0.202130753656	0.00166794783426	0.311993741807	0.000675266349121	
2.18	0.000828265625057	0.202015344264	0.00163293058423	0.311635849701	0.00066331447035	
2.2	0.000812133452635	0.201902260265	0.00159900510074	0.311285662213	0.000651678266794	
2.22	0.000796468245535	0.201791432037	0.00156612644722	0.310942932899	0.00064034668239	
2.24	0.000781252146043	0.201682792709	0.00153425197632	0.31060742573	0.000629309142309	
2.26	0.000766468142347	0.201576278032	0.00150334119133	0.310278914538	0.000618555527971	
2.28	0.000752100020886	0.201471826245	0.00147335561734	0.309957182516	0.000608076153572	
2.3	0.000738132321808	0.201369377961	0.00144425868123	0.309642021727	0.000597861743998	
2.32	0.000724550297289	0.201268876053	0.00141601559994	0.309333232665	0.000587903414053	
2.34	0.000711339872532	0.201170265544	0.00138859327635	0.309030623826	0.000578192648907	
2.36	0.000698487609226	0.201073493511	0.0013619602021	0.308734011309	0.000568721285674	
2.38	0.000685980671305	0.200978508988	0.00133608636694	0.308443218449	0.000559481496061	
2.4	0.000673806792838	0.200885262875	0.001310943174	0.308158075455	0.00055046577	
2.42	0.000661954247894	0.200793707858	0.00128650336068	0.307878419088	0.000541666900216	
2.44	0.000650411822259	0.200703798321	0.00126274092458	0.30760409234	0.000533077967662	
2.46	0.000639168786855	0.20061549028	0.00123963105421	0.307334944144	0.000524692327758	
2.48	0.00062821487277	0.2005287413	0.00121715006417	0.307070829094	0.000516503597406	
2.5	0.000617540247761	0.200443510438	0.00119527533428	0.30681160718	0.000508505642705	
2.52	0.000607135494158	0.200359758168	0.00117398525265	0.306557143544	0.000500692567346	
2.54	0.000596991588055	0.200277446328	0.00115325916217	0.306307308242	0.000493058701622	
2.56	0.000587099879707	0.200196538058	0.00113307731035	0.306061976022	0.000485598592041	
2.58	0.00057745207507	0.200116997745	0.00111342080216	0.305821026117	0.00047830699148	
2.6	0.000568040218375	0.200038790972	0.00109427155574	0.305584342041	0.000471178849867	
2.62	0.000558856675711	0.199961884467	0.00107561226077	0.305351811404	0.000464209305347	
2.64	0.000549894119513	0.199886246056	0.00105742633928	0.305123325735	0.000457393675908	
2.66	0.000541145513928	0.199811844618	0.00103969790876	0.304898780308	0.000450727451442	
2.68	0.000532604100984	0.199738650044	0.00102241174744	0.304678073985	0.000444206286206	
2.7	0.000524263387517	0.199666633192	0.00100555326158	0.304461109062	0.000437825991678	
2.72	0.000516117132819	0.199595765854	0.000989108454615	0.304247791127	0.000431582529761	
2.74	0.00050815933694	0.199526020715	0.000973063898053	0.304038028917	0.000425472006335	
2.76	0.000500384229628	0.199457371318	0.000957406704037	0.303831734195	0.000419490665131	
2.78	0.000492786259856	0.199389792032	0.000942124499424	0.303628821618	0.0004136348819	
2.8	0.000485360085897	0.199323258019	0.000927205401306	0.303429208625	0.000407901158875	
2.82	0.000478100565923	0.199257745207	0.00091263799388	0.303232815323	0.000402286119504	
2.84	0.000471002749095	0.199193230254	0.000898411306581	0.303039564377	0.000396786503427	
2.86	0.000464061867108	0.199129690525	0.000884514793404	0.302849380912	0.00039139916171	
2.88	0.000457273326174	0.199067104067	0.000870938313328	0.302662192415	0.00038612105229	
2.9	0.00045063269941	0.199005449579	0.000857672111798	0.302477928642	0.00038094923565	
2.92	0.000444135719614	0.198944706391	0.000844706803178	0.30229652153	0.000375880870686	
2.94	0.000437778272397	0.19888485444	0.000832033354133	0.302117905113	0.000370913210778	
2.96	0.000431556389667	0.198825874247	0.00081964306787	0.301942015442	0.000366043600031	
2.98	0.000425466243424	0.198767746898	0.000807527569205	0.301768790508	0.000361269469702	
3.0	0.000419504139867	0.198710454021	0.000795678790394	0.301598170168	0.000356588334779	
3.02	0.00041366651379	0.198653977769	0.00078408895768	0.30143009608	0.000351997790727	
3.04	0.00040794992324	0.198598300801	0.000772750578536	0.301264511629	0.00034749551037	
3.06	0.000402351044442	0.198543406262	0.000761656429534	0.301101361869	0.000343079240922	
3.08	0.00039686666696	0.19848927777	0.000750799544834	0.300940593459	0.000338746801147	
3.1	0.00039149368909	0.198435899395	0.000740173205232	0.300782154607	0.000334496078639	
3.12	0.00038622911347	0.198383255647	0.000729770927757	0.300625995012	0.000330325027236	
3.14	0.000381070042897	0.198331331461	0.00071958645577	0.300472065813	0.000326231664531	
3.16	0.000376013676333	0.198280112177	0.000709613749545	0.300320319533	0.000322214069506	
3.18	0.000371057305101	0.198229583536	0.000699846977308	0.300170710039	0.000318270380254	
3.2	0.000366198309256	0.198179731657	0.000690280506699	0.300023192484	0.000314398791812	
3.22	0.000361434154113	0.19813054303	0.000680908896646	0.299877723273	0.000310597554078	
3.24	0.000356762386945	0.198082004504	0.000671726889622	0.299734260011	0.000306864969817	
3.26	0.000352180633818	0.198034103271	0.000662729404256	0.299592761468	0.000303199392759	
3.28	0.000347686596575	0.197986826858	0.000653911528306	0.299453187534	0.000299599225763	
3.3	0.000343278049951	0.197940163116	0.000645268511941	0.299315499188	0.000296062919073	
3.32	0.000338952838813	0.197894100209	0.000636795761341	0.299179658453	0.000292588968632	
3.34	0.000334708875528	0.197848626604	0.000628488832586	0.299045628368	0.000289175914475	
3.36	0.000330544137439	0.197803731061	0.000620343425822	0.298913372953	0.000285822339187	
3.38	0.00032645666445	0.197759402623	0.000612355379697	0.298782857172	0.000282526866415	
3.4	0.000322444556726	0.197715630612	0.000604520666036	0.298654046908	0.000279288159452	
3.42	0.000318505972474	0.197672404612	0.000596835384757	0.298526908932	0.00027610491987	
3.44	0.000314639125832	0.197629714468	0.000589295759018	0.298401410869	0.000272975886213	
3.46	0.000310842284845	0.197587550274	0.000581898130572	0.298277521179	0.000269899832735	
3.48	0.000307113769517	0.197545902369	0.000574638955319	0.298155209123	0.000266875568193	
3.5	0.000303451949959	0.197504761325	0.000567514799066	0.298034444743	0.000263901934691	
3.52	0.0002998552446	0.197464117943	0.000560522333457	0.297915198833	0.000260977806557	
3.54	0.000296322118482	0.197423963245	0.000553658332083	0.297797442919	0.000258102089277	
3.56	0.000292851081618	0.197384288467	0.000546919666758	0.297681149235	0.000255273718464	
3.58	0.000289440687422	0.197345085057	0.00054030330395	0.2975662907	0.000252491658863	
3.6	0.000286089531199	0.197306344659	0.000533806301366	0.297452840897	0.000249754903402	
3.62	0.000282796248698	0.197268059119	0.000527425804679	0.297340774057	0.000247062472274	
3.64	0.000279559514724	0.197230220471	0.000521159044389	0.297230065032	0.000244413412055	
3.66	0.000276378041799	0.197192820933	0.000515003332812	0.297120689284	0.000241806794853	
3.68	0.000273250578888	0.197155852905	0.000508956061205	0.29701262286	0.000239241717493	
3.7	0.000270175910161	0.197119308959	0.000503014696989	0.296905842379	0.00023671730073	
3.72	0.000267152853816	0.197083181839	0.000497176781106	0.296800325014	0.000234232688492	
3.74	0.000264180260938	0.197047464451	0.000491439925462	0.296696048475	0.000231787047145	
3.76	0.00026125701441	0.197012149863	0.000485801810493	0.296592990992	0.000229379564797	
3.78	0.000258382027861	0.196977231299	0.000480260182811	0.296491131304	0.000227009450617	
3.8	0.000255554244657	0.196942702132	0.000474812852954	0.29639044864	0.000224675934179	
3.82	0.000252772636929	0.196908555883	0.000469457693223	0.296290922708	0.00022237826484	
3.84	0.000250036204636	0.196874786217	0.0004641926356	0.296192533678	0.000220115711125	
3.86	0.00024734397467	0.196841386937	0.000459015669751	0.296095262174	0.000217887560146	
3.88	0.000244694999986	0.196808351981	0.000453924841107	0.295999089254	0.000215693117038	
3.9	0.000242088358773	0.19677567542	0.000448918249016	0.295903996406	0.000213531704413	
3.92	0.000239523153645	0.196743351451	0.000443994044968	0.295809965529	0.000211402661834	
3.94	0.000236998510877	0.196711374397	0.000439150430891	0.295716978924	0.000209305345309	
3.96	0.000234513579651	0.196679738703	0.000434385657503	0.295625019286	0.0002072391268	
3.98	0.000232067531347	0.196648438929	0.000429698022733	0.295534069688	0.000205203393754	
4.0	0.000229659558845	0.196617469753	0.000425085870205	0.295444113574	0.000203197548642	
4.02	0.000227288875865	0.196586825964	0.000420547587765	0.295355134748	0.000201221008521	
4.04	0.000224954716318	0.196556502458	0.000416081606081	0.295267117363	0.000199273204609	
4.06	0.000222656333692	0.196526494241	0.000411686397278	0.295180045916	0.000197353581871	
4.08	0.000220393000455	0.19649679642	0.000407360473632	0.295093905232	0.000195461598627	
4.1	0.000218164007473	0.196467404202	0.000403102386313	0.295008680461	0.000193596726159	
4.12	0.000215968663462	0.196438312893	0.00039891072417	0.294924357068	0.00019175844835	
4.14	0.000213806294443	0.196409517896	0.000394784112559	0.294840920822	0.000189946261319	
4.16	0.000211676243236	0.196381014705	0.000390721212217	0.294758357791	0.000188159673075	
4.18	0.000209577868946	0.196352798906	0.000386720718174	0.294676654335	0.000186398203182	
4.2	0.000207510546494	0.196324866174	0.000382781358707	0.294595797093	0.000184661382436	
4.22	0.000205473666143	0.19629721227	0.000378901894324	0.294515772983	0.000182948752548	
4.24	0.00020346663305	0.196269833039	0.000375081116794	0.29443656919	0.000181259865844	
4.26	0.000201488866835	0.196242724408	0.000371317848199	0.29435817316	0.000179594284967	
4.28	0.000199539801154	0.196215882384	0.000367610940034	0.294280572595	0.000177951582597	
4.3	0.000197618883302	0.196189303053	0.000363959272323	0.294203755445	0.000176331341171	
4.32	0.000195725573813	0.196162982577	0.000360361752775	0.294127709902	0.000174733152621	
4.34	0.000193859346087	0.196136917192	0.000356817315967	0.294052424395	0.000173156618113	
4.36	0.000192019686019	0.196111103208	0.000353324922557	0.293977887583	0.000171601347797	
4.38	0.000190206091648	0.196085537003	0.000349883558515	0.293904088349	0.000170066960569	
4.4	0.000188418072814	0.196060215027	0.000346492234396	0.293831015794	0.00016855308383	
4.42	0.000186655150826	0.196035133797	0.000343149984619	0.293758659237	0.000167059353264	
4.44	0.000184916858139	0.196010289894	0.000339855866785	0.2936870082	0.000165585412616	
4.46	0.00018320273805	0.195985679966	0.000336608961012	0.293616052412	0.000164130913478	
4.48	0.000181512344391	0.195961300722	0.00033340836929	0.293545781799	0.000162695515085	
4.5	0.000179845241244	0.195937148934	0.000330253214862	0.293476186483	0.000161278884112	
4.52	0.000178201002655	0.195913221432	0.000327142641621	0.293407256771	0.000159880694478	
4.54	0.000176579212366	0.195889515107	0.000324075813532	0.293338983158	0.000158500627164	
4.56	0.000174979463549	0.195866026905	0.000321051914067	0.293271356318	0.000157138370024	
4.58	0.000173401358552	0.195842753829	0.000318070145664	0.293204367102	0.000155793617611	
4.6	0.000171844508651	0.195819692937	0.000315129729198	0.29313800653	0.000154466071003	
4.62	0.000170308533811	0.19579684134	0.000312229903473	0.293072265794	0.000153155437639	
4.64	0.000168793062452	0.195774196201	0.000309369924731	0.293007136246	0.000151861431154	
4.66	0.000167297731228	0.195751754735	0.000306549066171	0.2929426094	0.000150583771227	
4.68	0.000165822184806	0.195729514204	0.000303766617491	0.292878676926	0.00014932218342	
4.7	0.000164366075654	0.195707471924	0.000301021884437	0.292815330648	0.00014807639904	
4.72	0.000162929063842	0.195685625253	0.000298314188373	0.292752562537	0.000146846154988	
4.74	0.000161510816835	0.1956639716	0.000295642865859	0.292690364713	0.000145631193623	
4.76	0.000160111009308	0.195642508417	0.000293007268247	0.292628729436	0.000144431262628	
4.78	0.000158729322957	0.195621233202	0.000290406761282	0.292567649106	0.000143246114872	
4.8	0.000157365446314	0.195600143496	0.000287840724726	0.29250711626	0.00014207550829	
4.82	0.000156019074578	0.195579236883	0.000285308551986	0.292447123568	0.000140919205754	
4.84	0.000154689909439	0.195558510989	0.000282809649752	0.292387663831	0.000139776974957	
4.86	0.000153377658918	0.19553796348	0.000280343437656	0.292328729976	0.000138648588289	
4.88	0.000152082037201	0.195517592063	0.000277909347928	0.292270315055	0.00013753382273	
4.9	0.000150802764486	0.195497394484	0.000275506825074	0.292212412243	0.000136432459735	
4.92	0.000149539566835	0.195477368526	0.000273135325556	0.292155014833	0.00013534428513	
4.94	0.000148292176019	0.195457512011	0.000270794317487	0.292098116235	0.000134269089004	
4.96	0.000147060329386	0.195437822798	0.000268483280328	0.292041709973	0.000133206665609	
4.98	0.000145843769714	0.195418298781	0.000266201704606	0.291985789683	0.000132156813263	
5.0	0.000144642245081	0.195398937888	0.000263949091626	0.29193034911	0.000131119334251	
5.02	0.000143455508734	0.195379738085	0.000261724953201	0.291875382106	0.000130094034734	
5.04	0.00014228331896	0.195360697368	0.000259528811389	0.291820882627	0.000129080724655	
5.06	0.000141125438967	0.195341813768	0.000257360198234	0.291766844733	0.000128079217655	
5.08	0.000139981636762	0.195323085349	0.000255218655516	0.291713262583	0.000127089330982	
5.1	0.000138851685032	0.195304510205	0.000253103734513	0.291660130433	0.000126110885414	
5.12	0.000137735361037	0.195286086461	0.000251014995761	0.291607442638	0.00012514370517	
5.14	0.000136632446495	0.195267812275	0.000248952008828	0.291555193645	0.000124187617836	
5.16	0.000135542727479	0.195249685832	0.000246914352092	0.291503377994	0.000123242454286	
5.18	0.00013446599431	0.195231705348	0.000244901612523	0.291451990315	0.000122308048608	
5.2	0.000133402041459	0.195213869066	0.000242913385481	0.291401025326	0.00012138423803	
5.22	0.000132350667445	0.195196175259	0.000240949274502	0.291350477832	0.000120470862849	
5.24	0.000131311674744	0.195178622226	0.000239008891109	0.291300342723	0.000119567766362	
5.26	0.000130284869695	0.195161208293	0.000237091854615	0.291250614972	0.000118674794799	
5.28	0.000129270062407	0.195143931814	0.000235197791938	0.291201289632	0.000117791797257	
5.3	0.000128267066674	0.195126791167	0.000233326337421	0.291152361839	0.000116918625634	
5.32	0.00012727569989	0.195109784756	0.000231477132651	0.291103826803	0.000116055134571	
5.34	0.000126295782961	0.195092911011	0.000229649826291	0.291055679814	0.000115201181389	
5.36	0.000125327140232	0.195076168384	0.000227844073912	0.291007916236	0.000114356626027	
5.38	0.000124369599401	0.195059555354	0.000226059537831	0.290960531505	0.000113521330991	
5.4	0.000123422991446	0.195043070422	0.000224295886952	0.290913521131	0.000112695161292	
5.42	0.000122487150549	0.19502671211	0.000222552796614	0.290866880695	0.000111877984393	
5.44	0.000121561914026	0.195010478967	0.00022082994844	0.290820605846	0.000111069670158	
5.46	0.000120647122253	0.19499436956	0.000219127030191	0.290774692302	0.000110270090797	
5.48	0.000119742618597	0.19497838248	0.000217443735629	0.290729135846	0.000109479120816	
5.5	0.000118848249353	0.194962516339	0.000215779764372	0.290683932328	0.000108696636969	
5.52	0.000117963863674	0.194946769769	0.000214134821767	0.290639077661	0.000107922518209	
5.54	0.00011708931351	0.194931141425	0.000212508618754	0.290594567823	0.000107156645641	
5.56	0.000116224453546	0.194915629978	0.000210900871743	0.290550398851	0.000106398902476	
5.58	0.00011536914114	0.194900234123	0.000209311302489	0.290506566843	0.000105649173986	
5.6	0.000114523236265	0.194884952572	0.000207739637969	0.290463067957	0.000104907347462	
5.62	0.000113686601454	0.194869784057	0.000206185610269	0.29041989841	0.000104173312171	
5.64	0.00011285910174	0.194854727328	0.000204648956468	0.290377054475	0.000103446959313	
5.66	0.000112040604604	0.194839781153	0.000203129418524	0.29033453248	0.000102728181982	
5.68	0.00011123097992	0.19482494432	0.000201626743172	0.29029232881	0.000102016875126	
5.7	0.000110430099908	0.194810215633	0.00020014068181	0.290250439904	0.000101312935511	
5.72	0.000109637839078	0.194795593913	0.000198670990405	0.290208862251	0.000100616261678	
5.74	0.000108854074183	0.194781078	0.000197217429387	0.290167592396	9.99267539121e-05	
5.76	0.000108078684173	0.194766666749	0.00019577976355	0.290126626932	9.92443142025e-05	
5.78	0.000107311550144	0.194752359032	0.000194357761965	0.290085962504	9.85688462103e-05	
5.8	0.000106552555297	0.194738153737	0.000192951197878	0.290045595804	9.79002552331e-05	
5.82	0.000105801584889	0.194724049768	0.000191559848626	0.290005523575	9.72384481721e-05	
5.84	0.000105058526194	0.194710046045	0.000190183495542	0.289965742605	9.65833334994e-05	
5.86	0.000104323268459	0.194696141503	0.000188821923879	0.289926249729	9.59348212265e-05	
5.88	0.00010359570286	0.194682335092	0.000187474922717	0.28988704183	9.52928228732e-05	
5.9	0.000102875722466	0.194668625776	0.000186142284887	0.289848115832	9.46572514374e-05	
5.92	0.000102163222197	0.194655012535	0.000184823806887	0.289809468706	9.40280213654e-05	
5.94	0.000101458098787	0.194641494362	0.000183519288808	0.289771097466	9.34050485234e-05	
5.96	0.000100760250745	0.194628070265	0.000182228534256	0.289732999167	9.27882501687e-05	
5.98	0.000100069578322	0.194614739265	0.00018095135028	0.289695170906	9.21775449228e-05	
6.0	9.93859834684e-05	0.194601500397	0.000179687547297	0.289657609823	9.15728527441e-05	
6.02	9.87093698083e-05	0.194588352709	0.000178436939024	0.289620313096	9.09740949018e-05	
6.04	9.80396425976e-05	0.194575295262	0.00017719934241	0.289583277944	9.038119395e-05	
6.06	9.7376708696e-05	0.19456232713	0.000175974577564	0.289546501624	8.97940737029e-05	
6.08	9.67204765313e-05	0.1945494474	0.000174762467698	0.289509981432	8.92126592098e-05	
6.1	9.60708560702e-05	0.194536655171	0.000173562839054	0.289473714701	8.86368767318e-05	
6.12	9.54277587856e-05	0.194523949555	0.000172375520849	0.289437698801	8.80666537176e-05	
6.14	9.47910976279e-05	0.194511329673	0.000171200345209	0.289401931139	8.75019187813e-05	
6.16	9.41607869937e-05	0.194498794663	0.000170037147115	0.289366409155	8.69426016795e-05	
6.18	9.35367426996e-05	0.194486343669	0.000168885764339	0.289331130328	8.63886332895e-05	
6.2	9.29188819515e-05	0.19447397585	0.000167746037392	0.289296092168	8.58399455883e-05	
6.22	9.23071233186e-05	0.194461690376	0.000166617809467	0.289261292222	8.5296471631e-05	
6.24	9.17013867066e-05	0.194449486427	0.000165500926384	0.289226728067	8.47581455308e-05	
6.26	9.11015933302e-05	0.194437363194	0.000164395236542	0.289192397315	8.4224902439e-05	
6.28	9.05076656892e-05	0.194425319878	0.000163300590859	0.289158297608	8.3696678525e-05	
6.3	8.99195275424e-05	0.194413355693	0.000162216842731	0.289124426624	8.31734109578e-05	
6.32	8.93371038832e-05	0.19440146986	0.000161143847977	0.289090782066	8.26550378866e-05	
6.34	8.87603209159e-05	0.194389661612	0.000160081464793	0.289057361673	8.2141498423e-05	
6.36	8.8189106032e-05	0.194377930193	0.000159029553705	0.289024163211	8.16327326228e-05	
6.38	8.76233877883e-05	0.194366274855	0.000157987977523	0.288991184476	8.11286814685e-05	
6.4	8.70630958832e-05	0.194354694859	0.000156956601296	0.288958423293	8.06292868523e-05	
6.42	8.65081611357e-05	0.194343189478	0.000155935292268	0.288925877517	8.01344915591e-05	
6.44	8.5958515464e-05	0.194331757994	0.000154923919839	0.288893545031	7.96442392503e-05	
6.46	8.54140918642e-05	0.194320399695	0.000153922355517	0.288861423743	7.91584744476e-05	
6.48	8.48748243903e-05	0.194309113881	0.000152930472881	0.288829511591	7.86771425171e-05	
6.5	8.43406481341e-05	0.194297899862	0.000151948147541	0.288797806539	7.82001896542e-05	
6.52	8.38114992052e-05	0.194286756953	0.000150975257098	0.288766306576	7.77275628685e-05	
6.54	8.32873147129e-05	0.194275684481	0.000150011681107	0.28873500972	7.72592099689e-05	
6.56	8.27680327467e-05	0.19426468178	0.000149057301038	0.288703914011	7.67950795492e-05	
6.58	8.22535923583e-05	0.194253748192	0.00014811200024	0.288673017517	7.63351209739e-05	
6.6	8.17439335431e-05	0.194242883068	0.000147175663909	0.288642318329	7.58792843646e-05	
6.62	8.1238997224e-05	0.194232085767	0.000146248179046	0.288611814562	7.54275205862e-05	
6.64	8.07387252334e-05	0.194221355656	0.000145329434429	0.288581504357	7.49797812338e-05	
6.66	8.02430602961e-05	0.19421069211	0.000144419320577	0.288551385877	7.45360186195e-05	
6.68	7.97519460137e-05	0.19420009451	0.00014351772972	0.288521457307	7.40961857599e-05	
6.7	7.92653268482e-05	0.194189562249	0.000142624555761	0.288491716857	7.36602363634e-05	
6.72	7.87831481065e-05	0.194179094721	0.000141739694252	0.288462162759	7.32281248184e-05	
6.74	7.83053559245e-05	0.194168691334	0.000140863042359	0.288432793267	7.27998061806e-05	
6.76	7.78318972525e-05	0.194158351498	0.000139994498834	0.288403606656	7.23752361624e-05	
6.78	7.73627198405e-05	0.194148074634	0.000139133963984	0.288374601222	7.19543711201e-05	
6.8	7.68977722236e-05	0.194137860167	0.000138281339645	0.288345775284	7.15371680438e-05	
6.82	7.64370037079e-05	0.194127707532	0.000137436529152	0.288317127181	7.11235845457e-05	
6.84	7.59803643568e-05	0.194117616168	0.000136599437311	0.288288655272	7.07135788496e-05	
6.86	7.55278049772e-05	0.194107585523	0.000135769970374	0.288260357936	7.03071097802e-05	
6.88	7.50792771066e-05	0.19409761505	0.000134948036014	0.288232233572	6.9904136753e-05	
6.9	7.46347329999e-05	0.194087704209	0.000134133543294	0.288204280599	6.95046197636e-05	
6.92	7.41941256168e-05	0.194077852466	0.000133326402647	0.288176497454	6.91085193782e-05	
6.94	7.37574086094e-05	0.194068059295	0.00013252652585	0.288148882595	6.87157967238e-05	
6.96	7.33245363096e-05	0.194058324176	0.000131733825997	0.288121434498	6.83264134786e-05	
6.98	7.28954637177e-05	0.194048646592	0.000130948217481	0.288094151655	6.79403318624e-05	
7.0	7.24701464903e-05	0.194039026036	0.000130169615967	0.288067032578	6.75575146276e-05	
7.02	7.20485409293e-05	0.194029462005	0.000129397938367	0.288040075798	6.71779250503e-05	
7.04	7.16306039701e-05	0.194019954002	0.000128633102825	0.288013279861	6.68015269214e-05	
7.06	7.12162931709e-05	0.194010501537	0.000127875028689	0.287986643333	6.64282845377e-05	
7.08	7.08055667024e-05	0.194001104123	0.000127123636493	0.287960164795	6.60581626937e-05	
7.1	7.03983833359e-05	0.193991761282	0.000126378847932	0.287933842844	6.56911266732e-05	
7.12	6.99947024344e-05	0.19398247254	0.00012564058585	0.287907676097	6.53271422408e-05	
7.14	6.95944839417e-05	0.193973237428	0.00012490877421	0.287881663183	6.49661756347e-05	
7.16	6.91976883729e-05	0.193964055482	0.000124183338082	0.287855802751	6.46081935578e-05	
7.18	6.88042768037e-05	0.193954926245	0.000123464203619	0.287830093463	6.42531631708e-05	
7.2	6.84142108622e-05	0.193945849265	0.000122751298041	0.287804533999	6.39010520843e-05	
7.22	6.80274527184e-05	0.193936824094	0.000122044549617	0.287779123052	6.35518283514e-05	
7.24	6.76439650761e-05	0.193927850289	0.000121343887642	0.28775385933	6.32054604605e-05	
7.26	6.72637111627e-05	0.193918927414	0.000120649242428	0.287728741559	6.28619173281e-05	
7.28	6.68866547211e-05	0.193910055035	0.000119960545277	0.287703768477	6.25211682916e-05	
7.3	6.65127600013e-05	0.193901232727	0.000119277728472	0.287678938837	6.2183183103e-05	
7.32	6.61419917511e-05	0.193892460064	0.000118600725255	0.287654251407	6.18479319214e-05	
7.34	6.57743152087e-05	0.193883736632	0.000117929469814	0.287629704968	6.15153853069e-05	
7.36	6.54096960938e-05	0.193875062014	0.000117263897264	0.287605298316	6.11855142139e-05	
7.38	6.50481006001e-05	0.193866435803	0.000116603943635	0.28758103026	6.08582899849e-05	
7.4	6.46894953871e-05	0.193857857596	0.000115949545853	0.287556899623	6.05336843439e-05	
7.42	6.43338475728e-05	0.193849326992	0.000115300641728	0.28753290524	6.02116693905e-05	
7.44	6.39811247257e-05	0.193840843596	0.000114657169936	0.287509045961	5.98922175936e-05	
7.46	6.36312948578e-05	0.193832407017	0.000114019070009	0.287485320648	5.95753017859e-05	
7.48	6.32843264174e-05	0.193824016869	0.000113386282316	0.287461728175	5.92608951576e-05	
7.5	6.29401882815e-05	0.19381567277	0.000112758748051	0.28743826743	5.8948971251e-05	
7.52	6.25988497493e-05	0.193807374341	0.000112136409219	0.287414937312	5.86395039547e-05	
7.54	6.2260280535e-05	0.193799121209	0.000111519208627	0.287391736734	5.8332467498e-05	
7.56	6.19244507614e-05	0.193790913004	0.000110907089862	0.287368664619	5.80278364457e-05	
7.58	6.15913309528e-05	0.193782749359	0.000110299997286	0.287345719904	5.77255856925e-05	
7.6	6.12608920296e-05	0.193774629913	0.00010969787602	0.287322901535	5.74256904581e-05	
7.62	6.09331053004e-05	0.193766554308	0.000109100671931	0.287300208472	5.71281262814e-05	
7.64	6.06079424571e-05	0.19375852219	0.000108508331621	0.287277639686	5.68328690161e-05	
7.66	6.02853755684e-05	0.193750533208	0.000107920802415	0.287255194158	5.65398948254e-05	
7.68	5.99653770731e-05	0.193742587016	0.000107338032352	0.287232870881	5.62491801769e-05	
7.7	5.96479197756e-05	0.193734683271	0.000106759970165	0.287210668859	5.59607018382e-05	
7.72	5.93329768385e-05	0.193726821634	0.000106186565281	0.287188587107	5.56744368715e-05	
7.74	5.90205217785e-05	0.193719001769	0.000105617767801	0.28716662465	5.53903626295e-05	
7.76	5.87105284595e-05	0.193711223344	0.000105053528493	0.287144780524	5.51084567507e-05	
7.78	5.84029710881e-05	0.19370348603	0.000104493798783	0.287123053774	5.48286971543e-05	
7.8	5.80978242076e-05	0.193695789503	0.000103938530739	0.287101443458	5.45510620363e-05	
7.82	5.77950626932e-05	0.193688133441	0.000103387677066	0.287079948641	5.42755298648e-05	
7.84	5.74946617467e-05	0.193680517525	0.000102841191094	0.287058568401	5.40020793756e-05	
7.86	5.71965968906e-05	0.19367294144	0.000102299026769	0.287037301823	5.37306895679e-05	
7.88	5.69008439649e-05	0.193665404876	0.00010176113864	0.287016148003	5.34613397001e-05	
7.9	5.66073791205e-05	0.193657907522	0.000101227481854	0.286995106047	5.31940092855e-05	
7.92	5.63161788148e-05	0.193650449075	0.000100698012144	0.28697417507	5.29286780881e-05	
7.94	5.6027219808e-05	0.193643029232	0.00010017268582	0.286953354196	5.26653261185e-05	
7.96	5.57404791573e-05	0.193635647694	9.96514597615e-05	0.286932642558	5.24039336297e-05	
7.98	5.54559342125e-05	0.193628304165	9.91342914061e-05	0.286912039299	5.21444811131e-05	
8.0	5.51735626118e-05	0.193620998353	9.86211387433e-05	0.28689154357	5.18869492945e-05	
8.02	5.48933422779e-05	0.193613729967	9.81119603044e-05	0.286871154532	5.16313191298e-05	
8.04	5.46152514126e-05	0.193606498721	9.76067151544e-05	0.286850871354	5.13775718013e-05	
8.06	5.43392684928e-05	0.19359930433	9.71053628847e-05	0.286830693213	5.11256887134e-05	
8.08	5.40653722679e-05	0.193592146514	9.6607863604e-05	0.286810619296	5.08756514889e-05	
8.1	5.37935417529e-05	0.193585024995	9.61141779305e-05	0.286790648796	5.06274419647e-05	
8.12	5.35237562269e-05	0.193577939497	9.56242669843e-05	0.286770780917	5.03810421879e-05	
8.14	5.3255995228e-05	0.193570889747	9.51380923799e-05	0.28675101487	5.01364344115e-05	
8.16	5.29902385496e-05	0.193563875475	9.46556162189e-05	0.286731349873	4.98936010909e-05	
8.18	5.27264662363e-05	0.193556896416	9.41768010812e-05	0.286711785154	4.9652524879e-05	
8.2	5.24646585805e-05	0.193549952303	9.37016100196e-05	0.286692319948	4.94131886224e-05	
8.22	5.22047961192e-05	0.193543042875	9.32300065516e-05	0.286672953497	4.91755753572e-05	
8.24	5.19468596293e-05	0.193536167873	9.27619546527e-05	0.286653685052	4.89396683045e-05	
8.26	5.16908301242e-05	0.19352932704	9.22974187491e-05	0.28663451387	4.87054508656e-05	
8.28	5.14366888519e-05	0.193522520122	9.1836363712e-05	0.286615439216	4.84729066181e-05	
8.3	5.11844172893e-05	0.193515746868	9.13787548497e-05	0.286596460364	4.82420193106e-05	
8.32	5.09339971403e-05	0.193509007028	9.09245579015e-05	0.286577576593	4.80127728575e-05	
8.34	5.06854103318e-05	0.193502300355	9.04737390318e-05	0.286558787191	4.77851513347e-05	
8.36	5.04386390111e-05	0.193495626606	9.00262648233e-05	0.286540091452	4.75591389734e-05	
8.38	5.0193665542e-05	0.193488985539	8.95821022707e-05	0.286521488677	4.73347201545e-05	
8.4	4.99504725021e-05	0.193482376914	8.91412187756e-05	0.286502978175	4.71118794031e-05	
8.42	4.97090426791e-05	0.193475800494	8.87035821385e-05	0.28648455926	4.68906013812e-05	
8.44	4.9469359069e-05	0.193469256044	8.82691605552e-05	0.286466231255	4.66708708813e-05	
8.46	4.92314048716e-05	0.193462743331	8.78379226094e-05	0.286447993488	4.6452672819e-05	
8.48	4.89951634883e-05	0.193456262126	8.74098372681e-05	0.286429845295	4.62359922247e-05	
8.5	4.87606185196e-05	0.193449812199	8.69848738749e-05	0.286411786015	4.60208142349e-05	
8.52	4.85277537618e-05	0.193443393326	8.65630021458e-05	0.286393815	4.58071240823e-05	
8.54	4.82965532035e-05	0.193437005282	8.61441921626e-05	0.286375931601	4.55949070858e-05	
8.56	4.80670010244e-05	0.193430647847	8.57284143682e-05	0.286358135181	4.53841486381e-05	
8.58	4.78390815914e-05	0.1934243208	8.5315639562e-05	0.286340425106	4.5174834193e-05	
8.6	4.7612779456e-05	0.193418023924	8.49058388929e-05	0.286322800748	4.49669492507e-05	
8.62	4.73880793528e-05	0.193411757003	8.44989838567e-05	0.286305261489	4.47604793411e-05	
8.64	4.71649661951e-05	0.193405519825	8.40950462887e-05	0.286287806712	4.45554100057e-05	
8.66	4.69434250742e-05	0.193399312178	8.36939983611e-05	0.286270435808	4.4351726776e-05	
8.68	4.67234412557e-05	0.193393133854	8.32958125764e-05	0.286253148174	4.41494151494e-05	
8.7	4.65050001772e-05	0.193386984644	8.29004617635e-05	0.286235943214	4.3948460562e-05	
8.72	4.62880874467e-05	0.193380864343	8.25079190733e-05	0.286218820334	4.37488483565e-05	
8.74	4.60726888392e-05	0.193374772749	8.21181579736e-05	0.28620177895	4.35505637453e-05	
8.76	4.58587902947e-05	0.193368709658	8.17311522446e-05	0.286184818481	4.3353591768e-05	
8.78	4.56463779167e-05	0.193362674873	8.13468759751e-05	0.286167938351	4.31579172415e-05	
8.8	4.54354379685e-05	0.193356668195	8.09653035577e-05	0.286151137992	4.29635247016e-05	
8.82	4.52259568723e-05	0.193350689428	8.05864096847e-05	0.286134416839	4.27703983341e-05	
8.84	4.50179212063e-05	0.193344738379	8.02101693432e-05	0.286117774333	4.25785218937e-05	
8.86	4.48113177023e-05	0.193338814854	7.98365578124e-05	0.28610120992	4.23878786075e-05	
8.88	4.46061332443e-05	0.193332918664	7.94655506582e-05	0.286084723053	4.21984510599e-05	
8.9	4.44023548666e-05	0.193327049619	7.90971237302e-05	0.286068313188	4.20102210544e-05	
8.92	4.41999697503e-05	0.193321207532	7.87312531566e-05	0.286051979786	4.1823169448e-05	
8.94	4.39989652229e-05	0.193315392219	7.83679153416e-05	0.286035722315	4.16372759499e-05	
8.96	4.37993287559e-05	0.193309603495	7.80070869609e-05	0.286019540246	4.14525188773e-05	
8.98	4.36010479616e-05	0.193303841179	7.76487449582e-05	0.286003433055	4.12688748566e-05	
9.0	4.3404110593e-05	0.19329810509	7.72928665409e-05	0.285987400225	4.10863184566e-05	
9.02	4.32085045409e-05	0.19329239505	7.69394291778e-05	0.285971441241	4.09048217342e-05	
9.04	4.30142178323e-05	0.193286710881	7.65884105937e-05	0.285955555594	4.07243536704e-05	
9.06	4.28212386285e-05	0.193281052408	7.62397887678e-05	0.28593974278	4.05448794643e-05	
9.08	4.26295552227e-05	0.193275419458	7.58935419289e-05	0.2859240023	4.03663596437e-05	
9.1	4.24391560398e-05	0.193269811858	7.55496485525e-05	0.285908333657	4.01887489376e-05	
9.12	4.22500296333e-05	0.193264229437	7.52080873574e-05	0.285892736362	4.00119948357e-05	
9.14	4.20621646835e-05	0.193258672026	7.48688373024e-05	0.285877209927	3.98360357347e-05	
9.16	4.18755499968e-05	0.193253139457	7.45318775832e-05	0.285861753872	3.96607985321e-05	
9.18	4.16901745031e-05	0.193247631564	7.4197187629e-05	0.285846367717	3.94861954778e-05	
9.2	4.15060272552e-05	0.193242148183	7.38647470993e-05	0.285831050992	3.93121200146e-05	
9.22	4.13230974255e-05	0.19323668915	7.3534535881e-05	0.285815803226	3.91384412322e-05	
9.24	4.11413743066e-05	0.193231254303	7.32065340857e-05	0.285800623955	3.89649963934e-05	
9.26	4.09608473077e-05	0.193225843483	7.28807220456e-05	0.285785512719	3.87915807549e-05	
9.28	4.07815059542e-05	0.193220456529	7.25570803116e-05	0.28577046906	3.86179335416e-05	
9.3	4.06033398858e-05	0.193215093284	7.22355896505e-05	0.285755492527	3.84437183833e-05	
9.32	4.04263388559e-05	0.193209753593	7.1916231041e-05	0.285740582671	3.82684956804e-05	
9.34	4.02504927281e-05	0.1932044373	7.15989856717e-05	0.285725739048	3.8091683043e-05	
9.36	4.00757914766e-05	0.193199144252	7.12838349387e-05	0.285710961218	3.79124978817e-05	
9.38	3.99022251844e-05	0.193193874296	7.0970760442e-05	0.285696248743	3.77298729564e-05	
9.4	3.97297840414e-05	0.193188627283	7.0659743983e-05	0.285681601192	3.75423305242e-05	
9.42	3.95584583431e-05	0.193183403062	7.03507675627e-05	0.285667018136	3.73477926714e-05	
9.44	3.93882384896e-05	0.193178201486	7.0043813378e-05	0.28565249915	3.71432932967e-05	
9.46	3.92191149842e-05	0.193173022406	6.97388638194e-05	0.285638043811	3.69245405072e-05	
9.48	3.90510784316e-05	0.193167865679	6.94359014691e-05	0.285623651703	3.66852599965e-05	
9.5	3.88841195372e-05	0.193162731159	6.91349090978e-05	0.285609322412	3.6416245278e-05	
9.52	3.8718229105e-05	0.193157618703	6.88358696627e-05	0.285595055527	3.61040931514e-05	
9.54	3.8553398038e-05	0.19315252817	6.8538766305e-05	0.285580850641	3.57297995226e-05	
9.56	3.83896173347e-05	0.193147459417	6.82435823469e-05	0.285566707351	3.52678063095e-05	
9.58	3.82268780894e-05	0.193142412307	6.79503012904e-05	0.285552625258	3.46865405662e-05	
9.6	3.80651714907e-05	0.193137386701	6.76589068142e-05	0.285538603964	3.39512797707e-05	
9.62	3.790448882e-05	0.193132382462	6.73693827712e-05	0.285524643078	3.30287687003e-05	
9.64	3.7744821451e-05	0.193127399452	6.70817131874e-05	0.285510742208	3.18914846201e-05	
9.66	3.75861608473e-05	0.193122437539	6.67958822585e-05	0.28549690097	3.05197234798e-05	
9.68	3.74284985626e-05	0.193117496588	6.65118743482e-05	0.285483118981	2.89014428745e-05	
9.7	3.72718262386e-05	0.193112576466	6.62296739864e-05	0.28546939586	2.70309852458e-05	
9.72	3.71161356048e-05	0.193107677043	6.59492658666e-05	0.285455731231	2.49077739962e-05	
9.74	3.69614184763e-05	0.193102798187	6.56706348434e-05	0.285442124721	2.25356234519e-05	
9.76	3.68076667538e-05	0.19309793977	6.53937659322e-05	0.285428575961	1.99230832664e-05	
9.78	3.66548724217e-05	0.193093101663	6.5118644305e-05	0.285415084582	1.70854730464e-05	
9.8	3.65030275479e-05	0.193088283739	6.48452552901e-05	0.285401650222	1.40503002137e-05	
9.82	3.63521242817e-05	0.193083485873	6.45735843689e-05	0.285388272519	1.08711051415e-05	
9.84	3.62021548536e-05	0.193078707939	6.43036171752e-05	0.285374951116	7.66692815592e-06	
9.86	3.60531115744e-05	0.193073949813	6.4035339492e-05	0.285361685659	4.73984140053e-06	
9.88	3.59049868334e-05	0.193069211372	6.37687372508e-05	0.285348475796	2.63419466351e-06	
9.9	3.5757773098e-05	0.193064492495	6.35037965289e-05	0.285335321177	1.56611155067e-06	
9.92	3.56114629128e-05	0.19305979306	6.32405035483e-05	0.285322221456	1.02796176868e-06	
9.94	3.5466048899e-05	0.193055112949	6.29788446731e-05	0.285309176292	7.21830874392e-07	
9.96	3.53215237518e-05	0.19305045204	6.27188064084e-05	0.285296185344	5.31456415015e-07	
9.98	3.51778802417e-05	0.193045810217	6.24603753982e-05	0.285283248274	4.05375562778e-07	
10.0	3.50351112121e-05	0.193041187364	6.2203538424e-05	0.285270364748	3.17863922447e-07	
