Energy CP 	 ICP 	 Energy CN 	 ICN 	 FCP 	 FCN 	 IXMCD 	 FXMCD 	 IXMCDR 	 FXMCDR 
630.112631	 213610.000000	 629.894167	 0.351487	 0.000000	 0.000000	 213609.648513	 0.000000	 0.999997	 nan
630.367633	 0.337210	 630.144914	 0.344828	 0.000000	 0.000000	 -0.007618	 0.000000	 -0.011169	 nan
630.561650	 0.330993	 630.355577	 0.338105	 0.000000	 0.000000	 -0.007113	 0.000000	 -0.010630	 nan
630.754878	 0.324932	 630.556804	 0.331966	 0.000000	 0.000000	 -0.007034	 0.000000	 -0.010708	 nan
630.947859	 0.318450	 630.745214	 0.326113	 0.000000	 0.000000	 -0.007663	 0.000000	 -0.011889	 nan
631.149733	 0.311604	 630.932464	 0.319571	 0.000000	 0.000000	 -0.007967	 0.000000	 -0.012623	 nan
631.349323	 0.304875	 631.130735	 0.312604	 0.000000	 0.000000	 -0.007729	 0.000000	 -0.012517	 nan
631.544167	 0.298604	 631.329994	 0.306239	 0.000000	 0.000000	 -0.007635	 0.000000	 -0.012623	 nan
631.724461	 0.292552	 631.519545	 0.299942	 0.000000	 0.000000	 -0.007390	 0.000000	 -0.012472	 nan
631.906042	 0.286332	 631.710347	 0.293276	 0.000000	 0.000000	 -0.006943	 0.000000	 -0.011979	 nan
632.087954	 0.279207	 631.911335	 0.286038	 0.000000	 0.000000	 -0.006830	 0.000000	 -0.012084	 nan
632.283112	 0.272305	 632.104104	 0.279392	 0.000000	 0.000000	 -0.007086	 0.000000	 -0.012845	 nan
632.464736	 0.265732	 632.295575	 0.272797	 0.000000	 0.000000	 -0.007065	 0.000000	 -0.013119	 nan
632.648337	 0.258672	 632.474193	 0.266406	 0.000000	 0.000000	 -0.007734	 0.000000	 -0.014730	 nan
632.841780	 0.251026	 632.647063	 0.259288	 0.000000	 0.000000	 -0.008262	 0.000000	 -0.016190	 nan
633.039228	 0.243322	 632.835065	 0.252124	 0.000000	 0.000000	 -0.008802	 0.000000	 -0.017765	 nan
633.230070	 0.236096	 633.026013	 0.244859	 0.000000	 0.000000	 -0.008763	 0.000000	 -0.018219	 nan
633.415164	 0.228745	 633.208060	 0.237908	 0.000000	 0.000000	 -0.009163	 0.000000	 -0.019635	 nan
633.613424	 0.220527	 633.390988	 0.230130	 0.000000	 0.000000	 -0.009603	 0.000000	 -0.021309	 nan
633.820198	 0.212321	 633.591387	 0.222231	 0.000000	 0.000000	 -0.009910	 0.000000	 -0.022805	 nan
634.030088	 0.204537	 633.798283	 0.214518	 0.000000	 0.000000	 -0.009980	 0.000000	 -0.023817	 nan
634.229739	 0.196930	 633.990816	 0.206965	 0.000000	 0.000000	 -0.010035	 0.000000	 -0.024846	 nan
634.431306	 0.189185	 634.185898	 0.199387	 0.000000	 0.000000	 -0.010202	 0.000000	 -0.026255	 nan
634.616498	 0.180924	 634.374806	 0.191051	 0.000000	 0.000000	 -0.010127	 0.000000	 -0.027224	 nan
634.825116	 0.173114	 634.607810	 0.182542	 0.000000	 0.000000	 -0.009428	 0.000000	 -0.026509	 nan
635.024940	 0.165676	 634.822401	 0.174755	 0.000000	 0.000000	 -0.009079	 0.000000	 -0.026669	 nan
635.233501	 0.158529	 635.028483	 0.167026	 0.000000	 0.000000	 -0.008498	 0.000000	 -0.026103	 nan
635.411645	 0.150795	 635.227006	 0.159232	 0.000000	 0.000000	 -0.008437	 0.000000	 -0.027215	 nan
635.621149	 0.143374	 635.425790	 0.151479	 0.000000	 0.000000	 -0.008105	 0.000000	 -0.027489	 nan
635.820639	 0.136795	 635.630507	 0.144279	 0.000000	 0.000000	 -0.007484	 0.000000	 -0.026626	 nan
636.019837	 0.131445	 635.827096	 0.137725	 0.000000	 0.000000	 -0.006280	 0.000000	 -0.023329	 nan
636.216942	 0.127521	 636.023204	 0.132153	 0.000000	 0.000000	 -0.004632	 0.000000	 -0.017837	 nan
636.404830	 0.125861	 636.197444	 0.127675	 0.000000	 0.000000	 -0.001814	 0.000000	 -0.007154	 nan
636.588619	 0.128205	 636.411759	 0.125671	 0.000000	 0.000000	 0.002534	 0.000000	 0.009982	 nan
636.784267	 0.138018	 636.616457	 0.128063	 0.000000	 0.000000	 0.009955	 0.000000	 0.037412	 nan
636.971653	 0.162187	 636.808651	 0.137913	 0.000000	 0.000000	 0.024273	 0.000000	 0.080883	 nan
637.158175	 0.209517	 636.990077	 0.160784	 0.000000	 0.000000	 0.048734	 0.000000	 0.131606	 nan
637.355746	 0.272245	 637.170401	 0.205122	 0.000000	 0.000000	 0.067122	 0.000000	 0.140610	 nan
637.549310	 0.334408	 637.362508	 0.265632	 0.000000	 0.000000	 0.068776	 0.000000	 0.114619	 nan
637.742062	 0.391125	 637.554405	 0.325656	 0.000000	 0.000000	 0.065469	 0.000000	 0.091338	 nan
637.933582	 0.432472	 637.739780	 0.378979	 0.000000	 0.000000	 0.053492	 0.000000	 0.065922	 nan
638.125588	 0.447992	 637.921684	 0.421134	 0.000000	 0.000000	 0.026858	 0.000000	 0.030902	 nan
638.332773	 0.434968	 638.109593	 0.439976	 0.000000	 0.000000	 -0.005008	 0.000000	 -0.005724	 nan
638.527390	 0.404266	 638.290359	 0.429767	 0.000000	 0.000000	 -0.025501	 0.000000	 -0.030575	 nan
638.719842	 0.364413	 638.511747	 0.399818	 0.000000	 0.000000	 -0.035405	 0.000000	 -0.046328	 nan
638.916881	 0.319012	 638.705726	 0.361272	 0.000000	 0.000000	 -0.042260	 0.000000	 -0.062121	 nan
639.114227	 0.273753	 638.898470	 0.316559	 0.000000	 0.000000	 -0.042806	 0.000000	 -0.072514	 nan
639.318877	 0.232361	 639.108530	 0.271779	 0.000000	 0.000000	 -0.039418	 0.000000	 -0.078188	 nan
639.523143	 0.196700	 639.293866	 0.230801	 0.000000	 0.000000	 -0.034101	 0.000000	 -0.079768	 nan
639.715582	 0.168128	 639.516223	 0.196222	 0.000000	 0.000000	 -0.028095	 0.000000	 -0.077109	 nan
639.909258	 0.145247	 639.706230	 0.167969	 0.000000	 0.000000	 -0.022721	 0.000000	 -0.072542	 nan
640.110390	 0.128167	 639.899432	 0.145029	 0.000000	 0.000000	 -0.016861	 0.000000	 -0.061719	 nan
640.309449	 0.116217	 640.105187	 0.128042	 0.000000	 0.000000	 -0.011825	 0.000000	 -0.048411	 nan
640.503854	 0.107706	 640.288522	 0.116087	 0.000000	 0.000000	 -0.008380	 0.000000	 -0.037447	 nan
640.687885	 0.101422	 640.500703	 0.107676	 0.000000	 0.000000	 -0.006254	 0.000000	 -0.029909	 nan
640.877784	 0.096533	 640.690446	 0.101378	 0.000000	 0.000000	 -0.004845	 0.000000	 -0.024478	 nan
641.068311	 0.092942	 640.889720	 0.096465	 0.000000	 0.000000	 -0.003523	 0.000000	 -0.018602	 nan
641.251583	 0.090057	 641.085318	 0.092965	 0.000000	 0.000000	 -0.002909	 0.000000	 -0.015892	 nan
641.440874	 0.087980	 641.259074	 0.090234	 0.000000	 0.000000	 -0.002254	 0.000000	 -0.012649	 nan
641.625391	 0.086418	 641.455459	 0.088387	 0.000000	 0.000000	 -0.001969	 0.000000	 -0.011265	 nan
641.829801	 0.085220	 641.636272	 0.086952	 0.000000	 0.000000	 -0.001732	 0.000000	 -0.010061	 nan
642.034245	 0.084435	 641.833355	 0.085918	 0.000000	 0.000000	 -0.001483	 0.000000	 -0.008704	 nan
642.225218	 0.083967	 642.028583	 0.085048	 0.000000	 0.000000	 -0.001081	 0.000000	 -0.006395	 nan
642.404954	 0.083759	 642.206421	 0.084601	 0.000000	 0.000000	 -0.000842	 0.000000	 -0.005004	 nan
642.591904	 0.083762	 642.408372	 0.084445	 0.000000	 0.000000	 -0.000682	 0.000000	 -0.004056	 nan
642.778961	 0.083829	 642.598339	 0.084358	 0.000000	 0.000000	 -0.000529	 0.000000	 -0.003145	 nan
642.974240	 0.083906	 642.800580	 0.084328	 0.000000	 0.000000	 -0.000422	 0.000000	 -0.002511	 nan
643.178179	 0.083935	 642.993560	 0.084379	 0.000000	 0.000000	 -0.000444	 0.000000	 -0.002637	 nan
643.378752	 0.083866	 643.159042	 0.084366	 0.000000	 0.000000	 -0.000500	 0.000000	 -0.002972	 nan
643.598635	 0.083461	 643.375471	 0.084221	 0.000000	 0.000000	 -0.000761	 0.000000	 -0.004536	 nan
643.823114	 0.082841	 643.590295	 0.083832	 0.000000	 0.000000	 -0.000991	 0.000000	 -0.005944	 nan
644.037619	 0.081946	 643.809943	 0.083082	 0.000000	 0.000000	 -0.001136	 0.000000	 -0.006884	 nan
644.242274	 0.080988	 644.025528	 0.082263	 0.000000	 0.000000	 -0.001275	 0.000000	 -0.007812	 nan
644.447057	 0.079949	 644.216111	 0.081251	 0.000000	 0.000000	 -0.001301	 0.000000	 -0.008073	 nan
644.658844	 0.078680	 644.447743	 0.080131	 0.000000	 0.000000	 -0.001451	 0.000000	 -0.009134	 nan
644.875656	 0.077199	 644.666880	 0.078688	 0.000000	 0.000000	 -0.001489	 0.000000	 -0.009550	 nan
645.081930	 0.075791	 644.883033	 0.077357	 0.000000	 0.000000	 -0.001567	 0.000000	 -0.010230	 nan
645.278975	 0.074343	 645.073880	 0.076019	 0.000000	 0.000000	 -0.001675	 0.000000	 -0.011142	 nan
645.488024	 0.072760	 645.275006	 0.074539	 0.000000	 0.000000	 -0.001779	 0.000000	 -0.012079	 nan
645.699442	 0.071077	 645.487284	 0.072870	 0.000000	 0.000000	 -0.001793	 0.000000	 -0.012458	 nan
645.904572	 0.069427	 645.695133	 0.071240	 0.000000	 0.000000	 -0.001812	 0.000000	 -0.012884	 nan
646.109306	 0.067822	 645.899831	 0.069676	 0.000000	 0.000000	 -0.001853	 0.000000	 -0.013477	 nan
646.288149	 0.066157	 646.088655	 0.068075	 0.000000	 0.000000	 -0.001918	 0.000000	 -0.014292	 nan
646.494984	 0.064264	 646.285022	 0.066301	 0.000000	 0.000000	 -0.002038	 0.000000	 -0.015609	 nan
646.706148	 0.062515	 646.489709	 0.064463	 0.000000	 0.000000	 -0.001947	 0.000000	 -0.015336	 nan
646.906086	 0.060947	 646.699486	 0.062763	 0.000000	 0.000000	 -0.001816	 0.000000	 -0.014683	 nan
647.094585	 0.059575	 646.892974	 0.061228	 0.000000	 0.000000	 -0.001653	 0.000000	 -0.013682	 nan
647.275928	 0.058268	 647.074348	 0.059782	 0.000000	 0.000000	 -0.001513	 0.000000	 -0.012820	 nan
647.459954	 0.057152	 647.265907	 0.058334	 0.000000	 0.000000	 -0.001182	 0.000000	 -0.010239	 nan
647.650304	 0.056508	 647.464130	 0.057279	 0.000000	 0.000000	 -0.000771	 0.000000	 -0.006772	 nan
647.837317	 0.056473	 647.653142	 0.056653	 0.000000	 0.000000	 -0.000180	 0.000000	 -0.001592	 nan
648.037708	 0.057456	 647.835082	 0.056641	 0.000000	 0.000000	 0.000815	 0.000000	 0.007145	 nan
648.249391	 0.059764	 648.023302	 0.057555	 0.000000	 0.000000	 0.002209	 0.000000	 0.018830	 nan
648.463802	 0.063016	 648.232866	 0.059954	 0.000000	 0.000000	 0.003062	 0.000000	 0.024900	 nan
648.676241	 0.065605	 648.454269	 0.063427	 0.000000	 0.000000	 0.002177	 0.000000	 0.016875	 nan
648.880892	 0.066509	 648.668093	 0.066293	 0.000000	 0.000000	 0.000216	 0.000000	 0.001627	 nan
649.092928	 0.065443	 648.868368	 0.067484	 0.000000	 0.000000	 -0.002041	 0.000000	 -0.015353	 nan
649.315682	 0.062969	 649.079050	 0.066732	 0.000000	 0.000000	 -0.003763	 0.000000	 -0.029010	 nan
649.535508	 0.059745	 649.295542	 0.064499	 0.000000	 0.000000	 -0.004754	 0.000000	 -0.038265	 nan
649.739636	 0.056089	 649.511263	 0.061265	 0.000000	 0.000000	 -0.005176	 0.000000	 -0.044106	 nan
649.940856	 0.051663	 649.723947	 0.057440	 0.000000	 0.000000	 -0.005777	 0.000000	 -0.052948	 nan
650.154108	 0.046491	 649.926265	 0.052837	 0.000000	 0.000000	 -0.006346	 0.000000	 -0.063891	 nan
650.367885	 0.041110	 650.138495	 0.047493	 0.000000	 0.000000	 -0.006382	 0.000000	 -0.072030	 nan
650.579677	 0.036205	 650.358485	 0.042088	 0.000000	 0.000000	 -0.005883	 0.000000	 -0.075143	 nan
650.778175	 0.031998	 650.567422	 0.037063	 0.000000	 0.000000	 -0.005065	 0.000000	 -0.073338	 nan
650.975487	 0.028158	 650.764076	 0.032505	 0.000000	 0.000000	 -0.004347	 0.000000	 -0.071655	 nan
651.182930	 0.025189	 650.965730	 0.028529	 0.000000	 0.000000	 -0.003340	 0.000000	 -0.062173	 nan
651.382905	 0.023068	 651.171377	 0.025434	 0.000000	 0.000000	 -0.002366	 0.000000	 -0.048781	 nan
651.568473	 0.021653	 651.370909	 0.023198	 0.000000	 0.000000	 -0.001545	 0.000000	 -0.034442	 nan
651.745715	 0.020686	 651.565186	 0.021699	 0.000000	 0.000000	 -0.001013	 0.000000	 -0.023898	 nan
651.936288	 0.020037	 651.747756	 0.020677	 0.000000	 0.000000	 -0.000640	 0.000000	 -0.015730	 nan
652.128668	 0.019659	 651.935905	 0.019968	 0.000000	 0.000000	 -0.000310	 0.000000	 -0.007818	 nan
652.330140	 0.019418	 652.132844	 0.019558	 0.000000	 0.000000	 -0.000140	 0.000000	 -0.003582	 nan
652.529211	 0.019308	 652.331601	 0.019313	 0.000000	 0.000000	 -0.000004	 0.000000	 -0.000116	 nan
652.736565	 0.019261	 652.521055	 0.019146	 0.000000	 0.000000	 0.000115	 0.000000	 0.002987	 nan
652.954165	 0.019242	 652.731223	 0.019101	 0.000000	 0.000000	 0.000142	 0.000000	 0.003696	 nan
653.178673	 0.019201	 652.953293	 0.019052	 0.000000	 0.000000	 0.000149	 0.000000	 0.003893	 nan
653.398611	 0.019169	 653.178432	 0.019014	 0.000000	 0.000000	 0.000155	 0.000000	 0.004063	 nan
653.604904	 0.019081	 653.393109	 0.018966	 0.000000	 0.000000	 0.000116	 0.000000	 0.003038	 nan
653.823809	 0.018977	 653.602274	 0.018878	 0.000000	 0.000000	 0.000099	 0.000000	 0.002615	 nan
654.050178	 0.018855	 653.819616	 0.018817	 0.000000	 0.000000	 0.000038	 0.000000	 0.001019	 nan
654.267962	 0.018721	 654.043005	 0.018705	 0.000000	 0.000000	 0.000016	 0.000000	 0.000420	 nan
654.477926	 0.018524	 654.263323	 0.018544	 0.000000	 0.000000	 -0.000020	 0.000000	 -0.000536	 nan
654.686410	 0.018324	 654.470889	 0.018373	 0.000000	 0.000000	 -0.000050	 0.000000	 -0.001349	 nan
654.891503	 0.018120	 654.674285	 0.018190	 0.000000	 0.000000	 -0.000070	 0.000000	 -0.001915	 nan
655.114835	 0.017859	 654.895659	 0.017940	 0.000000	 0.000000	 -0.000081	 0.000000	 -0.002254	 nan
655.332194	 0.017652	 655.118259	 0.017726	 0.000000	 0.000000	 -0.000073	 0.000000	 -0.002073	 nan
655.530140	 0.017409	 655.329987	 0.017493	 0.000000	 0.000000	 -0.000084	 0.000000	 -0.002412	 nan
655.736640	 0.017162	 655.530235	 0.017233	 0.000000	 0.000000	 -0.000071	 0.000000	 -0.002064	 nan
655.946752	 0.016943	 655.739529	 0.017003	 0.000000	 0.000000	 -0.000060	 0.000000	 -0.001765	 nan
656.132889	 0.016707	 655.947435	 0.016768	 0.000000	 0.000000	 -0.000061	 0.000000	 -0.001817	 nan
656.352047	 0.016520	 656.155029	 0.016532	 0.000000	 0.000000	 -0.000012	 0.000000	 -0.000354	 nan
656.517175	 0.016316	 656.345409	 0.016335	 0.000000	 0.000000	 -0.000019	 0.000000	 -0.000578	 nan
656.709632	 0.016113	 656.533784	 0.016129	 0.000000	 0.000000	 -0.000016	 0.000000	 -0.000504	 nan
656.914702	 0.015969	 656.722267	 0.015965	 0.000000	 0.000000	 0.000003	 0.000000	 0.000108	 nan
657.107489	 0.015795	 656.915138	 0.015773	 0.000000	 0.000000	 0.000022	 0.000000	 0.000702	 nan
657.295805	 0.015680	 657.113095	 0.015641	 0.000000	 0.000000	 0.000039	 0.000000	 0.001247	 nan
657.494631	 0.015543	 657.309002	 0.015485	 0.000000	 0.000000	 0.000058	 0.000000	 0.001861	 nan
657.716713	 0.015438	 657.513998	 0.015373	 0.000000	 0.000000	 0.000065	 0.000000	 0.002101	 nan
657.937808	 0.015361	 657.736784	 0.015247	 0.000000	 0.000000	 0.000114	 0.000000	 0.003711	 nan
658.139488	 0.015312	 657.953103	 0.015193	 0.000000	 0.000000	 0.000119	 0.000000	 0.003911	 nan
658.357503	 0.015277	 658.161312	 0.015136	 0.000000	 0.000000	 0.000142	 0.000000	 0.004658	 nan
658.548507	 0.015251	 658.364759	 0.015129	 0.000000	 0.000000	 0.000121	 0.000000	 0.003995	 nan
658.758229	 0.015276	 658.574117	 0.015092	 0.000000	 0.000000	 0.000184	 0.000000	 0.006073	 nan
658.970162	 0.015315	 658.786774	 0.015118	 0.000000	 0.000000	 0.000197	 0.000000	 0.006471	 nan
659.177969	 0.015343	 658.999171	 0.015132	 0.000000	 0.000000	 0.000211	 0.000000	 0.006915	 nan
659.408715	 0.015399	 659.224093	 0.015196	 0.000000	 0.000000	 0.000203	 0.000000	 0.006627	 nan
659.614612	 0.015493	 659.422884	 0.015247	 0.000000	 0.000000	 0.000246	 0.000000	 0.008012	 nan
659.839057	 0.015570	 659.650920	 0.015349	 0.000000	 0.000000	 0.000221	 0.000000	 0.007156	 nan
660.058138	 0.015674	 659.872509	 0.015430	 0.000000	 0.000000	 0.000244	 0.000000	 0.007855	 nan
660.235107	 0.015782	 660.093052	 0.015543	 0.000000	 0.000000	 0.000240	 0.000000	 0.007650	 nan
