Q 	 ICP 	  ICN 	 ILH 	 ILV 	 IXMCDR  
2.77824e-05	 6.8193e-12	 1.3026e-12	 7.2624e-12	 7.4879e-12	 5.5167e-12	 0.679238
0.000625175	 9.4965e-14	 9.6734e-14	 9.9376e-14	 1.0026e-13	 -1.769e-15	 -0.00922801
0.00125036	 2.3067e-13	 2.3661e-13	 2.6465e-13	 2.6533e-13	 -5.94e-15	 -0.0127119
0.00187553	 3.6649e-13	 3.8066e-13	 3.9594e-13	 4.0099e-13	 -1.417e-14	 -0.0189654
0.0025007	 5.013e-13	 5.0818e-13	 4.9188e-13	 4.9996e-13	 -6.88e-15	 -0.00681539
0.00312587	 5.458e-13	 5.64e-13	 5.8458e-13	 6.0118e-13	 -1.82e-14	 -0.0163994
0.00375102	 6.7814e-13	 6.9114e-13	 6.5886e-13	 6.8285e-13	 -1.3e-14	 -0.00949404
0.00437616	 8.0983e-13	 8.314e-13	 7.7841e-13	 6.3113e-13	 -2.157e-14	 -0.0131426
0.00500129	 8.439e-13	 8.4719e-13	 8.1545e-13	 8.6782e-13	 -3.29e-15	 -0.00194549
0.0056264	 9.3202e-13	 9.4262e-13	 8.2515e-13	 9.5401e-13	 -1.06e-14	 -0.00565442
0.00625149	 1.0483e-12	 1.0616e-12	 1.0191e-12	 1.0725e-12	 -1.33e-14	 -0.00630362
0.00687657	 1.0463e-12	 1.0607e-12	 1.1571e-12	 1.1956e-12	 -1.44e-14	 -0.00683436
0.00750162	 1.3761e-12	 1.3898e-12	 1.348e-12	 1.3918e-12	 -1.37e-14	 -0.00495318
0.00812666	 1.3633e-12	 1.3702e-12	 1.3357e-12	 1.3696e-12	 -6.9e-15	 -0.00252424
0.00875166	 1.4389e-12	 1.4382e-12	 1.4024e-12	 1.4594e-12	 7e-16	 0.000243301
0.00937664	 1.5469e-12	 1.5433e-12	 1.5108e-12	 1.5737e-12	 3.6e-15	 0.00116497
0.0100016	 1.6965e-12	 1.7132e-12	 1.6513e-12	 1.5576e-12	 -1.67e-14	 -0.00489779
0.0106265	 1.9426e-12	 1.9595e-12	 1.5202e-12	 1.9956e-12	 -1.69e-14	 -0.004331
0.0112514	 1.969e-12	 1.9899e-12	 1.9426e-12	 2.0139e-12	 -2.09e-14	 -0.00527924
0.0118763	 2.0236e-12	 2.0465e-12	 1.9951e-12	 2.0813e-12	 -2.29e-14	 -0.0056264
0.0125011	 2.0958e-12	 2.1217e-12	 2.066e-12	 2.1568e-12	 -2.59e-14	 -0.00614108
0.0131259	 2.1724e-12	 2.1989e-12	 2.158e-12	 2.2347e-12	 -2.65e-14	 -0.00606227
0.0137506	 2.3849e-12	 2.4177e-12	 2.4071e-12	 2.5227e-12	 -3.28e-14	 -0.00682963
0.0143753	 2.3678e-12	 2.3916e-12	 2.3918e-12	 2.4965e-12	 -2.38e-14	 -0.00500063
0.015	 2.4387e-12	 2.4546e-12	 2.3482e-12	 2.5813e-12	 -1.59e-14	 -0.00324934
0.0156246	 2.5367e-12	 2.5542e-12	 2.6314e-12	 2.6632e-12	 -1.75e-14	 -0.00343751
0.0162491	 2.6639e-12	 2.6814e-12	 2.8204e-12	 2.8251e-12	 -1.75e-14	 -0.0032739
0.0168736	 2.395e-12	 2.3876e-12	 3.1748e-12	 3.1721e-12	 7.4e-15	 0.00154728
0.0174981	 2.9242e-12	 2.9195e-12	 3.1095e-12	 3.1323e-12	 4.7e-15	 0.000804285
0.0181225	 2.9605e-12	 2.9705e-12	 3.1354e-12	 3.1861e-12	 -1e-14	 -0.00168606
0.0187469	 3.6793e-12	 3.6433e-12	 3.8462e-12	 3.9058e-12	 3.6e-14	 0.00491629
0.0193712	 3.9847e-12	 3.9065e-12	 4.0602e-12	 3.8844e-12	 7.82e-14	 0.00990977
0.0199954	 4.3613e-12	 4.278e-12	 3.6944e-12	 4.5079e-12	 8.33e-14	 0.00964198
0.0206196	 4.1771e-12	 4.1473e-12	 4.4068e-12	 4.3996e-12	 2.98e-14	 0.00357984
0.0212437	 4.146e-12	 4.114e-12	 4.3649e-12	 4.3896e-12	 3.2e-14	 0.00387409
0.0218677	 4.0723e-12	 4.0883e-12	 4.3368e-12	 4.3474e-12	 -1.6e-14	 -0.00196064
0.0224917	 4.0265e-12	 4.0282e-12	 4.3338e-12	 4.3543e-12	 -1.7e-15	 -0.000211057
0.0231156	 4.1729e-12	 4.2076e-12	 4.5255e-12	 4.4953e-12	 -3.47e-14	 -0.00414056
0.0237395	 3.9986e-12	 4.0435e-12	 4.3599e-12	 4.3001e-12	 -4.49e-14	 -0.00558312
0.0243632	 3.9606e-12	 4.0036e-12	 4.2886e-12	 4.2268e-12	 -4.3e-14	 -0.00539916
0.0249869	 3.9025e-12	 3.965e-12	 4.2323e-12	 4.1768e-12	 -6.25e-14	 -0.00794407
0.0256106	 3.8743e-12	 3.9688e-12	 4.1706e-12	 4.1347e-12	 -9.45e-14	 -0.0120488
0.0262341	 3.8954e-12	 4.0051e-12	 4.1874e-12	 4.1712e-12	 -1.097e-13	 -0.0138852
0.0268576	 3.6762e-12	 3.8123e-12	 3.949e-12	 3.9273e-12	 -1.361e-13	 -0.0181745
0.0274809	 3.5326e-12	 3.685e-12	 3.7862e-12	 3.7763e-12	 -1.524e-13	 -0.0211151
0.0281042	 3.4046e-12	 3.5715e-12	 3.6456e-12	 3.6567e-12	 -1.669e-13	 -0.0239245
0.0287274	 3.2944e-12	 3.4515e-12	 3.5094e-12	 3.5198e-12	 -1.571e-13	 -0.0232882
0.0293506	 3.2452e-12	 3.3907e-12	 3.446e-12	 3.4453e-12	 -1.455e-13	 -0.0219262
0.0299736	 2.9728e-12	 3.1528e-12	 3.1832e-12	 3.2119e-12	 -1.8e-13	 -0.0293849
0.0305965	 2.7956e-12	 2.9652e-12	 2.9839e-12	 3.0148e-12	 -1.696e-13	 -0.0294404
0.0312194	 2.6329e-12	 2.7938e-12	 2.7932e-12	 2.7811e-12	 -1.609e-13	 -0.0296497
0.0318421	 2.468e-12	 2.6099e-12	 2.6115e-12	 2.6454e-12	 -1.419e-13	 -0.0279446
0.0324648	 2.3367e-12	 2.4562e-12	 2.4694e-12	 2.4854e-12	 -1.195e-13	 -0.0249327
0.0330874	 2.1045e-12	 2.2231e-12	 2.2286e-12	 2.2494e-12	 -1.186e-13	 -0.0274055
0.0337098	 1.9143e-12	 2.0263e-12	 2.0354e-12	 2.0394e-12	 -1.12e-13	 -0.0284221
0.0343322	 1.7436e-12	 1.8492e-12	 1.852e-12	 1.8472e-12	 -1.056e-13	 -0.0293921
0.0349544	 1.5781e-12	 1.673e-12	 1.6774e-12	 1.6631e-12	 -9.49e-14	 -0.0291901
0.0355766	 1.4458e-12	 1.5316e-12	 1.5326e-12	 1.5108e-12	 -8.58e-14	 -0.0288171
0.0361986	 1.2689e-12	 1.3517e-12	 1.351e-12	 1.3299e-12	 -8.28e-14	 -0.0315958
0.0368205	 1.1261e-12	 1.1967e-12	 1.1984e-12	 1.1684e-12	 -7.06e-14	 -0.0303944
0.0374423	 9.9918e-13	 1.0619e-12	 1.0617e-12	 1.0352e-12	 -6.272e-14	 -0.0304306
0.038064	 8.8551e-13	 9.4326e-13	 9.4285e-13	 9.1175e-13	 -5.775e-14	 -0.0315786
0.0386856	 7.9001e-13	 8.4742e-13	 8.4608e-13	 8.1652e-13	 -5.741e-14	 -0.035061
0.0393071	 6.9443e-13	 7.4228e-13	 7.3762e-13	 7.1219e-13	 -4.785e-14	 -0.0333053
0.0399284	 6.2811e-13	 6.6125e-13	 6.6711e-13	 6.4052e-13	 -3.314e-14	 -0.0257027
0.0405497	 5.6433e-13	 5.9382e-13	 6.0501e-13	 5.7912e-13	 -2.949e-14	 -0.025463
0.0411708	 5.1343e-13	 5.2847e-13	 5.5568e-13	 5.2952e-13	 -1.504e-14	 -0.0144352
0.0417917	 4.9302e-13	 4.9909e-13	 5.2183e-13	 4.9786e-13	 -6.07e-15	 -0.00611827
0.0424126	 4.6609e-13	 4.5992e-13	 4.8648e-13	 4.6318e-13	 6.17e-15	 0.006663
0.0430333	 4.4452e-13	 4.3583e-13	 4.6331e-13	 4.397e-13	 8.69e-15	 0.00987107
0.0436539	 4.3368e-13	 4.1578e-13	 4.4829e-13	 4.2435e-13	 1.79e-14	 0.0210722
0.0442743	 4.2166e-13	 3.9905e-13	 4.3643e-13	 4.1405e-13	 2.261e-14	 0.0275493
0.0448947	 4.2435e-13	 3.887e-13	 4.3623e-13	 4.116e-13	 3.565e-14	 0.0438472
0.0455148	 4.2008e-13	 3.7914e-13	 4.2741e-13	 4.0354e-13	 4.094e-14	 0.0512249
0.0461349	 4.1678e-13	 3.7178e-13	 4.2155e-13	 3.9915e-13	 4.5e-14	 0.057066
0.0467548	 4.1365e-13	 3.6656e-13	 4.1853e-13	 3.9465e-13	 4.709e-14	 0.0603555
0.0473746	 4.0847e-13	 3.6184e-13	 4.1077e-13	 3.8955e-13	 4.663e-14	 0.0605341
0.0479942	 4.0374e-13	 3.5923e-13	 4.03e-13	 3.8489e-13	 4.451e-14	 0.0583378
0.0486136	 3.8895e-13	 3.4778e-13	 3.913e-13	 3.7239e-13	 4.117e-14	 0.0558821
0.049233	 3.7321e-13	 3.3841e-13	 3.755e-13	 3.5995e-13	 3.48e-14	 0.0489025
0.0498521	 3.554e-13	 3.2434e-13	 3.5922e-13	 3.4517e-13	 3.106e-14	 0.0456939
0.0504712	 3.3261e-13	 3.0966e-13	 3.3972e-13	 3.226e-13	 2.295e-14	 0.0357326
0.05109	 3.0623e-13	 2.942e-13	 3.1757e-13	 3.0302e-13	 1.203e-14	 0.0200356
0.0517087	 2.7773e-13	 2.7146e-13	 2.9151e-13	 2.7635e-13	 6.27e-15	 0.0114168
0.0523273	 2.4914e-13	 2.4861e-13	 2.6286e-13	 2.5001e-13	 5.3e-16	 0.00106479
0.0529457	 2.1933e-13	 2.2433e-13	 2.3485e-13	 2.2306e-13	 -5e-15	 -0.0112699
0.0535639	 1.9086e-13	 1.995e-13	 2.0585e-13	 1.9564e-13	 -8.64e-15	 -0.0221334
0.054182	 1.6556e-13	 1.7448e-13	 1.7841e-13	 1.6971e-13	 -8.92e-15	 -0.0262322
0.0547999	 1.3791e-13	 1.4828e-13	 1.4942e-13	 1.4262e-13	 -1.037e-14	 -0.0362347
0.0554176	 1.1313e-13	 1.2364e-13	 1.232e-13	 1.1821e-13	 -1.051e-14	 -0.0443891
0.0560352	 9.0719e-14	 1.0014e-13	 9.9583e-14	 9.5723e-14	 -9.421e-15	 -0.049361
0.0566526	 7.0446e-14	 8.029e-14	 7.7316e-14	 7.4373e-14	 -9.844e-15	 -0.0653062
0.0572698	 5.0951e-14	 6.3371e-14	 5.9993e-14	 5.7839e-14	 -1.242e-14	 -0.108641
0.0578869	 3.7819e-14	 4.7204e-14	 4.3298e-14	 4.2419e-14	 -9.385e-15	 -0.110382
0.0585037	 2.567e-14	 3.4659e-14	 3.0046e-14	 2.9843e-14	 -8.989e-15	 -0.149
0.0591204	 1.6127e-14	 2.4232e-14	 1.9817e-14	 1.9913e-14	 -8.105e-15	 -0.200823
0.059737	 9.1542e-15	 1.6082e-14	 1.2291e-14	 1.2369e-14	 -6.9278e-15	 -0.274518
0.0603533	 4.2066e-15	 9.998e-15	 6.3842e-15	 6.6108e-15	 -5.7914e-15	 -0.407713
0.0609694	 2.0216e-15	 5.7087e-15	 3.7138e-15	 3.6535e-15	 -3.6871e-15	 -0.476967
0.0615854	 1.6177e-15	 3.0884e-15	 2.6766e-15	 2.3626e-15	 -1.4707e-15	 -0.312509
0.0622012	 2.8977e-15	 2.4795e-15	 3.2823e-15	 2.6617e-15	 4.182e-16	 0.0777728
0.0628168	 5.5865e-15	 3.2291e-15	 5.2337e-15	 4.2826e-15	 2.3574e-15	 0.267412
0.0634322	 9.5958e-15	 5.2402e-15	 8.4948e-15	 7.0065e-15	 4.3556e-15	 0.293583
0.0640474	 1.4732e-14	 8.5028e-15	 1.2922e-14	 1.097e-14	 6.2292e-15	 0.268098
0.0646624	 2.0395e-14	 1.2264e-14	 1.7413e-14	 1.5402e-14	 8.131e-15	 0.248967
0.0652772	 2.6282e-14	 1.7184e-14	 2.3011e-14	 2.0027e-14	 9.098e-15	 0.209313
0.0658918	 3.186e-14	 2.2194e-14	 2.856e-14	 2.497e-14	 9.666e-15	 0.178821
0.0665062	 3.827e-14	 2.7585e-14	 3.4277e-14	 3.0084e-14	 1.0685e-14	 0.16225
0.0671204	 4.2896e-14	 3.1759e-14	 3.8859e-14	 3.4218e-14	 1.1137e-14	 0.14918
0.0677344	 4.7044e-14	 3.6108e-14	 4.2219e-14	 3.7595e-14	 1.0936e-14	 0.131518
0.0683482	 5.0358e-14	 3.9548e-14	 4.6445e-14	 3.9966e-14	 1.081e-14	 0.120237
0.0689618	 5.2895e-14	 4.225e-14	 4.8949e-14	 4.2613e-14	 1.0645e-14	 0.111882
0.0695752	 5.4853e-14	 4.438e-14	 5.119e-14	 4.4368e-14	 1.0473e-14	 0.105539
0.0701884	 5.5018e-14	 4.4809e-14	 5.1406e-14	 4.4397e-14	 1.0209e-14	 0.102267
0.0708013	 5.4941e-14	 4.4821e-14	 5.1135e-14	 4.4169e-14	 1.012e-14	 0.101441
0.0714141	 5.3996e-14	 4.4114e-14	 5.0403e-14	 4.347e-14	 9.882e-15	 0.100724
0.0720266	 5.2599e-14	 4.2838e-14	 4.9038e-14	 4.2086e-14	 9.761e-15	 0.102277
0.0726389	 5.1195e-14	 4.1286e-14	 4.7527e-14	 4.0814e-14	 9.909e-15	 0.107146
0.073251	 4.8246e-14	 3.8678e-14	 4.4602e-14	 3.8566e-14	 9.568e-15	 0.110073
0.0738628	 4.5505e-14	 3.6044e-14	 4.1708e-14	 3.6209e-14	 9.461e-15	 0.116016
0.0744745	 4.2767e-14	 3.3424e-14	 3.8902e-14	 3.3939e-14	 9.343e-15	 0.122626
0.0750859	 3.9964e-14	 3.0861e-14	 3.6064e-14	 3.1585e-14	 9.103e-15	 0.128528
0.075697	 3.7526e-14	 2.8716e-14	 3.3477e-14	 2.944e-14	 8.81e-15	 0.132997
0.076308	 3.4479e-14	 2.6164e-14	 3.0508e-14	 2.6917e-14	 8.315e-15	 0.137114
0.0769187	 3.1611e-14	 2.3978e-14	 2.7881e-14	 2.4661e-14	 7.633e-15	 0.137311
0.0775292	 2.8795e-14	 2.1773e-14	 2.5259e-14	 2.2395e-14	 7.022e-15	 0.138863
0.0781394	 2.5976e-14	 1.9652e-14	 2.2609e-14	 2.0152e-14	 6.324e-15	 0.138599
0.0787494	 2.3237e-14	 1.7585e-14	 2.0171e-14	 1.8063e-14	 5.652e-15	 0.138455
0.0793592	 2.0329e-14	 1.5329e-14	 1.7545e-14	 1.5763e-14	 5e-15	 0.140221
0.0799687	 1.765e-14	 1.3282e-14	 1.5133e-14	 1.3621e-14	 4.368e-15	 0.141213
0.080578	 1.5194e-14	 1.1379e-14	 1.2919e-14	 1.1702e-14	 3.815e-15	 0.143567
0.081187	 1.2914e-14	 9.6e-15	 1.0845e-14	 9.8965e-15	 3.314e-15	 0.147197
0.0817958	 1.0895e-14	 8.0108e-15	 9.0219e-15	 8.2847e-15	 2.8842e-15	 0.152556
0.0824044	 8.924e-15	 6.4565e-15	 6.8366e-15	 6.3361e-15	 2.4675e-15	 0.16043
0.0830126	 7.2036e-15	 4.7778e-15	 5.4252e-15	 5.0967e-15	 2.4258e-15	 0.202464
0.0836207	 5.7515e-15	 3.7127e-15	 4.21e-15	 4.005e-15	 2.0388e-15	 0.215422
0.0842285	 4.2663e-15	 2.8011e-15	 3.2041e-15	 3.116e-15	 1.4652e-15	 0.207318
0.084836	 3.4016e-15	 2.0917e-15	 2.4269e-15	 2.4184e-15	 1.3099e-15	 0.238454
0.0854432	 2.6862e-15	 1.5451e-15	 1.8322e-15	 1.8691e-15	 1.1411e-15	 0.269681
0.0860503	 2.187e-15	 1.157e-15	 1.4293e-15	 1.4869e-15	 1.03e-15	 0.308014
0.086657	 1.8616e-15	 8.7303e-16	 1.1621e-15	 1.2284e-15	 9.8857e-16	 0.3615
0.0872635	 1.6827e-15	 6.5482e-16	 9.998e-16	 1.0676e-15	 1.02788e-15	 0.439731
0.0878697	 1.6557e-15	 4.8098e-16	 9.4337e-16	 9.9644e-16	 1.17472e-15	 0.549788
0.0884756	 1.7393e-15	 3.7266e-16	 9.7238e-16	 9.9957e-16	 1.36664e-15	 0.647096
0.0890813	 1.967e-15	 3.2039e-16	 1.1047e-15	 1.0901e-15	 1.64661e-15	 0.719864
0.0896867	 2.3343e-15	 3.3843e-16	 1.3373e-15	 1.2586e-15	 1.99587e-15	 0.746753
0.0902918	 2.8229e-15	 4.3624e-16	 1.6774e-15	 1.5143e-15	 2.38666e-15	 0.732297
0.0908967	 3.4684e-15	 6.2969e-16	 2.1315e-15	 1.8714e-15	 2.83871e-15	 0.692691
0.0915013	 4.2008e-15	 9.1096e-16	 2.6731e-15	 2.2818e-15	 3.28984e-15	 0.643583
0.0921056	 5.0907e-15	 1.2948e-15	 3.3451e-15	 2.7978e-15	 3.7959e-15	 0.594456
0.0927096	 6.3222e-15	 1.8394e-15	 4.1423e-15	 3.4071e-15	 4.4828e-15	 0.549255
0.0933133	 7.6004e-15	 2.4953e-15	 5.0513e-15	 4.0917e-15	 5.1051e-15	 0.505671
0.0939168	 8.8905e-15	 3.184e-15	 6.0838e-15	 4.8681e-15	 5.7065e-15	 0.472608
0.09452	 9.969e-15	 4.0637e-15	 7.0506e-15	 5.5675e-15	 5.9053e-15	 0.420824
0.0951228	 1.1056e-14	 4.8548e-15	 8.0048e-15	 6.2768e-15	 6.2012e-15	 0.389748
0.0957254	 1.1877e-14	 5.5868e-15	 9.3344e-15	 6.8858e-15	 6.2902e-15	 0.360185
0.0963277	 1.2737e-14	 6.5649e-15	 1.0173e-14	 7.4306e-15	 6.1721e-15	 0.319766
0.0969297	 1.3485e-14	 7.246e-15	 1.0895e-14	 8.2286e-15	 6.239e-15	 0.30095
0.0975314	 1.3853e-14	 7.6947e-15	 1.1333e-14	 8.6993e-15	 6.1583e-15	 0.285798
0.0981328	 1.4217e-14	 8.091e-15	 1.1719e-14	 8.9899e-15	 6.126e-15	 0.27461
0.098734	 1.4503e-14	 8.459e-15	 1.2026e-14	 9.2266e-15	 6.044e-15	 0.263217
0.0993348	 1.4685e-14	 8.7589e-15	 1.2253e-14	 9.371e-15	 5.9261e-15	 0.252778
0.0999353	 1.4823e-14	 9.0276e-15	 1.2385e-14	 9.4976e-15	 5.7954e-15	 0.242988
0.100535	 1.4547e-14	 9.0138e-15	 1.2251e-14	 9.3749e-15	 5.5332e-15	 0.234848
0.101135	 1.421e-14	 8.9273e-15	 1.1996e-14	 9.2083e-15	 5.2827e-15	 0.22832
0.101735	 1.3775e-14	 8.7294e-15	 1.1618e-14	 8.9161e-15	 5.0456e-15	 0.224205
0.102334	 1.3236e-14	 8.4726e-15	 1.1181e-14	 8.58e-15	 4.7634e-15	 0.219425
0.102933	 1.2778e-14	 8.2586e-15	 1.0768e-14	 8.2922e-15	 4.5194e-15	 0.214835
0.103532	 1.2139e-14	 7.9375e-15	 1.0233e-14	 7.9067e-15	 4.2015e-15	 0.209275
0.10413	 1.1614e-14	 7.706e-15	 9.8046e-15	 7.6e-15	 3.908e-15	 0.202277
0.104728	 1.1099e-14	 7.5068e-15	 9.4057e-15	 7.2901e-15	 3.5922e-15	 0.193069
0.105326	 1.0553e-14	 7.275e-15	 8.9667e-15	 6.9712e-15	 3.278e-15	 0.183868
0.105923	 9.9915e-15	 7.006e-15	 8.5036e-15	 6.635e-15	 2.9855e-15	 0.175643
0.10652	 9.2429e-15	 6.5499e-15	 7.8907e-15	 6.162e-15	 2.693e-15	 0.170521
0.107117	 8.5091e-15	 6.0458e-15	 7.247e-15	 5.6661e-15	 2.4633e-15	 0.169242
0.107714	 7.7554e-15	 5.4808e-15	 6.5563e-15	 5.1477e-15	 2.2746e-15	 0.171847
0.10831	 7.0198e-15	 4.9028e-15	 5.8941e-15	 4.6389e-15	 2.117e-15	 0.177562
0.108905	 6.3658e-15	 4.3726e-15	 5.3132e-15	 4.1755e-15	 1.9932e-15	 0.185614
0.109501	 5.7385e-15	 3.8444e-15	 4.7286e-15	 3.7345e-15	 1.8941e-15	 0.197654
0.110096	 5.2208e-15	 3.4088e-15	 4.2445e-15	 3.3695e-15	 1.812e-15	 0.209975
0.110691	 4.7888e-15	 3.0303e-15	 3.8567e-15	 3.0512e-15	 1.7585e-15	 0.224898
0.111285	 4.4279e-15	 2.7093e-15	 3.5391e-15	 2.7923e-15	 1.7186e-15	 0.240795
0.111879	 4.1507e-15	 2.4437e-15	 3.3019e-15	 2.5703e-15	 1.707e-15	 0.258856
0.112473	 3.8682e-15	 2.1789e-15	 3.0663e-15	 2.3579e-15	 1.6893e-15	 0.279357
0.113066	 3.641e-15	 1.9639e-15	 2.8859e-15	 2.1783e-15	 1.6771e-15	 0.29922
0.113659	 3.4403e-15	 1.781e-15	 2.7423e-15	 2.0322e-15	 1.6593e-15	 0.317794
0.114252	 3.2712e-15	 1.6358e-15	 2.628e-15	 1.9097e-15	 1.6354e-15	 0.333279
0.114844	 3.1677e-15	 1.5342e-15	 2.5592e-15	 1.833e-15	 1.6335e-15	 0.347413
0.115436	 3.0477e-15	 1.4458e-15	 2.4859e-15	 1.7554e-15	 1.6019e-15	 0.356493
0.116028	 3.0051e-15	 1.4088e-15	 2.462e-15	 1.7252e-15	 1.5963e-15	 0.361653
0.116619	 3.0062e-15	 1.4132e-15	 2.4819e-15	 1.723e-15	 1.593e-15	 0.360456
0.11721	 3.0433e-15	 1.4517e-15	 2.5418e-15	 1.746e-15	 1.5916e-15	 0.354082
0.117801	 3.1083e-15	 1.5207e-15	 2.6327e-15	 1.7923e-15	 1.5876e-15	 0.342968
0.118391	 3.1223e-15	 1.5659e-15	 2.68e-15	 1.8166e-15	 1.5564e-15	 0.331982
0.118981	 3.1343e-15	 1.6101e-15	 2.7213e-15	 1.8337e-15	 1.5242e-15	 0.321263
0.11957	 3.1122e-15	 1.6327e-15	 2.7269e-15	 1.8315e-15	 1.4795e-15	 0.311808
0.12016	 3.0693e-15	 1.6305e-15	 2.7048e-15	 1.8148e-15	 1.4388e-15	 0.306141
0.120748	 3.0263e-15	 1.6212e-15	 2.6753e-15	 1.7982e-15	 1.4051e-15	 0.302335
0.121337	 2.9404e-15	 1.596e-15	 2.6063e-15	 1.7618e-15	 1.3444e-15	 0.296358
0.121925	 2.897e-15	 1.5958e-15	 2.5685e-15	 1.7445e-15	 1.3012e-15	 0.289619
0.122512	 2.8658e-15	 1.6167e-15	 2.5555e-15	 1.7357e-15	 1.2491e-15	 0.278661
0.1231	 2.8372e-15	 1.6548e-15	 2.5597e-15	 1.7381e-15	 1.1824e-15	 0.263224
0.123687	 2.6035e-15	 1.6894e-15	 2.5598e-15	 1.7332e-15	 9.141e-16	 0.212933
0.124273	 2.5517e-15	 1.6729e-15	 2.4889e-15	 1.6793e-15	 8.788e-16	 0.20802
0.124859	 2.4169e-15	 1.6161e-15	 2.3808e-15	 1.601e-15	 8.008e-16	 0.198562
0.125445	 2.2351e-15	 1.5086e-15	 2.2169e-15	 1.3956e-15	 7.265e-16	 0.194059
0.126031	 2.0275e-15	 1.3573e-15	 2.0078e-15	 1.2777e-15	 6.702e-16	 0.198003
0.126616	 1.807e-15	 1.193e-15	 1.7854e-15	 1.1437e-15	 6.14e-16	 0.204667
0.1272	 1.5792e-15	 9.5243e-16	 1.4515e-15	 1.0025e-15	 6.2677e-16	 0.247576
0.127784	 1.3894e-15	 8.1085e-16	 1.259e-15	 8.8239e-16	 5.7855e-16	 0.262947
0.128368	 1.2332e-15	 6.961e-16	 1.0988e-15	 7.8206e-16	 5.371e-16	 0.278391
0.128952	 1.1039e-15	 6.0644e-16	 9.6763e-16	 6.997e-16	 4.9746e-16	 0.290854
0.129535	 9.9429e-16	 5.3061e-16	 8.5605e-16	 6.2784e-16	 4.6368e-16	 0.304072
0.130117	 8.819e-16	 4.5411e-16	 7.4344e-16	 5.5546e-16	 4.2779e-16	 0.3202
0.1307	 7.7486e-16	 3.8191e-16	 6.3936e-16	 4.8653e-16	 3.9295e-16	 0.339696
0.131282	 6.7546e-16	 3.142e-16	 5.395e-16	 4.218e-16	 3.6126e-16	 0.365034
0.131863	 5.9183e-16	 2.5993e-16	 4.5755e-16	 3.6856e-16	 3.319e-16	 0.389664
0.132444	 5.3608e-16	 2.277e-16	 4.0137e-16	 3.3311e-16	 3.0838e-16	 0.403755
0.133025	 5.0389e-16	 2.2129e-16	 3.7308e-16	 3.1313e-16	 2.826e-16	 0.389696
0.133605	 5.0174e-16	 2.3813e-16	 3.7528e-16	 3.1081e-16	 2.6361e-16	 0.356292
0.134185	 5.1939e-16	 2.6845e-16	 3.968e-16	 3.2091e-16	 2.5094e-16	 0.318516
0.134764	 5.4429e-16	 3.0001e-16	 4.2529e-16	 3.3477e-16	 2.4428e-16	 0.289328
0.135343	 5.6793e-16	 3.2391e-16	 4.5055e-16	 3.459e-16	 2.4402e-16	 0.273614
0.135922	 5.7291e-16	 3.2787e-16	 4.5796e-16	 3.4623e-16	 2.4504e-16	 0.272031
0.1365	 5.6676e-16	 3.1995e-16	 4.5302e-16	 3.3849e-16	 2.4681e-16	 0.278344
0.137078	 5.5163e-16	 3.0069e-16	 4.3759e-16	 3.2612e-16	 2.5094e-16	 0.29442
0.137655	 5.3436e-16	 2.7959e-16	 4.2035e-16	 3.1321e-16	 2.5477e-16	 0.313004
0.138232	 5.246e-16	 2.6307e-16	 4.0783e-16	 3.0313e-16	 2.6153e-16	 0.33203
0.138809	 5.1767e-16	 2.519e-16	 4.0076e-16	 2.9615e-16	 2.6577e-16	 0.345349
0.139385	 5.2548e-16	 2.5045e-16	 4.069e-16	 2.9696e-16	 2.7503e-16	 0.354452
0.139961	 5.4666e-16	 2.5558e-16	 4.2489e-16	 3.0413e-16	 2.9108e-16	 0.362834
0.140536	 5.7414e-16	 2.6434e-16	 4.505e-16	 3.1394e-16	 3.098e-16	 0.369478
0.141111	 6.0654e-16	 2.7355e-16	 4.8164e-16	 3.2615e-16	 3.3299e-16	 0.378359
0.141685	 6.2749e-16	 2.7623e-16	 5.0336e-16	 3.3207e-16	 3.5126e-16	 0.388682
0.142259	 6.4316e-16	 2.7522e-16	 5.201e-16	 3.3538e-16	 3.6794e-16	 0.40064
0.142833	 6.5051e-16	 2.6845e-16	 5.2811e-16	 3.3394e-16	 3.8206e-16	 0.415753
0.143406	 6.5149e-16	 2.589e-16	 5.2938e-16	 3.3114e-16	 3.9259e-16	 0.431233
0.143979	 6.5711e-16	 2.5302e-16	 5.3165e-16	 3.3141e-16	 4.0409e-16	 0.443992
0.144551	 6.6515e-16	 2.5123e-16	 5.3683e-16	 3.3341e-16	 4.1392e-16	 0.45169
0.145123	 6.933e-16	 2.6442e-16	 5.5911e-16	 3.4519e-16	 4.2888e-16	 0.447814
0.145694	 7.4183e-16	 2.9283e-16	 6.0162e-16	 3.6757e-16	 4.49e-16	 0.433959
0.146265	 8.0864e-16	 3.3626e-16	 6.6604e-16	 3.998e-16	 4.7238e-16	 0.412595
0.146835	 8.8967e-16	 3.9167e-16	 7.4669e-16	 4.3922e-16	 4.98e-16	 0.388656
0.147405	 9.6339e-16	 4.436e-16	 8.2375e-16	 4.7302e-16	 5.1979e-16	 0.369434
0.147975	 1.0309e-15	 4.9272e-16	 8.966e-16	 5.0432e-16	 5.3818e-16	 0.353225
0.148544	 1.0854e-15	 5.3328e-16	 9.5794e-16	 5.2964e-16	 5.5212e-16	 0.341093
0.149113	 1.127e-15	 5.6346e-16	 1.0048e-15	 5.4731e-16	 5.6354e-16	 0.333365
0.149681	 1.1568e-15	 5.8785e-16	 1.0432e-15	 5.6355e-16	 5.6895e-16	 0.326111
0.150249	 1.1756e-15	 6.0504e-16	 1.0644e-15	 5.7228e-16	 5.7056e-16	 0.320424
0.150816	 1.2004e-15	 6.3194e-16	 1.0947e-15	 5.8472e-16	 5.6846e-16	 0.310237
0.151383	 1.2395e-15	 6.6726e-16	 1.1376e-15	 6.0285e-16	 5.7224e-16	 0.300111
0.151949	 1.2812e-15	 7.1062e-16	 1.1899e-15	 6.243e-16	 5.7058e-16	 0.286462
0.152515	 1.3264e-15	 7.5675e-16	 1.2473e-15	 6.4663e-16	 5.6965e-16	 0.273456
0.153081	 1.3461e-15	 7.8508e-16	 1.2839e-15	 6.5722e-16	 5.6102e-16	 0.263244
0.153646	 1.3509e-15	 8.0085e-16	 1.2986e-15	 6.5752e-16	 5.5005e-16	 0.255629
0.15421	 1.3316e-15	 7.9259e-16	 1.2867e-15	 6.447e-16	 5.3901e-16	 0.253748
0.154774	 1.2794e-15	 7.5912e-16	 1.2449e-15	 6.1861e-16	 5.2028e-16	 0.255224
0.155338	 1.2115e-15	 7.1017e-16	 1.1795e-15	 5.8365e-16	 5.0133e-16	 0.260882
0.155901	 1.1229e-15	 6.4256e-16	 1.0831e-15	 5.3886e-16	 4.8034e-16	 0.272076
0.156463	 1.0381e-15	 5.7862e-16	 9.901e-16	 4.9647e-16	 4.5948e-16	 0.284205
0.157026	 9.6194e-16	 5.2423e-16	 9.0979e-16	 4.5981e-16	 4.3771e-16	 0.294522
0.157587	 9.0083e-16	 4.8149e-16	 8.4206e-16	 4.3057e-16	 4.1934e-16	 0.30336
0.158148	 8.5365e-16	 4.5193e-16	 7.9342e-16	 4.0914e-16	 4.0172e-16	 0.307695
0.158709	 8.1017e-16	 4.2616e-16	 7.5181e-16	 3.8892e-16	 3.8401e-16	 0.310605
0.159269	 7.7431e-16	 4.0485e-16	 7.1704e-16	 3.7098e-16	 3.6946e-16	 0.313325
0.159829	 7.348e-16	 3.804e-16	 6.8175e-16	 3.5282e-16	 3.544e-16	 0.317791
0.160388	 6.9102e-16	 3.5214e-16	 6.4127e-16	 3.3094e-16	 3.3888e-16	 0.324859
0.160947	 6.4339e-16	 3.2001e-16	 5.9396e-16	 3.0853e-16	 3.2338e-16	 0.335665
0.161505	 5.882e-16	 2.8324e-16	 5.3717e-16	 2.8078e-16	 3.0496e-16	 0.34995
0.162063	 5.3682e-16	 2.4983e-16	 4.8522e-16	 2.5752e-16	 2.8699e-16	 0.364826
0.16262	 4.9533e-16	 2.235e-16	 4.4229e-16	 2.3881e-16	 2.7183e-16	 0.378156
0.163177	 4.6398e-16	 2.0685e-16	 4.1191e-16	 2.2616e-16	 2.5713e-16	 0.383301
0.163734	 4.4862e-16	 2.0086e-16	 3.9657e-16	 2.2009e-16	 2.4776e-16	 0.381474
0.164289	 4.4092e-16	 2.016e-16	 3.9221e-16	 2.1709e-16	 2.3932e-16	 0.372471
0.164845	 4.4398e-16	 2.0873e-16	 4.006e-16	 2.1762e-16	 2.3525e-16	 0.36042
0.165399	 4.4884e-16	 2.1735e-16	 4.1326e-16	 2.1874e-16	 2.3149e-16	 0.347483
0.165954	 4.5213e-16	 2.2409e-16	 4.2395e-16	 2.1793e-16	 2.2804e-16	 0.337228
0.166508	 4.5071e-16	 2.265e-16	 4.3051e-16	 2.153e-16	 2.2421e-16	 0.331079
0.167061	 4.3757e-16	 2.2195e-16	 4.2505e-16	 2.0702e-16	 2.1562e-16	 0.326935
0.167614	 4.1788e-16	 2.1174e-16	 4.1023e-16	 1.9686e-16	 2.0614e-16	 0.327404
0.168166	 3.9345e-16	 1.9858e-16	 3.8947e-16	 1.8532e-16	 1.9487e-16	 0.329156
0.168718	 3.679e-16	 1.848e-16	 3.6589e-16	 1.7349e-16	 1.831e-16	 0.331283
0.169269	 3.4657e-16	 1.7296e-16	 3.4577e-16	 1.6418e-16	 1.7361e-16	 0.334167
0.16982	 3.2694e-16	 1.6403e-16	 3.2782e-16	 1.674e-16	 1.6291e-16	 0.331813
0.17037	 3.142e-16	 1.5954e-16	 3.1675e-16	 1.4585e-16	 1.5466e-16	 0.326466
0.170919	 3.0477e-16	 1.5831e-16	 3.1142e-16	 1.4172e-16	 1.4646e-16	 0.316274
0.171469	 2.957e-16	 1.5703e-16	 3.0651e-16	 1.3772e-16	 1.3867e-16	 0.306297
0.172017	 2.8462e-16	 1.5374e-16	 2.9951e-16	 1.3236e-16	 1.3088e-16	 0.298567
0.172565	 2.6685e-16	 1.4485e-16	 2.8261e-16	 1.2443e-16	 1.22e-16	 0.296332
0.173113	 2.3391e-16	 1.3121e-16	 2.5847e-16	 1.1402e-16	 1.027e-16	 0.281277
0.17366	 2.061e-16	 1.2123e-16	 2.2797e-16	 1.0265e-16	 8.487e-17	 0.25928
0.174206	 1.764e-16	 9.2087e-17	 1.9452e-16	 9.0997e-17	 8.4313e-17	 0.31403
0.174752	 1.4926e-16	 7.4692e-17	 1.7061e-16	 8.0525e-17	 7.4568e-17	 0.332964
0.175298	 1.2664e-16	 6.1035e-17	 1.3039e-16	 7.2339e-17	 6.5605e-17	 0.349567
0.175843	 1.112e-16	 5.2278e-17	 1.1144e-16	 6.7164e-17	 5.8922e-17	 0.360428
0.176387	 1.0286e-16	 4.8545e-17	 1.0099e-16	 6.4615e-17	 5.4315e-17	 0.35874
0.176931	 9.9373e-17	 4.8574e-17	 9.7155e-17	 6.3817e-17	 5.0799e-17	 0.343359
0.177474	 9.8739e-17	 5.0321e-17	 9.6811e-17	 6.3798e-17	 4.8418e-17	 0.324822
0.178017	 9.7702e-17	 5.161e-17	 9.6666e-17	 6.3076e-17	 4.6092e-17	 0.308696
0.178559	 9.4872e-17	 5.1685e-17	 9.5046e-17	 6.1852e-17	 4.3187e-17	 0.294677
0.179101	 9.0666e-17	 5.0221e-17	 9.1474e-17	 5.9671e-17	 4.0445e-17	 0.287074
0.179642	 8.5232e-17	 4.7812e-17	 8.631e-17	 5.7241e-17	 3.742e-17	 0.28126
0.180183	 8.0316e-17	 4.5851e-17	 8.1722e-17	 5.5279e-17	 3.4465e-17	 0.27317
0.180723	 7.7582e-17	 4.5591e-17	 7.9224e-17	 5.4129e-17	 3.1991e-17	 0.259724
0.181262	 7.7853e-17	 4.7633e-17	 8.0211e-17	 5.4229e-17	 3.022e-17	 0.240824
0.181801	 8.1102e-17	 5.1423e-17	 8.5224e-17	 5.5154e-17	 2.9679e-17	 0.22395
0.18234	 8.6129e-17	 5.6173e-17	 9.1696e-17	 5.6766e-17	 2.9956e-17	 0.21051
0.182878	 9.1271e-17	 6.047e-17	 9.8668e-17	 5.8063e-17	 3.0801e-17	 0.202984
0.183415	 9.4271e-17	 6.2413e-17	 1.0308e-16	 5.8253e-17	 3.1858e-17	 0.203326
0.183952	 9.4347e-17	 6.1776e-17	 1.0384e-16	 5.7632e-17	 3.2571e-17	 0.208624
0.184488	 9.1467e-17	 5.887e-17	 1.008e-16	 5.5959e-17	 3.2597e-17	 0.216826
0.185023	 8.6076e-17	 5.3883e-17	 9.4288e-17	 5.3632e-17	 3.2193e-17	 0.230017
0.185559	 7.9707e-17	 4.8495e-17	 8.6614e-17	 5.1011e-17	 3.1212e-17	 0.24346
0.186093	 7.3794e-17	 4.4067e-17	 7.9405e-17	 4.8704e-17	 2.9727e-17	 0.252221
0.186627	 7.013e-17	 4.1544e-17	 7.4536e-17	 4.7517e-17	 2.8586e-17	 0.255977
0.18716	 6.9667e-17	 4.1159e-17	 7.3328e-17	 4.7381e-17	 2.8508e-17	 0.257232
0.187693	 7.1724e-17	 4.3206e-17	 7.5576e-17	 4.8233e-17	 2.8518e-17	 0.248134
0.188225	 7.6474e-17	 4.6253e-17	 8.0523e-17	 4.9835e-17	 3.0221e-17	 0.246246
0.188757	 8.138e-17	 4.9562e-17	 8.6608e-17	 5.1285e-17	 3.1818e-17	 0.242993
0.189288	 8.6454e-17	 5.2381e-17	 9.181e-17	 5.2788e-17	 3.4073e-17	 0.245421
0.189818	 9.0257e-17	 5.4265e-17	 9.6315e-17	 5.3485e-17	 3.5992e-17	 0.249042
0.190348	 9.2815e-17	 5.4658e-17	 9.8859e-17	 5.4083e-17	 3.8157e-17	 0.258739
0.190878	 9.3914e-17	 5.4623e-17	 1.0003e-16	 5.4488e-17	 3.9291e-17	 0.26452
0.191406	 9.4374e-17	 5.4342e-17	 1.0051e-16	 5.4555e-17	 4.0032e-17	 0.269184
0.191934	 9.5641e-17	 5.5177e-17	 1.0152e-16	 5.5018e-17	 4.0464e-17	 0.268297
0.192462	 9.9406e-17	 5.7621e-17	 1.0564e-16	 5.636e-17	 4.1785e-17	 0.266101
0.192989	 1.0578e-16	 6.2187e-17	 1.1319e-16	 5.8258e-17	 4.3593e-17	 0.259533
0.193515	 1.1515e-16	 6.8579e-17	 1.2415e-16	 6.0866e-17	 4.6571e-17	 0.253477
0.194041	 1.256e-16	 7.6237e-17	 1.378e-16	 6.3744e-17	 4.9363e-17	 0.244569
0.194566	 1.3766e-16	 8.392e-17	 1.5271e-16	 6.6832e-17	 5.374e-17	 0.242531
0.195091	 1.4819e-16	 9.1086e-17	 1.6666e-16	 6.9013e-17	 5.7104e-17	 0.238653
0.195615	 3.0939e-17	 9.5661e-17	 1.7878e-16	 7.0603e-17	 -6.4722e-17	 -0.511232
0.196138	 1.6241e-16	 9.8581e-17	 1.8659e-16	 7.1344e-17	 6.3829e-17	 0.244564
0.196661	 1.6379e-16	 9.8412e-17	 1.8943e-16	 7.1042e-17	 6.5378e-17	 0.249342
0.197184	 1.6318e-16	 9.6715e-17	 1.8893e-16	 7.0051e-17	 6.6465e-17	 0.255738
0.197705	 1.6055e-16	 9.3563e-17	 1.8539e-16	 6.9024e-17	 6.6987e-17	 0.263611
0.198226	 1.5729e-16	 9.0691e-17	 1.8166e-16	 6.7909e-17	 6.6599e-17	 0.268565
0.198747	 1.5533e-16	 8.8671e-17	 1.7878e-16	 6.7433e-17	 6.6659e-17	 0.273192
0.199266	 1.5394e-16	 8.775e-17	 1.7684e-16	 6.7087e-17	 6.619e-17	 0.273863
0.199786	 1.5517e-16	 8.8656e-17	 1.7845e-16	 6.7276e-17	 6.6514e-17	 0.272793
0.200304	 1.5705e-16	 9.0301e-17	 1.8171e-16	 6.7834e-17	 6.6749e-17	 0.269855
0.200822	 1.5981e-16	 9.2489e-17	 1.8582e-16	 6.828e-17	 6.7321e-17	 0.26683
0.20134	 1.6163e-16	 9.3949e-17	 1.8887e-16	 6.8372e-17	 6.7681e-17	 0.264814
0.201856	 1.6055e-16	 9.3211e-17	 1.8875e-16	 6.7758e-17	 6.7339e-17	 0.265364
0.202373	 1.5733e-16	 9.0694e-17	 1.8511e-16	 6.6468e-17	 6.6636e-17	 0.268668
0.202888	 1.5124e-16	 8.6634e-17	 1.7766e-16	 6.5037e-17	 6.4606e-17	 0.271598
0.203403	 1.4398e-16	 8.1393e-17	 1.6823e-16	 6.3356e-17	 6.2587e-17	 0.277704
0.203917	 1.3617e-16	 7.6004e-17	 1.5752e-16	 6.1781e-17	 6.0166e-17	 0.283569
0.204431	 1.2848e-16	 7.1373e-17	 1.4745e-16	 6.054e-17	 5.7107e-17	 0.285745
0.204944	 1.2287e-16	 6.8292e-17	 1.4034e-16	 5.9733e-17	 5.4578e-17	 0.285507
0.205456	 1.2029e-16	 6.7474e-17	 1.3675e-16	 5.9798e-17	 5.2816e-17	 0.281289
0.205968	 1.2022e-16	 6.8703e-17	 1.3752e-16	 6.0141e-17	 5.1517e-17	 0.272688
0.206479	 1.2217e-16	 7.1271e-17	 1.4026e-16	 6.0731e-17	 5.0899e-17	 0.263124
0.20699	 1.242e-16	 7.3951e-17	 1.4426e-16	 6.1274e-17	 5.0249e-17	 0.253589
0.2075	 1.2639e-16	 7.5992e-17	 1.4738e-16	 6.1518e-17	 5.0398e-17	 0.249024
0.208009	 1.2707e-16	 7.7344e-17	 1.4963e-16	 6.1352e-17	 4.9726e-17	 0.243261
0.208518	 1.2568e-16	 7.6952e-17	 1.4978e-16	 6.0801e-17	 4.8728e-17	 0.240475
0.209026	 1.2316e-16	 7.5397e-17	 1.4711e-16	 5.9941e-17	 4.7763e-17	 0.240551
0.209533	 1.1819e-16	 7.1625e-17	 1.4119e-16	 5.8773e-17	 4.6565e-17	 0.245318
0.21004	 1.1292e-16	 6.8954e-17	 1.3513e-16	 5.7739e-17	 4.3966e-17	 0.241739
0.210546	 1.0779e-16	 6.5982e-17	 1.2926e-16	 5.7037e-17	 4.1808e-17	 0.240591
0.211052	 1.0368e-16	 6.4017e-17	 1.2457e-16	 5.6073e-17	 3.9663e-17	 0.236516
0.211556	 1.0127e-16	 6.3174e-17	 1.2195e-16	 5.577e-17	 3.8096e-17	 0.231665
0.212061	 9.9444e-17	 6.296e-17	 1.2076e-16	 5.5364e-17	 3.6484e-17	 0.22465
0.212564	 9.8782e-17	 6.3198e-17	 1.2121e-16	 5.5106e-17	 3.5584e-17	 0.219681
0.213067	 9.858e-17	 6.3851e-17	 1.2162e-16	 5.4788e-17	 3.4729e-17	 0.213808
0.213569	 9.7918e-17	 6.3981e-17	 1.2195e-16	 5.419e-17	 3.3937e-17	 0.209618
0.214071	 9.6546e-17	 6.319e-17	 1.2111e-16	 5.3429e-17	 3.3356e-17	 0.20882
0.214572	 9.2765e-17	 6.1031e-17	 1.1759e-16	 5.2415e-17	 3.1734e-17	 0.206338
0.215072	 8.8035e-17	 5.7969e-17	 1.1202e-16	 5.1006e-17	 3.0066e-17	 0.205926
0.215572	 8.2097e-17	 5.4243e-17	 1.0487e-16	 4.9728e-17	 2.7854e-17	 0.204298
0.216071	 7.5954e-17	 5.0313e-17	 9.6866e-17	 4.8592e-17	 2.5641e-17	 0.20307
0.216569	 6.9815e-17	 4.6628e-17	 8.8943e-17	 4.7911e-17	 2.3187e-17	 0.199127
0.217066	 6.409e-17	 4.332e-17	 8.1571e-17	 4.6989e-17	 2.077e-17	 0.193371
0.217563	 5.9526e-17	 4.0868e-17	 7.5459e-17	 4.6405e-17	 1.8658e-17	 0.185848
0.21806	 5.6331e-17	 3.9268e-17	 7.1344e-17	 4.6158e-17	 1.7063e-17	 0.178485
0.218555	 5.4119e-17	 3.8448e-17	 6.8923e-17	 4.5837e-17	 1.5671e-17	 0.169294
0.21905	 5.2882e-17	 3.8005e-17	 6.738e-17	 4.557e-17	 1.4877e-17	 0.163687
0.219545	 5.1879e-17	 3.7792e-17	 6.6355e-17	 4.5368e-17	 1.4087e-17	 0.157096
0.220038	 5.075e-17	 3.7564e-17	 6.55e-17	 4.5183e-17	 1.3186e-17	 0.149308
0.220531	 4.9368e-17	 3.7041e-17	 6.3892e-17	 4.5047e-17	 1.2327e-17	 0.142659
0.221024	 4.7789e-17	 3.6302e-17	 6.215e-17	 4.4467e-17	 1.1487e-17	 0.136602
0.221515	 4.575e-17	 3.5325e-17	 5.969e-17	 4.4102e-17	 1.0425e-17	 0.128585
0.222006	 4.3408e-17	 3.421e-17	 5.7135e-17	 4.3674e-17	 9.198e-18	 0.118503
0.222497	 4.1417e-17	 3.3356e-17	 5.4602e-17	 4.3339e-17	 8.061e-18	 0.107806
0.222986	 3.9858e-17	 3.276e-17	 5.274e-17	 4.3269e-17	 7.098e-18	 0.0977444
0.223475	 3.9052e-17	 3.2707e-17	 5.1778e-17	 4.3199e-17	 6.345e-18	 0.088421
0.223963	 3.8959e-17	 3.2983e-17	 5.1665e-17	 4.3226e-17	 5.976e-18	 0.0830669
0.224451	 3.9291e-17	 3.3753e-17	 5.1991e-17	 4.313e-17	 5.538e-18	 0.0758173
0.224938	 4.0032e-17	 3.4552e-17	 5.3514e-17	 4.3237e-17	 5.48e-18	 0.0734742
0.225424	 4.0883e-17	 3.5449e-17	 5.5031e-17	 4.3035e-17	 5.434e-18	 0.071189
0.22591	 4.1314e-17	 3.5839e-17	 5.6024e-17	 4.3105e-17	 5.475e-18	 0.0709629
0.226394	 4.1427e-17	 3.5939e-17	 5.6282e-17	 4.2731e-17	 5.488e-18	 0.0709356
0.226879	 4.0883e-17	 3.5535e-17	 5.5827e-17	 4.2624e-17	 5.348e-18	 0.0699835
0.227362	 3.9941e-17	 3.4756e-17	 5.4655e-17	 4.2384e-17	 5.185e-18	 0.0694138
0.227845	 3.855e-17	 3.4018e-17	 5.2884e-17	 4.2038e-17	 4.532e-18	 0.0624518
0.228327	 3.7176e-17	 3.3041e-17	 5.118e-17	 4.1709e-17	 4.135e-18	 0.0588889
0.228808	 3.591e-17	 3.2345e-17	 4.9529e-17	 4.1564e-17	 3.565e-18	 0.0522306
0.229289	 3.5184e-17	 3.1751e-17	 4.8414e-17	 4.1297e-17	 3.433e-18	 0.0512886
0.229769	 3.4714e-17	 3.1651e-17	 4.7834e-17	 4.1176e-17	 3.063e-18	 0.0461538
0.230248	 3.4788e-17	 3.1772e-17	 4.7888e-17	 4.1085e-17	 3.016e-18	 0.0453125
0.230727	 3.4897e-17	 3.1871e-17	 4.8222e-17	 4.1044e-17	 3.026e-18	 0.0453211
0.231204	 3.5313e-17	 3.2182e-17	 4.8689e-17	 4.0913e-17	 3.131e-18	 0.0463886
0.231682	 3.5418e-17	 3.2275e-17	 4.8826e-17	 4.0863e-17	 3.143e-18	 0.0464302
0.232158	 3.5401e-17	 3.2194e-17	 4.8878e-17	 4.083e-17	 3.207e-18	 0.0474443
0.232634	 3.5137e-17	 3.1929e-17	 4.8506e-17	 4.0816e-17	 3.208e-18	 0.0478335
0.233109	 3.4776e-17	 3.1593e-17	 4.7894e-17	 4.0629e-17	 3.183e-18	 0.0479591
0.233583	 3.4352e-17	 3.1437e-17	 4.7348e-17	 4.0603e-17	 2.915e-18	 0.0443083
0.234057	 3.424e-17	 3.1368e-17	 4.7101e-17	 4.0406e-17	 2.872e-18	 0.0437751
0.23453	 3.4465e-17	 3.1602e-17	 4.737e-17	 4.0412e-17	 2.863e-18	 0.0433348
0.235002	 3.5158e-17	 3.2295e-17	 4.845e-17	 4.0516e-17	 2.863e-18	 0.0424444
0.235473	 3.6386e-17	 3.3157e-17	 5.0304e-17	 4.0608e-17	 3.229e-18	 0.0464317
0.235944	 3.7972e-17	 3.4412e-17	 5.2472e-17	 4.0709e-17	 3.56e-18	 0.0491821
0.236414	 3.9671e-17	 3.5634e-17	 5.5192e-17	 4.0717e-17	 4.037e-18	 0.0536087
0.236883	 4.1376e-17	 3.6743e-17	 5.7419e-17	 4.0699e-17	 4.633e-18	 0.059307
0.237352	 4.2775e-17	 3.7662e-17	 5.9783e-17	 4.0677e-17	 5.113e-18	 0.0635653
0.23782	 4.3969e-17	 3.8428e-17	 6.1503e-17	 4.0784e-17	 5.541e-18	 0.0672476
0.238287	 4.4716e-17	 3.8691e-17	 6.2323e-17	 3.9744e-17	 6.025e-18	 0.0722361
0.238754	 4.4875e-17	 3.848e-17	 6.2536e-17	 3.9765e-17	 6.395e-18	 0.0767201
0.239219	 4.4838e-17	 3.8328e-17	 6.2448e-17	 3.9882e-17	 6.51e-18	 0.0782772
0.239684	 4.4524e-17	 3.8083e-17	 6.1958e-17	 3.9885e-17	 6.441e-18	 0.0779716
0.240148	 4.4481e-17	 3.7743e-17	 6.1722e-17	 3.975e-17	 6.738e-18	 0.0819469
0.240612	 4.4606e-17	 3.7723e-17	 6.1857e-17	 3.9729e-17	 6.883e-18	 0.0836036
0.241075	 4.4811e-17	 3.797e-17	 6.2351e-17	 3.9665e-17	 6.841e-18	 0.0826397
0.241537	 4.5511e-17	 3.8368e-17	 6.3194e-17	 3.9725e-17	 7.143e-18	 0.0851584
0.241998	 4.6491e-17	 3.8812e-17	 6.4349e-17	 3.9633e-17	 7.679e-18	 0.0900203
0.242459	 4.7422e-17	 3.9415e-17	 6.5932e-17	 3.962e-17	 8.007e-18	 0.0922072
0.242918	 4.822e-17	 3.9941e-17	 6.7047e-17	 3.959e-17	 8.279e-18	 0.0939077
0.243377	 4.8739e-17	 4.0053e-17	 6.7774e-17	 3.9521e-17	 8.686e-18	 0.0978241
0.243836	 4.8826e-17	 4.0046e-17	 6.8008e-17	 3.9363e-17	 8.78e-18	 0.0987938
0.244293	 4.8543e-17	 3.965e-17	 6.7442e-17	 3.9472e-17	 8.893e-18	 0.100836
0.24475	 4.7803e-17	 3.9023e-17	 6.5993e-17	 3.9369e-17	 8.78e-18	 0.101122
0.245206	 4.675e-17	 3.8208e-17	 6.4511e-17	 3.9206e-17	 8.542e-18	 0.100544
0.245662	 4.5485e-17	 3.7119e-17	 6.2691e-17	 3.93e-17	 8.366e-18	 0.101278
0.246116	 4.4423e-17	 3.6354e-17	 6.1098e-17	 3.934e-17	 8.069e-18	 0.0998923
0.24657	 4.3563e-17	 3.5844e-17	 5.9719e-17	 3.941e-17	 7.719e-18	 0.0972081
0.247023	 4.3095e-17	 3.552e-17	 5.8964e-17	 3.9329e-17	 7.575e-18	 0.0963557
0.247476	 4.3151e-17	 3.557e-17	 5.9039e-17	 3.9416e-17	 7.581e-18	 0.0963021
0.247927	 4.346e-17	 3.5859e-17	 5.9407e-17	 3.9475e-17	 7.601e-18	 0.0958282
0.248378	 4.4072e-17	 3.6372e-17	 6.0292e-17	 3.9419e-17	 7.7e-18	 0.0957188
0.248828	 4.4869e-17	 3.6929e-17	 6.1504e-17	 3.9439e-17	 7.94e-18	 0.0970684
0.249278	 4.5596e-17	 3.7396e-17	 6.2455e-17	 3.9449e-17	 8.2e-18	 0.0988047
0.249726	 4.6108e-17	 3.7865e-17	 6.3345e-17	 3.9398e-17	 8.243e-18	 0.0981625
0.250174	 4.6376e-17	 3.8044e-17	 6.3807e-17	 3.9336e-17	 8.332e-18	 0.098697
0.250621	 4.6328e-17	 3.8014e-17	 6.3979e-17	 3.9262e-17	 8.314e-18	 0.0985749
0.251067	 4.6095e-17	 3.7963e-17	 6.3794e-17	 3.9348e-17	 8.132e-18	 0.0967427
0.251513	 4.5654e-17	 3.7695e-17	 6.3002e-17	 3.9263e-17	 7.959e-18	 0.09549
0.251958	 4.513e-17	 3.7337e-17	 6.215e-17	 5.6562e-17	 7.793e-18	 0.0944984
0.252402	 4.4743e-17	 3.7177e-17	 6.1688e-17	 3.9387e-17	 7.566e-18	 0.0923584
0.252845	 4.4589e-17	 3.7076e-17	 6.1507e-17	 3.9372e-17	 7.513e-18	 0.0919978
0.253287	 4.4518e-17	 3.7102e-17	 6.1595e-17	 3.9414e-17	 7.416e-18	 0.0908601
0.253729	 4.4966e-17	 3.7438e-17	 6.2288e-17	 3.9134e-17	 7.528e-18	 0.0913548
0.25417	 4.5403e-17	 3.7904e-17	 6.3013e-17	 3.9093e-17	 7.499e-18	 0.0900164
0.25461	 4.5782e-17	 3.8485e-17	 6.4015e-17	 3.9082e-17	 7.297e-18	 0.0865938
0.255049	 4.628e-17	 3.8784e-17	 6.4869e-17	 3.898e-17	 7.496e-18	 0.0881219
0.255488	 4.6628e-17	 3.9036e-17	 6.5762e-17	 3.8774e-17	 7.592e-18	 0.0886253
0.255926	 4.6929e-17	 3.9086e-17	 6.6164e-17	 3.8764e-17	 7.843e-18	 0.0911818
0.256363	 4.665e-17	 3.9019e-17	 6.5874e-17	 3.8806e-17	 7.631e-18	 0.0890754
0.256799	 4.5856e-17	 3.8483e-17	 6.4973e-17	 3.8622e-17	 7.373e-18	 0.087421
0.257235	 4.494e-17	 3.7761e-17	 6.363e-17	 3.8703e-17	 7.179e-18	 0.0868067
0.257669	 4.3837e-17	 3.6935e-17	 6.177e-17	 3.852e-17	 6.902e-18	 0.0854504
0.258103	 4.2416e-17	 3.6047e-17	 5.9984e-17	 3.8372e-17	 6.369e-18	 0.081172
0.258536	 4.1118e-17	 3.5089e-17	 5.8104e-17	 3.8342e-17	 6.029e-18	 0.0791135
0.258969	 3.9893e-17	 3.4331e-17	 5.6183e-17	 3.8188e-17	 5.562e-18	 0.0749353
0.2594	 3.8952e-17	 3.3601e-17	 5.4606e-17	 3.8082e-17	 5.351e-18	 0.073753
0.259831	 3.8137e-17	 3.3201e-17	 5.3358e-17	 3.8091e-17	 4.936e-18	 0.0691917
0.260261	 3.7496e-17	 3.2696e-17	 5.245e-17	 3.7825e-17	 4.8e-18	 0.0683839
0.26069	 3.7046e-17	 3.2488e-17	 5.185e-17	 3.7911e-17	 4.558e-18	 0.0655507
0.261118	 3.6675e-17	 3.2318e-17	 5.1442e-17	 3.7793e-17	 4.357e-18	 0.0631513
0.261546	 3.6326e-17	 3.209e-17	 5.0938e-17	 3.767e-17	 4.236e-18	 0.0619153
0.261973	 3.5783e-17	 3.1841e-17	 5.0246e-17	 3.764e-17	 3.942e-18	 0.0582929
0.262399	 3.5403e-17	 3.1492e-17	 4.9657e-17	 3.7659e-17	 3.911e-18	 0.0584648
0.262824	 3.4774e-17	 3.1065e-17	 4.8633e-17	 3.7437e-17	 3.709e-18	 0.0563344
0.263248	 3.4093e-17	 3.0642e-17	 4.7586e-17	 3.7403e-17	 3.451e-18	 0.0533096
0.263672	 3.3249e-17	 3.0139e-17	 4.6422e-17	 3.7386e-17	 3.11e-18	 0.0490629
0.264094	 3.2355e-17	 2.9644e-17	 4.5374e-17	 3.7293e-17	 2.711e-18	 0.0437265
0.264516	 3.1595e-17	 2.9212e-17	 4.4466e-17	 3.711e-17	 2.383e-18	 0.0391896
0.264938	 3.107e-17	 2.8818e-17	 4.3447e-17	 3.6895e-17	 2.252e-18	 0.0376035
0.265358	 3.0532e-17	 2.8577e-17	 4.2641e-17	 3.6973e-17	 1.955e-18	 0.0330745
0.265778	 3.0188e-17	 4.1149e-17	 4.2218e-17	 3.671e-17	 -1.0961e-17	 -0.153651
0.266196	 3.0064e-17	 2.8448e-17	 4.227e-17	 3.6696e-17	 1.616e-18	 0.0276183
0.266614	 3.0028e-17	 2.8445e-17	 4.2234e-17	 3.6606e-17	 1.583e-18	 0.0270723
0.267031	 3.0094e-17	 2.8453e-17	 4.2425e-17	 3.6362e-17	 1.641e-18	 0.0280288
0.267448	 3.0189e-17	 2.8588e-17	 4.2556e-17	 3.6156e-17	 1.601e-18	 0.0272385
0.267863	 3.017e-17	 2.8608e-17	 4.274e-17	 3.6111e-17	 1.562e-18	 0.0265746
0.268278	 3.0156e-17	 2.8599e-17	 4.2752e-17	 3.5955e-17	 1.557e-18	 0.0264999
0.268692	 3.0031e-17	 2.859e-17	 4.2631e-17	 3.5845e-17	 1.441e-18	 0.0245816
0.269105	 2.9783e-17	 2.8385e-17	 4.2342e-17	 3.5771e-17	 1.398e-18	 0.0240338
0.269517	 2.9509e-17	 2.8221e-17	 4.1734e-17	 3.5624e-17	 1.288e-18	 0.0223108
0.269928	 2.9146e-17	 2.7946e-17	 4.1278e-17	 3.555e-17	 1.2e-18	 0.0210187
0.270339	 2.8826e-17	 2.7664e-17	 4.0698e-17	 3.5419e-17	 1.162e-18	 0.02057
0.270749	 2.8446e-17	 2.7405e-17	 5.854e-17	 3.5529e-17	 1.041e-18	 0.0186389
0.271157	 4.0706e-17	 2.7189e-17	 3.9994e-17	 3.5311e-17	 1.3517e-17	 0.199087
0.271566	 2.7937e-17	 2.7093e-17	 3.95e-17	 3.5284e-17	 8.44e-19	 0.0153371
0.271973	 2.7773e-17	 2.6989e-17	 3.922e-17	 3.5127e-17	 7.84e-19	 0.0143165
0.272379	 2.7694e-17	 2.689e-17	 3.9174e-17	 3.5179e-17	 8.04e-19	 0.0147296
0.272785	 2.7652e-17	 2.6865e-17	 3.9001e-17	 3.4936e-17	 7.87e-19	 0.0144359
0.27319	 2.7538e-17	 2.685e-17	 3.8987e-17	 3.4874e-17	 6.88e-19	 0.0126498
0.273594	 2.7585e-17	 2.6699e-17	 3.8954e-17	 3.489e-17	 8.86e-19	 0.0163216
0.273997	 2.7408e-17	 2.676e-17	 3.8752e-17	 3.4806e-17	 6.48e-19	 0.0119628
0.274399	 2.729e-17	 2.6664e-17	 3.8582e-17	 3.495e-17	 6.26e-19	 0.0116025
0.2748	 2.7142e-17	 2.6477e-17	 3.8242e-17	 3.4648e-17	 6.65e-19	 0.0124023
0.275201	 2.6822e-17	 2.6461e-17	 3.7949e-17	 3.4741e-17	 3.61e-19	 0.00677514
0.275601	 2.6624e-17	 2.6165e-17	 3.7613e-17	 3.4618e-17	 4.59e-19	 0.00869499
0.276	 2.6354e-17	 2.5983e-17	 3.7245e-17	 3.453e-17	 3.71e-19	 0.00708868
0.276398	 2.6144e-17	 2.5848e-17	 3.683e-17	 3.4602e-17	 2.96e-19	 0.00569318
0.276795	 2.593e-17	 2.5696e-17	 3.669e-17	 3.4492e-17	 2.34e-19	 0.0045326
0.277191	 2.5855e-17	 2.5628e-17	 3.6569e-17	 3.4573e-17	 2.27e-19	 0.00440922
0.277587	 2.5925e-17	 2.5611e-17	 3.6508e-17	 3.439e-17	 3.14e-19	 0.00609283
0.277982	 2.604e-17	 2.5678e-17	 3.6643e-17	 3.4272e-17	 3.62e-19	 0.0069995
0.278376	 2.6189e-17	 2.5864e-17	 3.6962e-17	 3.4195e-17	 3.25e-19	 0.00624364
0.278769	 2.6308e-17	 2.5981e-17	 3.7239e-17	 3.4159e-17	 3.27e-19	 0.00625371
0.279161	 2.6491e-17	 2.6246e-17	 3.7494e-17	 3.413e-17	 2.45e-19	 0.00464569
0.279552	 2.6645e-17	 2.6309e-17	 3.7764e-17	 3.4066e-17	 3.36e-19	 0.00634513
0.279942	 2.6833e-17	 2.6371e-17	 3.8048e-17	 3.4028e-17	 4.62e-19	 0.00868356
0.280332	 2.684e-17	 2.6432e-17	 3.8138e-17	 3.401e-17	 4.08e-19	 0.00765881
0.280721	 2.6922e-17	 2.6394e-17	 3.821e-17	 3.3865e-17	 5.28e-19	 0.00990322
0.281109	 2.6947e-17	 2.6435e-17	 3.831e-17	 3.3824e-17	 5.12e-19	 0.00959125
0.281496	 2.7093e-17	 2.647e-17	 3.8461e-17	 3.3681e-17	 6.23e-19	 0.0116312
0.281882	 2.7202e-17	 2.6585e-17	 3.8331e-17	 3.381e-17	 6.17e-19	 0.0114712
0.282267	 2.7119e-17	 2.6619e-17	 3.8573e-17	 3.3682e-17	 5e-19	 0.0093044
0.282652	 2.7217e-17	 2.6712e-17	 3.8678e-17	 3.3573e-17	 5.05e-19	 0.00936416
0.283035	 2.7329e-17	 2.6728e-17	 3.8895e-17	 3.3701e-17	 6.01e-19	 0.0111179
0.283418	 2.7524e-17	 2.6857e-17	 3.9253e-17	 3.3537e-17	 6.67e-19	 0.0122653
0.2838	 2.7797e-17	 2.7061e-17	 3.9551e-17	 3.3638e-17	 7.36e-19	 0.0134165
0.284181	 2.8005e-17	 2.7233e-17	 3.994e-17	 3.3681e-17	 7.72e-19	 0.0139759
0.284561	 2.8186e-17	 2.7314e-17	 4.0354e-17	 3.3522e-17	 8.72e-19	 0.0157117
0.28494	 2.8475e-17	 2.7615e-17	 4.0641e-17	 3.3518e-17	 8.6e-19	 0.0153325
0.285319	 2.8556e-17	 2.7616e-17	 4.084e-17	 3.3598e-17	 9.4e-19	 0.0167343
0.285696	 2.8644e-17	 2.7641e-17	 4.0853e-17	 3.3408e-17	 1.003e-18	 0.01782
0.286073	 2.8543e-17	 2.7681e-17	 4.0998e-17	 3.3485e-17	 8.62e-19	 0.0153315
0.286449	 2.8438e-17	 2.756e-17	 4.0684e-17	 3.3303e-17	 8.78e-19	 0.0156791
0.286824	 2.8282e-17	 2.7449e-17	 4.0526e-17	 3.3417e-17	 8.33e-19	 0.0149468
0.287198	 2.8045e-17	 2.7245e-17	 4.0287e-17	 3.3367e-17	 8e-19	 0.0144692
0.287571	 2.7926e-17	 2.6767e-17	 3.9779e-17	 3.3254e-17	 1.159e-18	 0.021191
0.287943	 2.7712e-17	 2.6713e-17	 3.9701e-17	 3.3158e-17	 9.99e-19	 0.0183555
0.288315	 2.7465e-17	 2.6528e-17	 3.9255e-17	 3.3263e-17	 9.37e-19	 0.0173541
0.288685	 2.7255e-17	 2.6324e-17	 3.8873e-17	 3.3044e-17	 9.31e-19	 0.0173762
0.289055	 2.7156e-17	 2.6263e-17	 3.8723e-17	 3.3016e-17	 8.93e-19	 0.0167169
0.289424	 2.7071e-17	 2.6129e-17	 3.91e-17	 3.2865e-17	 9.42e-19	 0.0177068
0.289792	 2.7208e-17	 2.6228e-17	 3.9107e-17	 3.2823e-17	 9.8e-19	 0.0183397
0.290159	 2.7257e-17	 2.6326e-17	 3.9162e-17	 3.285e-17	 9.31e-19	 0.0173749
0.290525	 2.7368e-17	 2.6399e-17	 3.921e-17	 3.2725e-17	 9.69e-19	 0.0180222
0.29089	 2.7502e-17	 2.6406e-17	 3.9467e-17	 3.2769e-17	 1.096e-18	 0.0203309
0.291255	 2.7594e-17	 2.6487e-17	 3.9775e-17	 3.2658e-17	 1.107e-18	 0.0204693
0.291618	 2.7737e-17	 2.6492e-17	 3.9858e-17	 3.2615e-17	 1.245e-18	 0.0229582
0.291981	 2.7748e-17	 2.6534e-17	 3.983e-17	 3.265e-17	 1.214e-18	 0.0223647
0.292342	 2.7785e-17	 2.653e-17	 3.9843e-17	 3.2655e-17	 1.255e-18	 0.023106
0.292703	 2.7646e-17	 2.6552e-17	 3.9688e-17	 3.2668e-17	 1.094e-18	 0.0201852
0.293063	 2.7664e-17	 2.6355e-17	 3.9514e-17	 3.2508e-17	 1.309e-18	 0.0242322
0.293422	 2.7617e-17	 2.6314e-17	 3.9608e-17	 3.2496e-17	 1.303e-18	 0.0241605
0.29378	 2.7453e-17	 2.6348e-17	 3.9336e-17	 3.2534e-17	 1.105e-18	 0.0205387
0.294138	 2.7404e-17	 2.6318e-17	 3.9416e-17	 3.2502e-17	 1.086e-18	 0.0202152
0.294494	 2.7444e-17	 2.6343e-17	 3.9296e-17	 3.2474e-17	 1.101e-18	 0.0204696
0.294849	 2.7424e-17	 2.6346e-17	 3.9294e-17	 3.2333e-17	 1.078e-18	 0.0200484
0.295204	 2.7594e-17	 2.6441e-17	 3.9355e-17	 3.239e-17	 1.153e-18	 0.021338
0.295558	 2.7596e-17	 2.6567e-17	 3.9584e-17	 3.2405e-17	 1.029e-18	 0.0189982
0.29591	 2.7761e-17	 2.6639e-17	 3.9834e-17	 3.2347e-17	 1.122e-18	 0.020625
0.296262	 2.8031e-17	 2.6825e-17	 4.0217e-17	 3.2543e-17	 1.206e-18	 0.0219848
0.296613	 2.8257e-17	 2.7079e-17	 4.0493e-17	 3.2476e-17	 1.178e-18	 0.0212881
0.296963	 2.8372e-17	 2.7128e-17	 4.09e-17	 3.2407e-17	 1.244e-18	 0.0224144
0.297312	 2.8562e-17	 2.7486e-17	 4.1113e-17	 3.2397e-17	 1.076e-18	 0.0191978
0.297661	 2.8709e-17	 2.7577e-17	 4.134e-17	 3.2434e-17	 1.132e-18	 0.0201116
0.298008	 2.8728e-17	 2.7599e-17	 4.1387e-17	 3.2488e-17	 1.129e-18	 0.0200437
0.298354	 2.8764e-17	 2.7713e-17	 4.1226e-17	 3.2386e-17	 1.051e-18	 0.0186093
0.2987	 2.8665e-17	 2.7653e-17	 4.1062e-17	 3.238e-17	 1.012e-18	 0.0179694
0.299044	 2.8589e-17	 2.7528e-17	 4.0892e-17	 3.2395e-17	 1.061e-18	 0.0189069
0.299388	 2.8315e-17	 2.7411e-17	 4.0743e-17	 3.2389e-17	 9.04e-19	 0.0162222
0.299731	 2.8171e-17	 2.7175e-17	 4.0557e-17	 3.232e-17	 9.96e-19	 0.0179959
0.300073	 2.7936e-17	 2.7026e-17	 4.0101e-17	 3.2409e-17	 9.1e-19	 0.0165569
0.300414	 2.776e-17	 2.6808e-17	 3.9696e-17	 3.2288e-17	 9.52e-19	 0.0174461
0.300754	 2.7495e-17	 2.6648e-17	 3.9362e-17	 3.2092e-17	 8.47e-19	 0.0156438
0.301093	 2.735e-17	 2.6574e-17	 3.9103e-17	 3.2126e-17	 7.76e-19	 0.0143906
0.301431	 2.7227e-17	 2.6348e-17	 3.8899e-17	 3.2112e-17	 8.79e-19	 0.0164069
0.301768	 2.6993e-17	 2.6196e-17	 3.8566e-17	 3.2002e-17	 7.97e-19	 0.0149843
0.302105	 2.6879e-17	 2.6232e-17	 3.8595e-17	 3.184e-17	 6.47e-19	 0.012182
0.30244	 2.6797e-17	 2.6167e-17	 3.8633e-17	 3.2003e-17	 6.3e-19	 0.0118949
0.302775	 2.6736e-17	 2.604e-17	 3.834e-17	 3.1819e-17	 6.96e-19	 0.0131878
0.303108	 2.6799e-17	 2.6144e-17	 3.8218e-17	 3.1865e-17	 6.55e-19	 0.0123718
0.303441	 2.6595e-17	 2.5927e-17	 3.794e-17	 3.1877e-17	 6.68e-19	 0.0127185
0.303773	 2.65e-17	 2.5932e-17	 3.7879e-17	 3.1803e-17	 5.68e-19	 0.0108331
0.304104	 2.6408e-17	 2.5791e-17	 3.767e-17	 3.1735e-17	 6.17e-19	 0.0118201
0.304434	 2.6225e-17	 2.5681e-17	 3.7491e-17	 3.1663e-17	 5.44e-19	 0.0104805
0.304763	 2.6085e-17	 2.548e-17	 3.706e-17	 3.1679e-17	 6.05e-19	 0.0117328
0.305091	 2.5843e-17	 2.535e-17	 3.6848e-17	 3.1595e-17	 4.93e-19	 0.00963022
0.305418	 2.5727e-17	 2.5101e-17	 3.6538e-17	 3.1511e-17	 6.26e-19	 0.012316
0.305744	 2.5381e-17	 2.4939e-17	 3.6289e-17	 3.1485e-17	 4.42e-19	 0.00878378
0.306069	 2.5221e-17	 2.4748e-17	 3.5832e-17	 3.17e-17	 4.73e-19	 0.00946587
0.306394	 2.4922e-17	 2.4441e-17	 3.5411e-17	 3.1612e-17	 4.81e-19	 0.00974414
0.306717	 2.4758e-17	 2.4255e-17	 3.5065e-17	 3.1413e-17	 5.03e-19	 0.0102626
0.307039	 2.4561e-17	 2.4236e-17	 3.4854e-17	 3.1415e-17	 3.25e-19	 0.00666025
0.307361	 2.4477e-17	 2.4112e-17	 3.476e-17	 3.1111e-17	 3.65e-19	 0.00751199
0.307681	 2.4445e-17	 2.4057e-17	 3.4477e-17	 3.1168e-17	 3.88e-19	 0.00799967
0.308001	 2.4653e-17	 2.3909e-17	 3.4366e-17	 3.1125e-17	 7.44e-19	 0.0153206
0.30832	 2.4646e-17	 2.3911e-17	 3.4523e-17	 3.1122e-17	 7.35e-19	 0.0151368
0.308638	 2.4663e-17	 2.3965e-17	 3.4276e-17	 3.1033e-17	 6.98e-19	 0.0143539
0.308954	 2.4555e-17	 2.3938e-17	 3.4366e-17	 3.0981e-17	 6.17e-19	 0.0127235
0.30927	 2.4695e-17	 2.416e-17	 3.5257e-17	 3.1152e-17	 5.35e-19	 0.0109508
0.309585	 2.4669e-17	 2.4433e-17	 3.5322e-17	 3.1065e-17	 2.36e-19	 0.00480632
0.309899	 2.4687e-17	 2.4499e-17	 3.5191e-17	 3.1135e-17	 1.88e-19	 0.00382223
0.310212	 2.4742e-17	 2.4446e-17	 3.5336e-17	 3.1032e-17	 2.96e-19	 0.00601773
0.310524	 2.472e-17	 2.444e-17	 3.5231e-17	 3.096e-17	 2.8e-19	 0.00569569
0.310836	 2.4736e-17	 2.4246e-17	 3.5092e-17	 3.0863e-17	 4.9e-19	 0.0100037
0.311146	 2.4512e-17	 2.4237e-17	 3.4839e-17	 3.0912e-17	 2.75e-19	 0.00564114
0.311455	 2.4395e-17	 2.4142e-17	 3.4816e-17	 3.0771e-17	 2.53e-19	 0.00521252
0.311763	 2.4285e-17	 2.403e-17	 3.4757e-17	 3.0728e-17	 2.55e-19	 0.00527786
0.312071	 2.4249e-17	 2.4021e-17	 3.4442e-17	 3.0639e-17	 2.28e-19	 0.00472343
0.312377	 2.4016e-17	 2.3777e-17	 3.4033e-17	 3.0559e-17	 2.39e-19	 0.00500073
0.312683	 2.3926e-17	 2.3729e-17	 3.4095e-17	 3.0552e-17	 1.97e-19	 0.00413388
0.312987	 2.3742e-17	 2.3624e-17	 3.3727e-17	 3.0446e-17	 1.18e-19	 0.00249124
0.313291	 2.3698e-17	 2.3644e-17	 3.3716e-17	 3.0334e-17	 5.4e-20	 0.00114064
0.313593	 2.3567e-17	 2.3493e-17	 3.3467e-17	 3.0237e-17	 7.4e-20	 0.00157246
0.313895	 2.3466e-17	 2.3455e-17	 3.3399e-17	 3.0218e-17	 1.1e-20	 0.000234437
0.314196	 2.3392e-17	 2.3324e-17	 3.3415e-17	 3.0246e-17	 6.8e-20	 0.0014556
0.314496	 2.3455e-17	 2.3403e-17	 3.335e-17	 3.0143e-17	 5.2e-20	 0.00110974
0.314794	 2.3434e-17	 2.3328e-17	 3.326e-17	 3.0134e-17	 1.06e-19	 0.0022668
0.315092	 2.3486e-17	 2.335e-17	 3.3388e-17	 3.0163e-17	 1.36e-19	 0.00290375
0.315389	 2.3482e-17	 2.3377e-17	 3.3316e-17	 3.0131e-17	 1.05e-19	 0.00224076
0.315685	 2.3394e-17	 2.3364e-17	 3.3167e-17	 3.0129e-17	 3e-20	 0.000641601
0.31598	 2.3332e-17	 2.3341e-17	 3.327e-17	 3.0073e-17	 -9e-21	 -0.000192831
0.316274	 2.3245e-17	 2.329e-17	 3.2988e-17	 2.9953e-17	 -4.5e-20	 -0.000967014
