Q 	 ICP 	  ICN 	 ILH 	 ILV 	 IXMCDR  
5.34655e-07	 6.047e-12	 6.1676e-12	 5.5307e-12	 5.2194e-12	 -1.206e-13	 -0.00987343
0.00125092	 9.5122e-14	 9.6005e-14	 8.8281e-14	 7.707e-14	 -8.83e-16	 -0.00461996
0.00250128	 2.1862e-13	 2.185e-13	 1.8993e-13	 1.7687e-13	 1.2e-16	 0.000274524
0.00375163	 3.3696e-13	 3.4005e-13	 3.2335e-13	 2.6325e-13	 -3.09e-15	 -0.00456419
0.00500197	 4.1355e-13	 4.2317e-13	 3.8592e-13	 3.2315e-13	 -9.62e-15	 -0.0114973
0.00625236	 4.9082e-13	 5.0093e-13	 4.5544e-13	 3.7912e-13	 -1.011e-14	 -0.0101941
0.00750266	 5.7272e-13	 5.802e-13	 4.8016e-13	 4.297e-13	 -7.48e-15	 -0.00648787
0.00875294	 5.102e-13	 5.0995e-13	 6.0432e-13	 4.2073e-13	 2.5e-16	 0.000245062
0.0100032	 6.8264e-13	 6.9247e-13	 6.1582e-13	 4.9185e-13	 -9.83e-15	 -0.00714852
0.0112534	 7.4205e-13	 7.5348e-13	 6.7623e-13	 5.2947e-13	 -1.143e-14	 -0.00764278
0.0125036	 8.3472e-13	 8.321e-13	 7.5553e-13	 5.8322e-13	 2.62e-15	 0.00157186
0.0137538	 9.2703e-13	 9.1496e-13	 8.3842e-13	 6.3611e-13	 1.207e-14	 0.0065527
0.0150039	 1.0897e-12	 1.0737e-12	 7.5791e-13	 7.2956e-13	 1.6e-14	 0.00739577
0.0162539	 1.0951e-12	 1.0853e-12	 9.7327e-13	 7.5203e-13	 9.8e-15	 0.00449459
0.017504	 1.1511e-12	 1.1324e-12	 1.0187e-12	 7.7886e-13	 1.87e-14	 0.00818918
0.0187539	 1.2156e-12	 1.1964e-12	 1.0736e-12	 8.0707e-13	 1.92e-14	 0.0079602
0.0200038	 1.1833e-12	 1.1861e-12	 1.1674e-12	 8.594e-13	 -2.8e-15	 -0.00118173
0.0212537	 1.5418e-12	 1.5292e-12	 1.3551e-12	 7.9732e-13	 1.26e-14	 0.0041029
0.0225034	 1.5692e-12	 1.5615e-12	 1.3841e-12	 1.0216e-12	 7.7e-15	 0.00245951
0.0237532	 1.6515e-12	 1.644e-12	 1.4584e-12	 1.0816e-12	 7.5e-15	 0.00227583
0.0250028	 1.7527e-12	 1.7291e-12	 1.5415e-12	 1.1609e-12	 2.36e-14	 0.0067781
0.0262524	 1.853e-12	 1.8243e-12	 1.6207e-12	 1.2112e-12	 2.87e-14	 0.00780464
0.0275018	 2.0841e-12	 2.0554e-12	 1.7944e-12	 1.3213e-12	 2.87e-14	 0.0069332
0.0287512	 2.0674e-12	 2.0311e-12	 1.7631e-12	 1.2823e-12	 3.63e-14	 0.0088569
0.0300005	 2.1341e-12	 2.0923e-12	 1.8125e-12	 1.2996e-12	 4.18e-14	 0.00989021
0.0312498	 2.2319e-12	 2.184e-12	 1.8864e-12	 1.3482e-12	 4.79e-14	 0.0108472
0.0324989	 2.3816e-12	 2.3537e-12	 1.8539e-12	 1.4315e-12	 2.79e-14	 0.00589192
0.0337479	 2.7078e-12	 2.6637e-12	 2.2641e-12	 1.6249e-12	 4.41e-14	 0.00821
0.0349968	 2.7134e-12	 2.6472e-12	 2.2456e-12	 1.6072e-12	 6.62e-14	 0.0123494
0.0362456	 2.7674e-12	 2.7484e-12	 2.2834e-12	 1.6432e-12	 1.9e-14	 0.00344465
0.0374944	 3.0705e-12	 3.0584e-12	 2.7561e-12	 1.7922e-12	 1.21e-14	 0.00197425
0.0387429	 3.4241e-12	 3.4088e-12	 2.9585e-12	 2.0278e-12	 1.53e-14	 0.00223917
0.0399914	 3.7653e-12	 3.8283e-12	 3.3153e-12	 2.2373e-12	 -6.3e-14	 -0.00829646
0.0412398	 3.6851e-12	 3.7249e-12	 3.1999e-12	 2.2215e-12	 -3.98e-14	 -0.00537112
0.042488	 3.696e-12	 3.7257e-12	 3.224e-12	 2.2492e-12	 -2.97e-14	 -0.00400178
0.0437361	 3.6946e-12	 3.7601e-12	 3.2733e-12	 2.3116e-12	 -6.55e-14	 -0.0087864
0.044984	 3.7246e-12	 3.8276e-12	 3.3156e-12	 2.3653e-12	 -1.03e-13	 -0.0136384
0.0462319	 3.8367e-12	 3.9622e-12	 3.3971e-12	 2.49e-12	 -1.255e-13	 -0.016092
0.0474796	 3.3698e-12	 3.8127e-12	 3.2893e-12	 2.3941e-12	 -4.429e-13	 -0.0616638
0.0487271	 3.7009e-12	 3.7668e-12	 3.2538e-12	 2.3858e-12	 -6.59e-14	 -0.00882467
0.0499745	 3.689e-12	 3.7223e-12	 3.2481e-12	 2.29e-12	 -3.33e-14	 -0.00449314
0.0512217	 3.6784e-12	 3.7127e-12	 3.226e-12	 2.3098e-12	 -3.43e-14	 -0.00464072
0.0524688	 3.7429e-12	 3.7986e-12	 3.3004e-12	 2.4126e-12	 -5.57e-14	 -0.0073858
0.0537157	 3.6007e-12	 3.6315e-12	 3.1493e-12	 2.3096e-12	 -3.08e-14	 -0.00425873
0.0549625	 3.5178e-12	 3.5232e-12	 3.0728e-12	 2.2563e-12	 -5.4e-15	 -0.000766937
0.0562091	 3.4545e-12	 3.4378e-12	 3.0078e-12	 2.2222e-12	 1.67e-14	 0.00242299
0.0574555	 3.4136e-12	 3.3525e-12	 2.9513e-12	 2.2009e-12	 6.11e-14	 0.00903031
0.0587018	 3.4255e-12	 3.3472e-12	 2.9676e-12	 2.2569e-12	 7.83e-14	 0.0115611
0.0599478	 3.2621e-12	 3.1597e-12	 2.8084e-12	 2.1314e-12	 1.024e-13	 0.0159457
0.0611937	 3.1377e-12	 3.0295e-12	 2.7031e-12	 2.049e-12	 1.082e-13	 0.0175444
0.0624388	 3.0397e-12	 2.9041e-12	 2.6042e-12	 1.9832e-12	 1.356e-13	 0.0228137
0.0636843	 2.9307e-12	 2.7964e-12	 2.5035e-12	 1.9225e-12	 1.343e-13	 0.0234499
0.0649296	 2.8632e-12	 2.7263e-12	 2.4594e-12	 1.9179e-12	 1.369e-13	 0.0244924
0.0661747	 2.6749e-12	 2.534e-12	 2.2817e-12	 1.7711e-12	 1.409e-13	 0.0270499
0.0674196	 2.5261e-12	 2.386e-12	 2.1505e-12	 1.6746e-12	 1.401e-13	 0.0285214
0.0686644	 2.3784e-12	 2.2411e-12	 2.0262e-12	 1.5869e-12	 1.373e-13	 0.0297218
0.0699089	 2.2347e-12	 2.0903e-12	 1.9025e-12	 1.4938e-12	 1.444e-13	 0.0333873
0.0711531	 2.1071e-12	 1.9896e-12	 1.8159e-12	 1.4495e-12	 1.175e-13	 0.0286816
0.0723972	 1.9179e-12	 1.805e-12	 1.6573e-12	 1.3091e-12	 1.129e-13	 0.0303258
0.0736411	 1.7529e-12	 1.6518e-12	 1.5126e-12	 1.2034e-12	 1.011e-13	 0.0296942
0.0748847	 1.6033e-12	 1.5062e-12	 1.3864e-12	 1.1015e-12	 9.71e-14	 0.0312269
0.0761281	 1.4603e-12	 1.3739e-12	 1.265e-12	 1.0086e-12	 8.64e-14	 0.0304848
0.0773712	 1.3435e-12	 1.2645e-12	 1.1711e-12	 9.4118e-13	 7.9e-14	 0.0302914
0.0786142	 1.1973e-12	 1.125e-12	 1.0425e-12	 8.3317e-13	 7.23e-14	 0.0311329
0.0798569	 1.072e-12	 1.0089e-12	 9.3632e-13	 7.4818e-13	 6.31e-14	 0.0303234
0.0810993	 9.5669e-13	 9.0335e-13	 8.4005e-13	 6.7217e-13	 5.334e-14	 0.0286768
0.0823415	 8.539e-13	 8.0445e-13	 7.494e-13	 5.9758e-13	 4.945e-14	 0.0298188
0.0835835	 7.6747e-13	 7.2641e-13	 6.7846e-13	 5.4554e-13	 4.106e-14	 0.0274855
0.0848252	 6.7315e-13	 6.2859e-13	 5.9334e-13	 4.7366e-13	 4.456e-14	 0.0342311
0.0860666	 5.8303e-13	 5.5816e-13	 5.2033e-13	 4.0352e-13	 2.487e-14	 0.021793
0.0873078	 5.2353e-13	 4.9378e-13	 4.5083e-13	 3.6772e-13	 2.975e-14	 0.0292438
0.0885487	 4.6295e-13	 4.3561e-13	 4.0728e-13	 3.2527e-13	 2.734e-14	 0.0304265
0.0897893	 4.1466e-13	 3.9091e-13	 3.6694e-13	 2.9526e-13	 2.375e-14	 0.0294822
0.0910297	 3.6661e-13	 3.4414e-13	 3.2256e-13	 2.5879e-13	 2.247e-14	 0.0316145
0.0922698	 3.3111e-13	 3.0979e-13	 2.9185e-13	 2.3398e-13	 2.132e-14	 0.0332657
0.0935096	 3.0513e-13	 2.8413e-13	 2.677e-13	 2.1472e-13	 2.1e-14	 0.0356379
0.0947491	 2.8724e-13	 2.6694e-13	 2.5041e-13	 2.023e-13	 2.03e-14	 0.0366307
0.0959883	 2.7997e-13	 2.6038e-13	 2.405e-13	 1.9862e-13	 1.959e-14	 0.0362543
0.0972273	 2.686e-13	 2.5353e-13	 2.3801e-13	 1.9225e-13	 1.507e-14	 0.0288625
0.0984659	 2.7285e-13	 2.532e-13	 2.3665e-13	 1.9245e-13	 1.965e-14	 0.0373539
0.0997043	 2.7669e-13	 2.5671e-13	 2.3826e-13	 1.9541e-13	 1.998e-14	 0.0374578
0.100942	 2.8129e-13	 2.6113e-13	 2.4079e-13	 1.9896e-13	 2.016e-14	 0.0371668
0.10218	 2.8742e-13	 2.6649e-13	 2.493e-13	 2.0538e-13	 2.093e-14	 0.0377859
0.103417	 2.854e-13	 2.6599e-13	 2.4351e-13	 2.0331e-13	 1.941e-14	 0.0352019
0.104655	 2.8208e-13	 2.6249e-13	 2.4164e-13	 2.0183e-13	 1.959e-14	 0.0359733
0.105891	 2.7472e-13	 2.5667e-13	 2.3415e-13	 1.9716e-13	 1.805e-14	 0.0339675
0.107128	 2.6291e-13	 2.4462e-13	 2.2517e-13	 1.8983e-13	 1.829e-14	 0.0360373
0.108364	 2.4886e-13	 2.3383e-13	 2.1356e-13	 1.814e-13	 1.503e-14	 0.031138
0.1096	 2.2757e-13	 2.1385e-13	 1.9378e-13	 1.6555e-13	 1.372e-14	 0.0310815
0.110835	 2.0508e-13	 1.9242e-13	 1.719e-13	 1.4881e-13	 1.266e-14	 0.0318491
0.11207	 1.8197e-13	 1.7095e-13	 1.4771e-13	 1.3242e-13	 1.102e-14	 0.0312252
0.113305	 1.5849e-13	 1.4888e-13	 1.2796e-13	 1.1536e-13	 9.61e-15	 0.0312653
0.11454	 1.3732e-13	 1.2902e-13	 1.1156e-13	 1.0088e-13	 8.3e-15	 0.0311632
0.115774	 1.1663e-13	 1.092e-13	 9.4507e-14	 8.4953e-14	 7.43e-15	 0.0329009
0.117007	 9.9771e-14	 9.3044e-14	 8.1043e-14	 7.2627e-14	 6.727e-15	 0.0348884
0.118241	 8.6313e-14	 8.009e-14	 6.9956e-14	 6.2847e-14	 6.223e-15	 0.0373972
0.119474	 7.5899e-14	 7.11e-14	 6.1719e-14	 5.5267e-14	 4.799e-15	 0.0326465
0.120707	 6.8159e-14	 6.1233e-14	 5.6307e-14	 5.0586e-14	 6.926e-15	 0.0535273
0.121939	 6.2292e-14	 5.8476e-14	 5.158e-14	 4.5826e-14	 3.816e-15	 0.0315978
0.123171	 5.8686e-14	 5.472e-14	 4.8637e-14	 4.3637e-14	 3.966e-15	 0.0349717
0.124402	 5.5808e-14	 5.2134e-14	 4.602e-14	 4.2031e-14	 3.674e-15	 0.0340368
0.125634	 5.3161e-14	 4.8156e-14	 4.4914e-14	 4.0219e-14	 5.005e-15	 0.0493994
0.126864	 5.0323e-14	 4.672e-14	 4.3721e-14	 3.8907e-14	 3.603e-15	 0.0371279
0.128095	 4.6663e-14	 4.343e-14	 4.0705e-14	 3.6199e-14	 3.233e-15	 0.0358851
0.129325	 4.285e-14	 3.9746e-14	 3.7741e-14	 3.3469e-14	 3.104e-15	 0.0375805
0.130554	 3.8813e-14	 3.5731e-14	 3.422e-14	 3.0331e-14	 3.082e-15	 0.0413447
0.131784	 3.4866e-14	 3.1945e-14	 3.0518e-14	 2.7e-14	 2.921e-15	 0.0437203
0.133012	 3.0794e-14	 2.8165e-14	 2.7258e-14	 2.4015e-14	 2.629e-15	 0.0445903
0.134241	 2.6854e-14	 2.4259e-14	 2.3533e-14	 2.0749e-14	 2.595e-15	 0.0507699
0.135469	 2.3639e-14	 2.1219e-14	 2.0695e-14	 1.8136e-14	 2.42e-15	 0.053948
0.136696	 2.1292e-14	 1.8934e-14	 1.8566e-14	 1.6208e-14	 2.358e-15	 0.0586188
0.137924	 1.9561e-14	 1.7471e-14	 1.7225e-14	 1.4949e-14	 2.09e-15	 0.0564377
0.13915	 1.8844e-14	 1.6925e-14	 1.6775e-14	 1.4477e-14	 1.919e-15	 0.0536498
0.140377	 1.8445e-14	 1.6453e-14	 1.6443e-14	 1.4129e-14	 1.992e-15	 0.0570806
0.141603	 1.8401e-14	 1.6484e-14	 1.6633e-14	 1.4235e-14	 1.917e-15	 0.054952
0.142828	 1.8577e-14	 1.6645e-14	 1.7038e-14	 1.4492e-14	 1.932e-15	 0.0548521
0.144053	 1.8572e-14	 1.6826e-14	 1.7347e-14	 1.4756e-14	 1.746e-15	 0.0493248
0.145278	 1.8412e-14	 1.6904e-14	 1.7703e-14	 1.4906e-14	 1.508e-15	 0.0427002
0.146502	 1.7422e-14	 1.6136e-14	 1.6913e-14	 1.4225e-14	 1.286e-15	 0.0383217
0.147726	 1.5762e-14	 1.4852e-14	 1.5617e-14	 1.3104e-14	 9.1e-16	 0.029725
0.148949	 1.3565e-14	 1.3071e-14	 1.373e-14	 1.1504e-14	 4.94e-16	 0.0185463
0.150172	 1.1007e-14	 1.0801e-14	 1.1354e-14	 9.4977e-15	 2.06e-16	 0.00944607
0.151394	 8.2864e-15	 8.3695e-15	 8.5047e-15	 7.3758e-15	 -8.31e-17	 -0.00498922
0.152616	 5.278e-15	 5.443e-15	 6.079e-15	 5.107e-15	 -1.65e-16	 -0.0153904
0.153837	 3.2284e-15	 3.4212e-15	 3.5383e-15	 3.0031e-15	 -1.928e-16	 -0.0289942
0.155058	 1.7283e-15	 1.8786e-15	 1.9625e-15	 1.6675e-15	 -1.503e-16	 -0.0416701
0.156279	 9.3173e-16	 9.9589e-16	 1.049e-15	 9.0418e-16	 -6.416e-17	 -0.0332846
0.157499	 9.3181e-16	 8.8205e-16	 9.507e-16	 8.0149e-16	 4.976e-17	 0.0274332
0.158718	 1.721e-15	 1.5283e-15	 1.6589e-15	 1.3603e-15	 1.927e-16	 0.0593051
0.159937	 3.271e-15	 2.943e-15	 3.1966e-15	 2.5795e-15	 3.28e-16	 0.052784
0.161156	 5.4747e-15	 5.001e-15	 5.3309e-15	 4.3584e-15	 4.737e-16	 0.0452189
0.162374	 8.4424e-15	 7.8646e-15	 8.1949e-15	 6.4661e-15	 5.778e-16	 0.0354326
0.163592	 1.1865e-14	 1.1168e-14	 1.1499e-14	 8.7039e-15	 6.97e-16	 0.0302609
0.164809	 1.4659e-14	 1.3859e-14	 1.5147e-14	 1.1895e-14	 8e-16	 0.0280525
0.166025	 1.7465e-14	 1.663e-14	 1.8063e-14	 1.4244e-14	 8.35e-16	 0.0244904
0.167241	 1.9715e-14	 1.8807e-14	 2.0181e-14	 1.6076e-14	 9.08e-16	 0.0235709
0.168457	 2.1151e-14	 2.036e-14	 2.214e-14	 1.7372e-14	 7.91e-16	 0.0190552
0.169672	 2.2144e-14	 2.1348e-14	 2.3298e-14	 1.8161e-14	 7.96e-16	 0.0183022
0.170886	 2.1837e-14	 2.1067e-14	 2.2933e-14	 1.7948e-14	 7.7e-16	 0.017947
0.172101	 2.1078e-14	 2.0278e-14	 2.2177e-14	 1.7286e-14	 8e-16	 0.0193442
0.173314	 1.9803e-14	 1.9025e-14	 2.0913e-14	 1.6203e-14	 7.78e-16	 0.0200371
0.174527	 1.8129e-14	 1.7484e-14	 1.9229e-14	 1.4876e-14	 6.45e-16	 0.0181114
0.175739	 1.6497e-14	 1.5865e-14	 1.7509e-14	 1.3536e-14	 6.32e-16	 0.0195291
0.176951	 1.4537e-14	 1.3939e-14	 1.5393e-14	 1.1854e-14	 5.98e-16	 0.0210001
0.178163	 1.2772e-14	 1.2197e-14	 1.3512e-14	 1.0352e-14	 5.75e-16	 0.0230286
0.179373	 1.1122e-14	 1.0575e-14	 1.1724e-14	 8.9755e-15	 5.47e-16	 0.0252109
0.180584	 9.6763e-15	 9.1797e-15	 1.0216e-14	 7.7927e-15	 4.966e-16	 0.0263364
0.181793	 8.5209e-15	 8.0961e-15	 9.0441e-15	 6.8651e-15	 4.248e-16	 0.0255642
0.183003	 7.5249e-15	 7.1432e-15	 7.981e-15	 6.0422e-15	 3.817e-16	 0.0260225
0.184211	 6.8955e-15	 6.5222e-15	 7.3104e-15	 5.5096e-15	 3.733e-16	 0.0278215
0.185419	 6.456e-15	 6.1593e-15	 6.9093e-15	 5.1801e-15	 2.967e-16	 0.0235191
0.186627	 6.2143e-15	 5.9595e-15	 6.6807e-15	 4.9881e-15	 2.548e-16	 0.0209302
0.187834	 6.048e-15	 5.8478e-15	 6.559e-15	 4.8642e-15	 2.002e-16	 0.0168295
0.18904	 5.7514e-15	 5.61e-15	 6.2827e-15	 4.643e-15	 1.414e-16	 0.0124456
0.190246	 5.4183e-15	 5.3133e-15	 5.9398e-15	 4.3856e-15	 1.05e-16	 0.00978419
0.191451	 4.9193e-15	 4.8585e-15	 5.4461e-15	 3.9976e-15	 6.08e-17	 0.00621817
0.192655	 4.3239e-15	 4.2984e-15	 4.8166e-15	 3.5238e-15	 2.55e-17	 0.00295745
0.193859	 3.6843e-15	 3.6914e-15	 3.7993e-15	 3.0158e-15	 -7.1e-18	 -0.00096262
0.195063	 2.8304e-15	 2.843e-15	 3.2022e-15	 2.4505e-15	 -1.26e-17	 -0.00222089
0.196266	 2.3007e-15	 2.3108e-15	 2.5945e-15	 1.9797e-15	 -1.01e-17	 -0.00219018
0.197468	 1.8937e-15	 1.9027e-15	 2.1357e-15	 1.5026e-15	 -9e-18	 -0.00237067
0.19867	 1.6567e-15	 1.6553e-15	 1.8597e-15	 1.3088e-15	 1.4e-18	 0.000422705
0.199871	 1.6218e-15	 1.5987e-15	 1.8112e-15	 1.2562e-15	 2.31e-17	 0.0071728
0.201071	 1.7498e-15	 1.7047e-15	 1.9352e-15	 1.3369e-15	 4.51e-17	 0.0130554
0.202271	 2.0696e-15	 2.0022e-15	 2.2766e-15	 1.5706e-15	 6.74e-17	 0.0165529
0.20347	 2.5337e-15	 2.4487e-15	 2.7965e-15	 1.9e-15	 8.5e-17	 0.0170601
0.204668	 3.1088e-15	 2.9965e-15	 3.4439e-15	 2.3592e-15	 1.123e-16	 0.0183939
0.205866	 3.6476e-15	 3.5307e-15	 4.1686e-15	 2.8625e-15	 1.169e-16	 0.0162852
0.207064	 4.2647e-15	 4.1396e-15	 4.7476e-15	 3.268e-15	 1.251e-16	 0.0148852
0.20826	 4.7068e-15	 4.5947e-15	 5.2761e-15	 3.6154e-15	 1.121e-16	 0.0120518
0.209456	 4.9629e-15	 4.8657e-15	 5.6042e-15	 3.8165e-15	 9.72e-17	 0.00988951
0.210652	 4.9984e-15	 4.915e-15	 5.6828e-15	 3.8687e-15	 8.34e-17	 0.00841286
0.211847	 4.8571e-15	 4.7799e-15	 5.5435e-15	 3.7565e-15	 7.72e-17	 0.00801079
0.213041	 4.4487e-15	 4.3771e-15	 5.0865e-15	 3.4453e-15	 7.16e-17	 0.00811258
0.214234	 3.9383e-15	 3.8788e-15	 4.5184e-15	 3.0486e-15	 5.95e-17	 0.00761152
0.215427	 3.3547e-15	 3.3074e-15	 3.8605e-15	 2.5986e-15	 4.73e-17	 0.00709986
0.216619	 2.7613e-15	 2.7202e-15	 3.1859e-15	 2.1384e-15	 4.11e-17	 0.00749795
0.217811	 2.2093e-15	 2.1788e-15	 2.5594e-15	 1.7131e-15	 3.05e-17	 0.00695062
0.219002	 1.6942e-15	 1.6689e-15	 1.969e-15	 1.3129e-15	 2.53e-17	 0.00752282
0.220192	 1.2621e-15	 1.2459e-15	 1.4712e-15	 9.8125e-16	 1.62e-17	 0.00645933
0.221381	 9.1588e-16	 9.0461e-16	 1.0717e-15	 7.1521e-16	 1.127e-17	 0.00619064
0.22257	 6.571e-16	 6.5099e-16	 7.7466e-16	 5.1938e-16	 6.11e-18	 0.00467093
0.223758	 4.9044e-16	 4.9495e-16	 5.7512e-16	 3.999e-16	 -4.51e-18	 -0.00457687
0.224946	 4.2174e-16	 4.2344e-16	 5.0704e-16	 3.4059e-16	 -1.7e-18	 -0.00201141
0.226132	 4.5881e-16	 4.6211e-16	 5.5591e-16	 3.6859e-16	 -3.3e-18	 -0.00358337
0.227319	 5.6912e-16	 5.825e-16	 6.9332e-16	 4.5865e-16	 -1.338e-17	 -0.0116184
0.228504	 7.5956e-16	 7.7756e-16	 8.9689e-16	 6.0198e-16	 -1.8e-17	 -0.0117102
0.229689	 9.4723e-16	 9.7301e-16	 1.1372e-15	 7.1717e-16	 -2.578e-17	 -0.0134254
0.230873	 1.075e-15	 1.1078e-15	 1.3202e-15	 8.2119e-16	 -3.28e-17	 -0.0150266
0.232056	 1.1327e-15	 1.1734e-15	 1.3939e-15	 8.6054e-16	 -4.07e-17	 -0.0176488
0.233239	 1.0995e-15	 1.1442e-15	 1.3606e-15	 8.3788e-16	 -4.47e-17	 -0.0199224
0.23442	 9.8396e-16	 1.0273e-15	 1.222e-15	 7.5477e-16	 -4.334e-17	 -0.0215487
0.235602	 8.1114e-16	 8.5532e-16	 1.0155e-15	 6.2841e-16	 -4.418e-17	 -0.0265113
0.236782	 6.0498e-16	 6.432e-16	 7.6428e-16	 4.7907e-16	 -3.822e-17	 -0.0306206
0.237962	 4.1466e-16	 4.4445e-16	 5.2945e-16	 3.3666e-16	 -2.979e-17	 -0.0346754
0.239141	 2.6196e-16	 2.8066e-16	 3.3745e-16	 2.2109e-16	 -1.87e-17	 -0.0344624
0.240319	 1.6079e-16	 1.6857e-16	 2.0728e-16	 1.4247e-16	 -7.78e-18	 -0.0236216
0.241497	 1.2324e-16	 1.1972e-16	 1.5695e-16	 1.0251e-16	 3.52e-18	 0.014488
0.242673	 1.1753e-16	 1.026e-16	 1.3854e-16	 9.9591e-17	 1.493e-17	 0.0678236
0.24385	 1.6934e-16	 1.455e-16	 1.9619e-16	 1.3172e-16	 2.384e-17	 0.075721
0.245025	 2.6696e-16	 2.3431e-16	 3.1034e-16	 1.9613e-16	 3.265e-17	 0.0651346
0.246199	 4.2834e-16	 3.8233e-16	 5.0244e-16	 2.9407e-16	 4.601e-17	 0.0567555
0.247373	 5.9695e-16	 5.4812e-16	 7.1222e-16	 4.2342e-16	 4.883e-17	 0.0426437
0.248546	 8.3976e-16	 7.8409e-16	 1.0012e-15	 5.6764e-16	 5.567e-17	 0.0342827
0.249719	 1.085e-15	 1.0243e-15	 1.2999e-15	 7.3034e-16	 6.07e-17	 0.0287773
0.25089	 1.3105e-15	 1.2573e-15	 1.5928e-15	 8.9394e-16	 5.32e-17	 0.0207181
0.252061	 1.5241e-15	 1.4533e-15	 1.8523e-15	 1.0562e-15	 7.08e-17	 0.0237791
0.253231	 1.6798e-15	 1.6197e-15	 2.0138e-15	 1.1752e-15	 6.01e-17	 0.0182149
0.2544	 1.7372e-15	 1.6805e-15	 2.1301e-15	 1.2055e-15	 5.67e-17	 0.0165901
0.255569	 1.7217e-15	 1.6659e-15	 2.1037e-15	 1.1903e-15	 5.58e-17	 0.0164718
0.256736	 1.6363e-15	 1.5855e-15	 2.002e-15	 1.1303e-15	 5.08e-17	 0.0157676
0.257903	 1.5022e-15	 1.4574e-15	 1.8422e-15	 1.0364e-15	 4.48e-17	 0.0151372
0.25907	 1.3479e-15	 1.305e-15	 1.6132e-15	 9.2723e-16	 4.29e-17	 0.016171
0.260235	 1.1699e-15	 1.1321e-15	 1.4368e-15	 8.0307e-16	 3.78e-17	 0.0164205
0.261399	 1.0142e-15	 9.8086e-16	 1.2519e-15	 6.965e-16	 3.334e-17	 0.0167113
0.262563	 8.8765e-16	 8.5554e-16	 1.0948e-15	 6.0958e-16	 3.211e-17	 0.0184203
0.263726	 7.9291e-16	 7.6311e-16	 9.7727e-16	 5.4405e-16	 2.98e-17	 0.0191514
0.264888	 7.3225e-16	 7.0377e-16	 9.055e-16	 5.0315e-16	 2.848e-17	 0.0198326
0.26605	 6.9083e-16	 6.6272e-16	 8.5694e-16	 4.7351e-16	 2.811e-17	 0.0207676
0.26721	 6.7754e-16	 6.4783e-16	 8.4434e-16	 4.6233e-16	 2.971e-17	 0.0224164
0.26837	 6.7835e-16	 6.51e-16	 8.5186e-16	 4.6418e-16	 2.735e-17	 0.020574
0.269529	 6.893e-16	 6.6145e-16	 8.6797e-16	 4.7024e-16	 2.785e-17	 0.0206182
0.270687	 6.987e-16	 6.715e-16	 8.8543e-16	 4.7797e-16	 2.72e-17	 0.0198511
0.271844	 6.8576e-16	 6.5885e-16	 8.7099e-16	 4.6643e-16	 2.691e-17	 0.0200132
0.273001	 6.5805e-16	 6.3089e-16	 8.3525e-16	 4.456e-16	 2.716e-17	 0.0210716
0.274156	 6.0578e-16	 5.811e-16	 7.6894e-16	 4.1179e-16	 2.468e-17	 0.020794
0.275311	 5.3485e-16	 5.1165e-16	 6.7983e-16	 3.6342e-16	 2.32e-17	 0.0221691
0.276465	 4.542e-16	 4.3142e-16	 5.7672e-16	 3.0956e-16	 2.278e-17	 0.0257221
0.277618	 3.7137e-16	 3.489e-16	 4.7088e-16	 2.5501e-16	 2.247e-17	 0.0311966
0.27877	 3.0683e-16	 2.8673e-16	 3.7637e-16	 2.1242e-16	 2.01e-17	 0.0338635
0.279922	 2.6368e-16	 2.4077e-16	 3.2989e-16	 1.8776e-16	 2.291e-17	 0.0454158
0.281072	 2.6021e-16	 2.3669e-16	 3.2663e-16	 1.9563e-16	 2.352e-17	 0.0473335
0.282222	 2.8766e-16	 2.6292e-16	 3.6166e-16	 1.9387e-16	 2.474e-17	 0.0449344
0.283371	 3.3727e-16	 3.1185e-16	 4.2754e-16	 2.2299e-16	 2.542e-17	 0.0391607
0.284519	 4.0313e-16	 3.8634e-16	 5.137e-16	 2.6052e-16	 1.679e-17	 0.0212674
0.285666	 4.7703e-16	 4.4354e-16	 6.0907e-16	 3.036e-16	 3.349e-17	 0.0363796
0.286812	 5.4948e-16	 5.1942e-16	 7.0671e-16	 3.4659e-16	 3.006e-17	 0.0281224
0.287957	 6.2685e-16	 5.9756e-16	 8.1013e-16	 3.9479e-16	 2.929e-17	 0.0239217
0.289102	 7.2735e-16	 6.977e-16	 9.1574e-16	 4.3743e-16	 2.965e-17	 0.0208063
0.290245	 8.1464e-16	 7.8802e-16	 1.0607e-15	 5.1462e-16	 2.662e-17	 0.0166099
0.291388	 9.1066e-16	 8.8618e-16	 1.2001e-15	 5.4223e-16	 2.448e-17	 0.0136239
0.29253	 1.0097e-15	 9.9073e-16	 1.3403e-15	 6.0049e-16	 1.897e-17	 0.00948296
0.293671	 1.109e-15	 1.0947e-15	 1.483e-15	 6.5595e-16	 1.43e-17	 0.00648909
0.294811	 1.1783e-15	 1.1682e-15	 1.5812e-15	 6.9621e-16	 1.01e-17	 0.00430428
0.29595	 1.2253e-15	 1.2181e-15	 1.6503e-15	 7.2335e-16	 7.2e-18	 0.00294671
0.297088	 1.2346e-15	 1.23e-15	 1.6686e-15	 7.2585e-16	 4.6e-18	 0.00186643
0.298226	 1.2052e-15	 1.201e-15	 1.6315e-15	 7.0641e-16	 4.2e-18	 0.00174549
0.299362	 1.1402e-15	 1.1377e-15	 1.547e-15	 6.6721e-16	 2.5e-18	 0.0010975
0.300497	 1.0294e-15	 1.0275e-15	 1.4009e-15	 6.0134e-16	 1.9e-18	 0.00092372
0.301632	 9.0385e-16	 9.0204e-16	 1.2332e-15	 5.2886e-16	 1.81e-18	 0.00100228
0.302766	 7.7187e-16	 7.7052e-16	 1.0556e-15	 4.5469e-16	 1.35e-18	 0.000875265
0.303898	 6.4696e-16	 6.4673e-16	 8.8827e-16	 3.8242e-16	 2.3e-19	 0.000177786
0.30503	 5.3855e-16	 5.3903e-16	 7.4182e-16	 3.1988e-16	 -4.8e-19	 -0.000445443
0.306161	 4.428e-16	 4.4348e-16	 6.1145e-16	 2.6627e-16	 -6.8e-19	 -0.000767252
0.307291	 3.6966e-16	 3.6988e-16	 5.1145e-16	 2.247e-16	 -2.2e-19	 -0.000297482
0.30842	 3.1391e-16	 3.1374e-16	 4.3505e-16	 1.9349e-16	 1.7e-19	 0.000270852
0.309548	 2.7323e-16	 2.7213e-16	 3.7958e-16	 1.7036e-16	 1.1e-18	 0.00201702
0.310675	 2.4507e-16	 2.4362e-16	 3.4027e-16	 1.5378e-16	 1.45e-18	 0.00296712
0.311802	 2.206e-16	 2.1891e-16	 3.083e-16	 1.4005e-16	 1.69e-18	 0.00384519
0.312927	 2.0091e-16	 1.9881e-16	 2.814e-16	 1.2874e-16	 2.1e-18	 0.00525368
0.314051	 1.837e-16	 1.8012e-16	 2.5643e-16	 1.1899e-16	 3.58e-18	 0.00984003
0.315175	 1.6519e-16	 1.6151e-16	 2.3165e-16	 1.0876e-16	 3.68e-18	 0.0112642
0.316297	 1.4572e-16	 1.418e-16	 2.0438e-16	 9.7665e-17	 3.92e-18	 0.0136338
0.317418	 1.3166e-16	 1.2828e-16	 1.8558e-16	 1.055e-16	 3.38e-18	 0.013003
0.318539	 9.6076e-17	 9.275e-17	 1.3484e-16	 7.3214e-17	 3.326e-18	 0.0176141
0.319658	 7.4185e-17	 7.1427e-17	 1.0426e-16	 6.1077e-17	 2.758e-18	 0.0189407
0.320777	 5.534e-17	 5.3414e-17	 7.8262e-17	 5.1326e-17	 1.926e-18	 0.0177097
0.321894	 4.1876e-17	 4.1421e-17	 6.032e-17	 4.4337e-17	 4.55e-19	 0.00546238
0.323011	 3.5329e-17	 3.5857e-17	 5.1806e-17	 4.1001e-17	 -5.28e-19	 -0.00741719
0.324126	 3.5598e-17	 3.7209e-17	 5.3466e-17	 4.1226e-17	 -1.611e-18	 -0.022127
0.325241	 4.1959e-17	 4.4165e-17	 6.3301e-17	 4.4368e-17	 -2.206e-18	 -0.0256142
0.326355	 5.1812e-17	 5.531e-17	 7.8377e-17	 4.9352e-17	 -3.498e-18	 -0.0326544
0.327467	 6.3651e-17	 6.7257e-17	 9.5605e-17	 5.485e-17	 -3.606e-18	 -0.0275461
0.328579	 7.4249e-17	 7.82e-17	 1.1139e-16	 5.998e-17	 -3.951e-18	 -0.0259169
0.329689	 8.3494e-17	 8.7987e-17	 1.2552e-16	 6.414e-17	 -4.493e-18	 -0.0262012
0.330799	 9.0924e-17	 9.6007e-17	 1.3678e-16	 6.7945e-17	 -5.083e-18	 -0.0271919
0.331907	 9.7898e-17	 1.0376e-16	 1.4781e-16	 7.1142e-17	 -5.862e-18	 -0.029069
0.333015	 1.0554e-16	 1.1095e-16	 1.5901e-16	 7.4671e-17	 -5.41e-18	 -0.0249896
0.334122	 1.1203e-16	 1.1875e-16	 1.6963e-16	 7.7799e-17	 -6.72e-18	 -0.0291186
0.335227	 1.194e-16	 1.2664e-16	 1.8148e-16	 8.1102e-17	 -7.24e-18	 -0.0294261
0.336332	 1.2583e-16	 1.3397e-16	 1.9129e-16	 8.3844e-17	 -8.14e-18	 -0.0313318
0.337435	 1.2991e-16	 1.3857e-16	 1.9771e-16	 8.5812e-17	 -8.66e-18	 -0.0322557
0.338538	 1.3045e-16	 1.3903e-16	 1.9894e-16	 8.6028e-17	 -8.58e-18	 -0.0318391
0.339639	 1.2593e-16	 1.3456e-16	 1.925e-16	 8.332e-17	 -8.63e-18	 -0.0331299
0.340739	 1.1822e-16	 1.2625e-16	 1.8125e-16	 7.9176e-17	 -8.03e-18	 -0.0328466
0.341839	 1.0857e-16	 1.1514e-16	 1.6583e-16	 7.4025e-17	 -6.57e-18	 -0.0293684
0.342937	 9.883e-17	 1.0426e-16	 1.501e-16	 6.9192e-17	 -5.43e-18	 -0.0267369
0.344034	 9.1881e-17	 9.523e-17	 1.3868e-16	 6.5257e-17	 -3.349e-18	 -0.0178985
0.345131	 8.791e-17	 8.9353e-17	 1.3142e-16	 6.2575e-17	 -1.443e-18	 -0.00814045
0.346226	 8.8923e-17	 8.8535e-17	 1.3137e-16	 6.2141e-17	 3.88e-19	 0.00218643
0.34732	 9.4412e-17	 9.1837e-17	 1.3845e-16	 6.3815e-17	 2.575e-18	 0.0138256
0.348413	 1.0297e-16	 9.8907e-17	 1.5045e-16	 6.6488e-17	 4.063e-18	 0.0201261
0.349505	 1.1375e-16	 1.0851e-16	 1.6603e-16	 7.0639e-17	 5.24e-18	 0.023576
0.350596	 1.2519e-16	 1.1779e-16	 1.82e-16	 7.4469e-17	 7.4e-18	 0.0304552
0.351686	 1.3586e-16	 1.2786e-16	 1.9826e-16	 7.8419e-17	 8e-18	 0.0303352
0.352775	 1.4711e-16	 1.386e-16	 2.1546e-16	 8.2559e-17	 8.51e-18	 0.0297854
0.353862	 1.5915e-16	 1.5083e-16	 2.341e-16	 8.6611e-17	 8.32e-18	 0.0268404
0.354949	 1.7223e-16	 1.6319e-16	 2.5348e-16	 9.1966e-17	 9.04e-18	 0.0269513
0.356034	 1.8523e-16	 1.7593e-16	 2.7296e-16	 9.6931e-17	 9.3e-18	 0.0257504
0.357119	 1.9892e-16	 1.8954e-16	 2.9462e-16	 1.0174e-16	 9.38e-18	 0.0241466
0.358202	 2.1163e-16	 2.0255e-16	 3.1465e-16	 1.0638e-16	 9.08e-18	 0.0219228
0.359285	 2.2235e-16	 2.1373e-16	 3.3202e-16	 1.0986e-16	 8.62e-18	 0.019767
0.360366	 2.2748e-16	 2.1875e-16	 3.4095e-16	 1.1152e-16	 8.73e-18	 0.0195639
0.361446	 2.2611e-16	 2.1774e-16	 3.3893e-16	 1.1009e-16	 8.37e-18	 0.0188577
0.362525	 2.1748e-16	 2.0957e-16	 3.2732e-16	 1.0607e-16	 7.91e-18	 0.0185224
0.363603	 2.0192e-16	 1.9466e-16	 3.0471e-16	 9.9856e-17	 7.26e-18	 0.0183065
0.36468	 1.8076e-16	 1.7492e-16	 2.7354e-16	 9.1649e-17	 5.84e-18	 0.0164193
0.365755	 1.5642e-16	 1.5124e-16	 2.37e-16	 8.2174e-17	 5.18e-18	 0.0168368
0.36683	 1.3008e-16	 1.2598e-16	 1.9653e-16	 7.238e-17	 4.1e-18	 0.0160119
0.367903	 1.0505e-16	 1.0175e-16	 1.5886e-16	 6.3237e-17	 3.3e-18	 0.0159574
0.368976	 8.3503e-17	 8.0862e-17	 1.2556e-16	 5.5191e-17	 2.641e-18	 0.0160679
0.370047	 6.5903e-17	 6.3722e-17	 9.9093e-17	 4.8856e-17	 2.181e-18	 0.0168255
0.371117	 5.3135e-17	 5.1142e-17	 7.8854e-17	 4.4083e-17	 1.993e-18	 0.0191126
0.372186	 4.4455e-17	 4.2551e-17	 6.5486e-17	 4.1101e-17	 1.904e-18	 0.0218835
0.373254	 3.9188e-17	 3.7546e-17	 5.7513e-17	 3.927e-17	 1.642e-18	 0.0213986
0.37432	 3.6279e-17	 3.4949e-17	 5.3158e-17	 3.8308e-17	 1.33e-18	 0.0186724
0.375386	 3.4911e-17	 3.3497e-17	 5.1245e-17	 3.7861e-17	 1.414e-18	 0.0206701
0.37645	 3.4373e-17	 3.3004e-17	 5.0299e-17	 3.7594e-17	 1.369e-18	 0.0203185
0.377514	 3.3974e-17	 3.2743e-17	 4.9785e-17	 3.7542e-17	 1.231e-18	 0.0184511
0.378576	 3.4044e-17	 3.2917e-17	 5.0061e-17	 3.7518e-17	 1.127e-18	 0.0168307
0.379637	 3.4608e-17	 3.3672e-17	 5.1299e-17	 3.7879e-17	 9.36e-19	 0.0137083
0.380696	 3.6691e-17	 3.5875e-17	 5.4819e-17	 3.8419e-17	 8.16e-19	 0.0112449
0.381755	 4.0574e-17	 3.9984e-17	 6.1434e-17	 3.9709e-17	 5.9e-19	 0.00732392
0.382813	 4.7089e-17	 4.6442e-17	 7.1854e-17	 4.1849e-17	 6.47e-19	 0.00691749
0.383869	 5.6621e-17	 5.6187e-17	 8.7387e-17	 4.4783e-17	 4.34e-19	 0.00384724
0.384924	 6.9521e-17	 6.9087e-17	 1.0879e-16	 4.8565e-17	 4.34e-19	 0.00313113
0.385978	 8.4951e-17	 8.4742e-17	 1.3426e-16	 5.3108e-17	 2.09e-19	 0.00123164
0.387031	 1.0285e-16	 1.0255e-16	 1.6363e-16	 5.8098e-17	 3e-19	 0.00146056
0.388082	 1.2081e-16	 1.2061e-16	 1.9349e-16	 6.3127e-17	 2e-19	 0.000828432
0.389133	 1.387e-16	 1.3729e-16	 2.2164e-16	 6.7874e-17	 1.41e-18	 0.00510888
0.390182	 1.5262e-16	 1.5173e-16	 2.4591e-16	 7.128e-17	 8.9e-19	 0.00292426
0.39123	 1.6425e-16	 1.6311e-16	 2.6592e-16	 7.4453e-17	 1.14e-18	 0.0034824
0.392277	 1.7167e-16	 1.704e-16	 2.7827e-16	 7.6088e-17	 1.27e-18	 0.00371269
0.393323	 1.7372e-16	 1.7204e-16	 2.8191e-16	 7.6208e-17	 1.68e-18	 0.00485886
0.394367	 1.7295e-16	 1.7078e-16	 2.8029e-16	 7.556e-17	 2.17e-18	 0.00631309
0.39541	 1.689e-16	 1.6734e-16	 2.7502e-16	 7.4366e-17	 1.56e-18	 0.00463954
0.396452	 1.6392e-16	 1.6195e-16	 2.6653e-16	 7.2581e-17	 1.97e-18	 0.00604536
0.397493	 1.5864e-16	 1.5682e-16	 2.5884e-16	 7.1206e-17	 1.82e-18	 0.00576935
0.398533	 1.5252e-16	 1.5139e-16	 2.4972e-16	 6.9318e-17	 1.13e-18	 0.00371821
0.399571	 1.476e-16	 1.4684e-16	 2.4152e-16	 6.8016e-17	 7.6e-19	 0.00258117
0.400608	 1.4321e-16	 1.4242e-16	 2.3452e-16	 6.6883e-17	 7.9e-19	 0.00276582
0.401644	 1.393e-16	 1.3838e-16	 2.281e-16	 6.5817e-17	 9.2e-19	 0.00331317
0.402679	 1.3448e-16	 1.3402e-16	 2.21e-16	 6.439e-17	 4.6e-19	 0.00171322
0.403713	 1.2788e-16	 1.2748e-16	 2.1035e-16	 6.2681e-17	 4e-19	 0.00156642
0.404745	 1.1987e-16	 1.1927e-16	 1.9617e-16	 6.0632e-17	 6e-19	 0.00250899
0.405776	 1.0971e-16	 1.0921e-16	 1.7937e-16	 5.8178e-17	 5e-19	 0.00228394
0.406806	 9.802e-17	 9.7512e-17	 1.5939e-16	 5.5482e-17	 5.08e-19	 0.00259804
0.407835	 8.5305e-17	 8.484e-17	 1.3797e-16	 5.2686e-17	 4.65e-19	 0.00273296
0.408862	 7.2254e-17	 7.1709e-17	 1.157e-16	 4.9612e-17	 5.45e-19	 0.00378569
0.409888	 6.0071e-17	 5.9775e-17	 9.5184e-17	 4.6962e-17	 2.96e-19	 0.00246984
0.410913	 4.9859e-17	 4.9416e-17	 7.779e-17	 4.5001e-17	 4.43e-19	 0.00446235
0.411936	 4.2106e-17	 4.1708e-17	 6.4291e-17	 4.3574e-17	 3.98e-19	 0.00474861
0.412959	 3.6645e-17	 3.6314e-17	 5.5163e-17	 4.2542e-17	 3.31e-19	 0.00453679
0.41398	 3.35e-17	 3.3279e-17	 4.9762e-17	 4.2189e-17	 2.21e-19	 0.00330942
0.415	 4.6843e-17	 4.6278e-17	 4.7378e-17	 4.2001e-17	 5.65e-19	 0.00606737
0.416018	 3.2149e-17	 3.2022e-17	 4.7591e-17	 4.2332e-17	 1.27e-19	 0.00197909
0.417036	 3.2803e-17	 3.2703e-17	 4.8737e-17	 4.258e-17	 1e-19	 0.00152658
0.418052	 3.3665e-17	 3.3938e-17	 5.0568e-17	 4.304e-17	 -2.73e-19	 -0.00403828
0.419066	 3.4606e-17	 3.4926e-17	 5.2359e-17	 4.3278e-17	 -3.2e-19	 -0.0046022
0.42008	 3.5469e-17	 3.5764e-17	 5.3686e-17	 4.3615e-17	 -2.95e-19	 -0.00414134
0.421092	 3.6212e-17	 3.6541e-17	 5.519e-17	 4.3826e-17	 -3.29e-19	 -0.00452215
0.422103	 3.6885e-17	 3.715e-17	 5.627e-17	 4.4275e-17	 -2.65e-19	 -0.00357939
0.423113	 3.7597e-17	 3.8198e-17	 5.7845e-17	 4.4697e-17	 -6.01e-19	 -0.00792928
0.424121	 3.883e-17	 3.9472e-17	 5.9864e-17	 4.4996e-17	 -6.42e-19	 -0.00819902
0.425128	 4.0516e-17	 4.1074e-17	 6.2941e-17	 4.5644e-17	 -5.58e-19	 -0.00683907
0.426134	 4.2415e-17	 4.3383e-17	 6.6733e-17	 4.5815e-17	 -9.68e-19	 -0.0112823
0.427138	 4.5217e-17	 4.5953e-17	 7.1195e-17	 4.6427e-17	 -7.36e-19	 -0.00807283
0.428141	 4.7935e-17	 4.903e-17	 7.6382e-17	 4.7034e-17	 -1.095e-18	 -0.0112927
0.429143	 5.0658e-17	 5.1876e-17	 8.1451e-17	 4.7528e-17	 -1.218e-18	 -0.011879
0.430144	 5.335e-17	 5.4702e-17	 8.6637e-17	 4.8158e-17	 -1.352e-18	 -0.0125125
0.431143	 5.5691e-17	 5.7121e-17	 9.0977e-17	 4.8635e-17	 -1.43e-18	 -0.012676
0.432141	 5.7524e-17	 5.8941e-17	 9.439e-17	 4.8874e-17	 -1.417e-18	 -0.0121667
0.433138	 5.9053e-17	 6.0231e-17	 9.6699e-17	 4.9185e-17	 -1.178e-18	 -0.00987559
0.434133	 5.934e-17	 6.0313e-17	 9.7328e-17	 4.9083e-17	 -9.73e-19	 -0.00813185
0.435127	 5.8811e-17	 5.9833e-17	 9.6471e-17	 4.9091e-17	 -1.022e-18	 -0.008614
0.43612	 5.7937e-17	 5.8604e-17	 9.4128e-17	 4.9062e-17	 -6.67e-19	 -0.00572331
0.437111	 5.6296e-17	 5.681e-17	 9.1166e-17	 4.8897e-17	 -5.14e-19	 -0.00454441
0.438101	 5.4351e-17	 5.4872e-17	 8.7614e-17	 4.8756e-17	 -5.21e-19	 -0.00477006
0.43909	 5.2109e-17	 5.2287e-17	 8.3387e-17	 4.8308e-17	 -1.78e-19	 -0.00170505
0.440077	 4.9813e-17	 4.9832e-17	 7.9066e-17	 4.81e-17	 -1.9e-20	 -0.000190677
0.441063	 4.7789e-17	 4.7619e-17	 7.518e-17	 4.8208e-17	 1.7e-19	 0.00178182
0.442047	 4.6186e-17	 4.5847e-17	 7.2099e-17	 4.7717e-17	 3.39e-19	 0.00368346
0.443031	 4.4726e-17	 4.4609e-17	 6.9707e-17	 4.7687e-17	 1.17e-19	 0.00130968
0.444013	 4.3912e-17	 4.359e-17	 6.8086e-17	 4.7636e-17	 3.22e-19	 0.00367992
0.444993	 4.3439e-17	 4.3121e-17	 6.7221e-17	 4.7505e-17	 3.18e-19	 0.00367375
0.445972	 4.3618e-17	 4.305e-17	 6.7528e-17	 4.7506e-17	 5.68e-19	 0.00655375
0.44695	 4.4002e-17	 4.3636e-17	 6.8194e-17	 4.7648e-17	 3.66e-19	 0.00417627
0.447927	 4.4877e-17	 4.4485e-17	 6.9954e-17	 4.7578e-17	 3.92e-19	 0.00438665
0.448902	 4.6117e-17	 4.5606e-17	 7.2046e-17	 4.7761e-17	 5.11e-19	 0.00557112
0.449876	 4.7706e-17	 4.7217e-17	 7.5298e-17	 4.7907e-17	 4.89e-19	 0.00515154
0.450848	 4.9809e-17	 4.8934e-17	 7.8655e-17	 4.806e-17	 8.75e-19	 0.00886139
0.451819	 5.1724e-17	 5.0788e-17	 8.2015e-17	 4.7976e-17	 9.36e-19	 0.00913064
0.452789	 5.3693e-17	 5.2618e-17	 8.5608e-17	 4.8151e-17	 1.075e-18	 0.0101118
0.453757	 5.5181e-17	 5.4217e-17	 8.8831e-17	 4.8266e-17	 9.64e-19	 0.00881186
0.454724	 5.6482e-17	 5.5475e-17	 9.1004e-17	 4.8267e-17	 1.007e-18	 0.00899452
0.455689	 5.7168e-17	 5.6071e-17	 9.2525e-17	 4.8205e-17	 1.097e-18	 0.00968748
0.456654	 5.7087e-17	 5.6064e-17	 9.2802e-17	 4.8218e-17	 1.023e-18	 0.00904102
0.457616	 5.647e-17	 5.5573e-17	 9.1417e-17	 4.8091e-17	 8.97e-19	 0.00800585
0.458578	 5.519e-17	 5.4144e-17	 8.9017e-17	 4.7908e-17	 1.046e-18	 0.00956701
0.459538	 5.3164e-17	 5.2193e-17	 8.5532e-17	 4.7461e-17	 9.71e-19	 0.00921628
0.460496	 5.0715e-17	 4.9983e-17	 8.1165e-17	 4.7335e-17	 7.32e-19	 0.00726926
0.461453	 4.8401e-17	 4.7862e-17	 7.6964e-17	 4.7116e-17	 5.39e-19	 0.00559924
0.462409	 4.6115e-17	 4.5577e-17	 7.2708e-17	 4.6774e-17	 5.38e-19	 0.00586747
0.463363	 4.3963e-17	 4.3446e-17	 6.8778e-17	 4.6682e-17	 5.17e-19	 0.00591472
0.464316	 4.2237e-17	 4.1767e-17	 6.536e-17	 4.6407e-17	 4.7e-19	 0.00559497
0.465268	 4.0781e-17	 4.0335e-17	 6.2803e-17	 4.6442e-17	 4.46e-19	 0.0054983
0.466218	 3.9765e-17	 3.9326e-17	 6.1008e-17	 4.6346e-17	 4.39e-19	 0.00555057
0.467166	 3.8936e-17	 3.8401e-17	 5.9428e-17	 4.6181e-17	 5.35e-19	 0.00691778
0.468114	 3.8127e-17	 3.7672e-17	 5.7884e-17	 4.6078e-17	 4.55e-19	 0.00600272
0.469059	 3.7329e-17	 3.7025e-17	 5.6769e-17	 4.6008e-17	 3.04e-19	 0.00408855
0.470004	 3.6563e-17	 3.6135e-17	 5.5387e-17	 4.5825e-17	 4.28e-19	 0.00588737
0.470947	 3.5574e-17	 3.5346e-17	 5.4371e-17	 4.5981e-17	 2.28e-19	 0.00321489
0.471888	 3.4736e-17	 3.4568e-17	 5.2824e-17	 4.5712e-17	 1.68e-19	 0.0024241
0.472828	 3.3927e-17	 3.3974e-17	 5.1519e-17	 4.5666e-17	 -4.7e-20	 -0.000692184
0.473767	 3.3553e-17	 3.3413e-17	 5.0807e-17	 4.5579e-17	 1.4e-19	 0.00209061
0.474704	 3.3451e-17	 3.3471e-17	 5.0728e-17	 4.5436e-17	 -2e-20	 -0.000298855
0.47564	 3.3942e-17	 3.3947e-17	 5.1753e-17	 4.5523e-17	 -5e-21	 -7.36496e-05
0.476574	 3.5091e-17	 3.5085e-17	 5.3847e-17	 4.5365e-17	 6e-21	 8.54993e-05
0.477507	 3.6638e-17	 3.6739e-17	 5.6807e-17	 4.5393e-17	 -1.01e-19	 -0.00137645
0.478438	 3.8789e-17	 3.8754e-17	 6.0572e-17	 4.5479e-17	 3.5e-20	 0.000451362
0.479368	 4.1117e-17	 4.0992e-17	 6.5076e-17	 4.5326e-17	 1.25e-19	 0.00152237
0.480297	 4.3432e-17	 4.335e-17	 6.9535e-17	 4.5443e-17	 8.2e-20	 0.000944896
0.481224	 4.5852e-17	 4.5564e-17	 7.3964e-17	 4.5222e-17	 2.88e-19	 0.00315043
0.482149	 4.7493e-17	 4.7477e-17	 7.751e-17	 4.5237e-17	 1.6e-20	 0.000168474
0.483073	 4.9091e-17	 4.9063e-17	 8.0573e-17	 4.5223e-17	 2.8e-20	 0.000285266
0.483996	 5.0228e-17	 4.986e-17	 8.2321e-17	 4.5106e-17	 3.68e-19	 0.00367676
0.484917	 5.0816e-17	 5.0667e-17	 8.4007e-17	 4.516e-17	 1.49e-19	 0.00146823
0.485837	 5.1218e-17	 5.0988e-17	 8.4452e-17	 4.4862e-17	 2.3e-19	 0.00225036
0.486755	 5.1086e-17	 5.0799e-17	 8.4435e-17	 4.4862e-17	 2.87e-19	 0.0028169
0.487672	 5.0936e-17	 5.0687e-17	 8.4038e-17	 4.4633e-17	 2.49e-19	 0.00245023
0.488587	 5.1009e-17	 5.0521e-17	 8.3992e-17	 4.4824e-17	 4.88e-19	 0.00480646
0.489501	 5.0874e-17	 5.0569e-17	 8.3964e-17	 4.48e-17	 3.05e-19	 0.00300661
0.490413	 5.1233e-17	 5.0886e-17	 8.4448e-17	 4.4633e-17	 3.47e-19	 0.003398
0.491324	 5.1429e-17	 5.126e-17	 8.5086e-17	 4.4572e-17	 1.69e-19	 0.00164575
0.492233	 5.2141e-17	 5.1789e-17	 8.6334e-17	 4.4622e-17	 3.52e-19	 0.0033869
0.49314	 5.2815e-17	 5.2583e-17	 8.7741e-17	 4.4603e-17	 2.32e-19	 0.00220118
0.494047	 5.3561e-17	 5.3201e-17	 8.9373e-17	 4.4703e-17	 3.6e-19	 0.00337199
0.494951	 5.3471e-17	 5.3998e-17	 9.0669e-17	 4.4665e-17	 -5.27e-19	 -0.00490374
0.495855	 5.3882e-17	 5.4157e-17	 9.1218e-17	 4.4604e-17	 -2.75e-19	 -0.00254538
0.496756	 5.387e-17	 5.408e-17	 9.0919e-17	 4.4458e-17	 -2.1e-19	 -0.00194535
0.497657	 5.3328e-17	 5.3532e-17	 8.9767e-17	 4.4476e-17	 -2.04e-19	 -0.00190904
0.498555	 5.2274e-17	 5.2536e-17	 8.7788e-17	 4.4518e-17	 -2.62e-19	 -0.00249976
0.499452	 5.0952e-17	 5.1082e-17	 8.5283e-17	 4.4354e-17	 -1.3e-19	 -0.00127409
0.500348	 4.8959e-17	 4.8887e-17	 8.1292e-17	 4.4328e-17	 7.2e-20	 0.00073585
0.501242	 4.6594e-17	 4.658e-17	 7.6874e-17	 4.4402e-17	 1.4e-20	 0.000150257
0.502135	 4.4487e-17	 4.4393e-17	 7.265e-17	 4.4356e-17	 9.4e-20	 0.00105761
0.503026	 4.2088e-17	 4.2154e-17	 6.8144e-17	 4.4316e-17	 -6.6e-20	 -0.000783457
0.503915	 3.9767e-17	 3.9937e-17	 6.3809e-17	 4.416e-17	 -1.7e-19	 -0.00213289
0.504803	 3.7846e-17	 3.7946e-17	 6.0084e-17	 4.4272e-17	 -1e-19	 -0.0013194
0.50569	 3.6163e-17	 3.6394e-17	 5.6663e-17	 4.4316e-17	 -2.31e-19	 -0.0031837
0.506575	 3.4748e-17	 3.5012e-17	 5.4178e-17	 4.4239e-17	 -2.64e-19	 -0.0037844
0.507458	 3.3809e-17	 3.3882e-17	 5.2083e-17	 4.4139e-17	 -7.3e-20	 -0.00107843
0.50834	 3.304e-17	 3.3194e-17	 5.0667e-17	 4.4317e-17	 -1.54e-19	 -0.00232509
0.50922	 3.2517e-17	 3.2796e-17	 4.9872e-17	 4.4226e-17	 -2.79e-19	 -0.00427174
0.510099	 3.2204e-17	 3.2426e-17	 4.9353e-17	 4.4127e-17	 -2.22e-19	 -0.00343494
0.510976	 3.1944e-17	 3.2183e-17	 4.8828e-17	 4.406e-17	 -2.39e-19	 -0.00372698
0.511852	 3.1791e-17	 3.2049e-17	 4.8597e-17	 4.4093e-17	 -2.58e-19	 -0.00404135
0.512726	 3.1672e-17	 3.1839e-17	 4.8339e-17	 4.3919e-17	 -1.67e-19	 -0.00262947
0.513598	 3.1627e-17	 3.1872e-17	 7.5618e-17	 4.3894e-17	 -2.45e-19	 -0.00385833
0.514469	 3.1659e-17	 3.1264e-17	 4.8336e-17	 4.3944e-17	 3.95e-19	 0.00627751
0.515338	 3.1683e-17	 3.1386e-17	 4.8512e-17	 4.3776e-17	 2.97e-19	 0.00470913
0.516206	 3.1773e-17	 3.1785e-17	 4.8801e-17	 4.3648e-17	 -1.2e-20	 -0.000188804
0.517072	 3.2167e-17	 3.2137e-17	 4.9467e-17	 4.3607e-17	 3e-20	 0.000466534
0.517937	 3.2634e-17	 3.271e-17	 5.0558e-17	 4.3499e-17	 -7.6e-20	 -0.00116308
0.5188	 3.3295e-17	 3.3465e-17	 5.1941e-17	 4.3459e-17	 -1.7e-19	 -0.00254643
0.519662	 3.4252e-17	 3.4289e-17	 5.3744e-17	 4.349e-17	 -3.7e-20	 -0.000539823
0.520522	 3.5207e-17	 3.5276e-17	 5.5579e-17	 4.3407e-17	 -6.9e-20	 -0.000978959
0.52138	 3.6202e-17	 3.6258e-17	 5.7398e-17	 4.3496e-17	 -5.6e-20	 -0.00077284
0.522237	 3.7054e-17	 3.7226e-17	 5.9329e-17	 4.3443e-17	 -1.72e-19	 -0.00231556
0.523092	 3.7916e-17	 3.8023e-17	 6.0805e-17	 4.3333e-17	 -1.07e-19	 -0.00140903
0.523945	 3.8452e-17	 3.8624e-17	 6.2218e-17	 4.35e-17	 -1.72e-19	 -0.00223156
0.524797	 3.886e-17	 3.9067e-17	 6.2718e-17	 4.3279e-17	 -2.07e-19	 -0.00265633
0.525648	 3.9059e-17	 3.9206e-17	 6.3178e-17	 4.3161e-17	 -1.47e-19	 -0.00187823
0.526496	 3.8968e-17	 3.9015e-17	 6.2953e-17	 4.3105e-17	 -4.7e-20	 -0.000602695
0.527343	 3.8549e-17	 3.8754e-17	 6.2102e-17	 4.2993e-17	 -2.05e-19	 -0.0026519
0.528189	 3.7945e-17	 3.805e-17	 6.0957e-17	 4.2953e-17	 -1.05e-19	 -0.00138167
0.529033	 3.7188e-17	 3.7389e-17	 5.9984e-17	 4.2845e-17	 -2.01e-19	 -0.0026952
0.529875	 3.6567e-17	 3.6589e-17	 5.8274e-17	 4.2879e-17	 -2.2e-20	 -0.000300727
0.530716	 3.5754e-17	 3.5701e-17	 5.676e-17	 4.2675e-17	 5.3e-20	 0.000741726
0.531555	 3.5072e-17	 3.5029e-17	 5.5402e-17	 4.2548e-17	 4.3e-20	 0.000613401
0.532392	 3.4461e-17	 3.4285e-17	 5.3034e-17	 4.2366e-17	 1.76e-19	 0.00256015
0.533228	 3.3841e-17	 3.3785e-17	 5.2058e-17	 4.2305e-17	 5.6e-20	 0.000828084
0.534063	 3.3386e-17	 3.328e-17	 5.1432e-17	 4.2176e-17	 1.06e-19	 0.00159002
0.534895	 3.2961e-17	 3.2781e-17	 5.0543e-17	 4.214e-17	 1.8e-19	 0.00273798
0.535726	 3.2666e-17	 3.2521e-17	 5.027e-17	 4.2017e-17	 1.45e-19	 0.00222437
0.536555	 3.2392e-17	 3.2398e-17	 4.9952e-17	 4.1879e-17	 -6e-21	 -9.26069e-05
0.537383	 3.2244e-17	 3.2225e-17	 4.9738e-17	 4.1852e-17	 1.9e-20	 0.000294715
0.538209	 3.2147e-17	 3.2153e-17	 4.9419e-17	 4.1672e-17	 -6e-21	 -9.33126e-05
0.539034	 3.2159e-17	 3.2157e-17	 4.9387e-17	 4.1614e-17	 2e-21	 3.10965e-05
0.539856	 3.2171e-17	 3.2068e-17	 4.9085e-17	 4.1462e-17	 1.03e-19	 0.00160339
0.540678	 3.2258e-17	 3.2062e-17	 4.9308e-17	 4.1466e-17	 1.96e-19	 0.00304726
0.541497	 3.2225e-17	 3.2225e-17	 4.9547e-17	 4.1239e-17	 0	 0
0.542315	 3.2362e-17	 3.2198e-17	 4.9668e-17	 4.1153e-17	 1.64e-19	 0.00254027
0.543131	 3.2387e-17	 3.2172e-17	 4.9841e-17	 4.1228e-17	 2.15e-19	 0.00333029
0.543946	 3.241e-17	 3.2239e-17	 5.0009e-17	 4.1155e-17	 1.71e-19	 0.00264505
0.544758	 3.2595e-17	 3.2303e-17	 5.0037e-17	 4.1056e-17	 2.92e-19	 0.00449937
0.54557	 3.2602e-17	 3.2391e-17	 5.0168e-17	 4.0962e-17	 2.11e-19	 0.0032465
0.546379	 3.2725e-17	 3.2424e-17	 5.0219e-17	 4.0111e-17	 3.01e-19	 0.00462018
0.547187	 3.2748e-17	 3.2433e-17	 5.024e-17	 4.0168e-17	 3.15e-19	 0.0048327
0.547993	 3.265e-17	 3.2498e-17	 5.0139e-17	 4.0166e-17	 1.52e-19	 0.00233315
0.548798	 3.2549e-17	 3.2322e-17	 5.0006e-17	 4.0151e-17	 2.27e-19	 0.00349925
0.549601	 3.2394e-17	 3.2121e-17	 4.9885e-17	 4.0115e-17	 2.73e-19	 0.00423157
0.550402	 3.2309e-17	 3.2121e-17	 4.9792e-17	 3.9913e-17	 1.88e-19	 0.0029179
0.551201	 3.2051e-17	 3.1708e-17	 4.9113e-17	 3.9898e-17	 3.43e-19	 0.00537963
0.551999	 3.1768e-17	 3.156e-17	 4.8038e-17	 3.9845e-17	 2.08e-19	 0.00328449
0.552796	 3.1529e-17	 3.126e-17	 4.7773e-17	 3.9732e-17	 2.69e-19	 0.00428419
0.55359	 3.1348e-17	 3.1128e-17	 4.7374e-17	 3.9685e-17	 2.2e-19	 0.00352135
0.554383	 3.105e-17	 3.0874e-17	 4.6951e-17	 3.9625e-17	 1.76e-19	 0.00284219
0.555174	 3.0803e-17	 3.0705e-17	 4.6359e-17	 3.965e-17	 9.8e-20	 0.00159329
0.555963	 3.0701e-17	 3.0465e-17	 4.5946e-17	 3.9448e-17	 2.36e-19	 0.00385835
0.556751	 3.0506e-17	 3.0422e-17	 4.5711e-17	 3.9631e-17	 8.4e-20	 0.00137868
0.557537	 3.0293e-17	 3.0176e-17	 4.5611e-17	 3.9418e-17	 1.17e-19	 0.00193488
0.558321	 3.0276e-17	 3.0156e-17	 4.5387e-17	 3.941e-17	 1.2e-19	 0.0019857
0.559104	 3.0311e-17	 3.0119e-17	 4.5371e-17	 3.9371e-17	 1.92e-19	 0.00317723
0.559885	 3.0137e-17	 2.9982e-17	 4.5291e-17	 3.93e-17	 1.55e-19	 0.00257822
0.560664	 3.0175e-17	 3.0069e-17	 4.5393e-17	 3.9292e-17	 1.06e-19	 0.00175951
0.561442	 3.0051e-17	 3.0094e-17	 4.5119e-17	 3.9252e-17	 -4.3e-20	 -0.000714939
0.562218	 2.9861e-17	 3.0035e-17	 4.5115e-17	 3.9146e-17	 -1.74e-19	 -0.00290504
0.562992	 2.9912e-17	 2.9775e-17	 4.4784e-17	 3.9337e-17	 1.37e-19	 0.00229531
0.563764	 2.9763e-17	 2.9685e-17	 4.4328e-17	 3.9388e-17	 7.8e-20	 0.00131207
0.564535	 2.9656e-17	 2.9446e-17	 4.4313e-17	 3.9382e-17	 2.1e-19	 0.00355318
0.565304	 2.9302e-17	 2.9254e-17	 4.3821e-17	 3.9327e-17	 4.8e-20	 0.000819728
0.566071	 2.8956e-17	 2.9144e-17	 4.3399e-17	 3.9139e-17	 -1.88e-19	 -0.0032358
0.566836	 2.8815e-17	 2.8873e-17	 4.3093e-17	 3.9037e-17	 -5.8e-20	 -0.00100541
0.5676	 2.8653e-17	 2.8653e-17	 4.2587e-17	 3.9082e-17	 0	 0
0.568362	 2.8393e-17	 2.8381e-17	 4.2327e-17	 3.8964e-17	 1.2e-20	 0.000211364
0.569122	 2.8216e-17	 2.8245e-17	 4.2092e-17	 3.9096e-17	 -2.9e-20	 -0.000513629
0.569881	 2.8068e-17	 2.8152e-17	 4.1754e-17	 3.8739e-17	 -8.4e-20	 -0.00149413
0.570638	 2.8218e-17	 2.8315e-17	 4.1942e-17	 3.8584e-17	 -9.7e-20	 -0.00171581
0.571393	 2.8189e-17	 2.8159e-17	 4.1895e-17	 3.8596e-17	 3e-20	 0.000532406
0.572146	 2.8354e-17	 2.8268e-17	 4.2134e-17	 3.8556e-17	 8.6e-20	 0.00151884
0.572898	 2.8578e-17	 2.8438e-17	 4.2386e-17	 3.8457e-17	 1.4e-19	 0.00245545
0.573648	 2.8748e-17	 2.8566e-17	 4.2958e-17	 3.8501e-17	 1.82e-19	 0.00317549
0.574396	 2.9035e-17	 2.8876e-17	 4.3196e-17	 3.855e-17	 1.59e-19	 0.00274559
0.575142	 2.9053e-17	 2.904e-17	 4.3461e-17	 3.8671e-17	 1.3e-20	 0.000223779
0.575887	 2.9368e-17	 2.9263e-17	 4.371e-17	 3.8438e-17	 1.05e-19	 0.00179086
0.57663	 2.9515e-17	 2.9391e-17	 4.417e-17	 3.8424e-17	 1.24e-19	 0.00210505
0.577371	 2.9653e-17	 2.9428e-17	 4.4395e-17	 3.8497e-17	 2.25e-19	 0.00380833
0.57811	 2.9859e-17	 2.9667e-17	 4.4565e-17	 3.8312e-17	 1.92e-19	 0.00322548
0.578848	 2.9966e-17	 2.9818e-17	 4.4874e-17	 3.8281e-17	 1.48e-19	 0.00247558
0.579584	 3.0111e-17	 2.9949e-17	 4.5233e-17	 3.824e-17	 1.62e-19	 0.0026973
0.580318	 3.0352e-17	 3.0126e-17	 4.5534e-17	 3.8216e-17	 2.26e-19	 0.0037369
0.58105	 3.053e-17	 3.0288e-17	 4.5722e-17	 3.8267e-17	 2.42e-19	 0.00397909
0.58178	 3.0747e-17	 3.0492e-17	 4.6211e-17	 3.839e-17	 2.55e-19	 0.00416401
0.582509	 3.0972e-17	 3.0815e-17	 4.6756e-17	 3.8217e-17	 1.57e-19	 0.00254099
0.583236	 3.1268e-17	 3.1209e-17	 4.7215e-17	 3.8275e-17	 5.9e-20	 0.000944348
0.583961	 3.166e-17	 3.1482e-17	 4.7882e-17	 3.8302e-17	 1.78e-19	 0.00281904
0.584685	 3.2183e-17	 3.2157e-17	 4.8729e-17	 3.851e-17	 2.6e-20	 0.000404103
0.585406	 3.2476e-17	 3.2368e-17	 4.9479e-17	 3.8367e-17	 1.08e-19	 0.00166554
0.586126	 3.2897e-17	 3.2957e-17	 5.0173e-17	 3.8498e-17	 -6e-20	 -0.000911106
0.586844	 3.3288e-17	 3.3277e-17	 5.0888e-17	 3.8451e-17	 1.1e-20	 0.000165252
0.587561	 3.3561e-17	 3.3582e-17	 5.1423e-17	 3.8473e-17	 -2.1e-20	 -0.000312765
0.588275	 3.3808e-17	 3.3828e-17	 5.2093e-17	 3.8526e-17	 -2e-20	 -0.000295701
0.588988	 3.3976e-17	 3.4158e-17	 5.228e-17	 3.8517e-17	 -1.82e-19	 -0.00267121
0.589699	 3.4023e-17	 3.4052e-17	 5.2287e-17	 3.8414e-17	 -2.9e-20	 -0.000426001
0.590408	 3.4021e-17	 3.4003e-17	 5.2055e-17	 3.8527e-17	 1.8e-20	 0.000264612
0.591115	 3.3885e-17	 3.3864e-17	 5.1803e-17	 3.8446e-17	 2.1e-20	 0.000309968
0.591821	 3.3506e-17	 3.3536e-17	 5.1306e-17	 3.8384e-17	 -3e-20	 -0.000447481
0.592524	 3.3056e-17	 3.3159e-17	 5.0486e-17	 3.8253e-17	 -1.03e-19	 -0.00155554
0.593226	 3.2535e-17	 3.2568e-17	 4.9415e-17	 3.8137e-17	 -3.3e-20	 -0.000506889
0.593926	 3.1989e-17	 3.1965e-17	 4.8592e-17	 3.7897e-17	 2.4e-20	 0.00037527
0.594625	 3.1338e-17	 3.1423e-17	 4.7574e-17	 3.7776e-17	 -8.5e-20	 -0.00135434
0.595321	 3.0872e-17	 3.0879e-17	 4.6586e-17	 3.75e-17	 -7e-21	 -0.000113358
0.596016	 3.0177e-17	 3.0258e-17	 4.5501e-17	 3.7574e-17	 -8.1e-20	 -0.00134028
0.596709	 2.9662e-17	 2.9774e-17	 4.4534e-17	 3.7289e-17	 -1.12e-19	 -0.00188438
0.5974	 2.91e-17	 2.9152e-17	 4.4058e-17	 3.7137e-17	 -5.2e-20	 -0.000892673
0.598089	 2.8532e-17	 2.8732e-17	 4.3315e-17	 3.6848e-17	 -2e-19	 -0.0034926
0.598776	 2.8335e-17	 2.8333e-17	 4.2912e-17	 3.6912e-17	 2e-21	 3.52933e-05
0.599462	 2.7873e-17	 2.8029e-17	 4.2361e-17	 3.6769e-17	 -1.56e-19	 -0.0027906
0.600146	 2.7461e-17	 2.7815e-17	 4.1719e-17	 3.6555e-17	 -3.54e-19	 -0.00640423
0.600828	 2.7307e-17	 2.7631e-17	 4.1273e-17	 3.6379e-17	 -3.24e-19	 -0.00589756
0.601508	 2.7206e-17	 2.7493e-17	 4.087e-17	 3.6341e-17	 -2.87e-19	 -0.0052469
0.602186	 2.6875e-17	 2.7101e-17	 4.0489e-17	 3.6275e-17	 -2.26e-19	 -0.00418705
0.602862	 2.6736e-17	 2.7016e-17	 4.0279e-17	 3.6282e-17	 -2.8e-19	 -0.00520911
0.603537	 2.6537e-17	 2.6881e-17	 3.9977e-17	 3.6201e-17	 -3.44e-19	 -0.00643978
0.60421	 2.6714e-17	 2.6722e-17	 3.9602e-17	 3.6065e-17	 -8e-21	 -0.000149712
0.604881	 2.6495e-17	 2.6552e-17	 3.9296e-17	 3.6041e-17	 -5.7e-20	 -0.00107452
0.60555	 2.6391e-17	 2.6373e-17	 3.9057e-17	 3.5851e-17	 1.8e-20	 0.000341142
0.606217	 2.6357e-17	 2.6168e-17	 3.8955e-17	 3.5789e-17	 1.89e-19	 0.00359829
0.606882	 2.6046e-17	 2.6107e-17	 3.8798e-17	 3.5917e-17	 -6.1e-20	 -0.00116964
0.607546	 2.6079e-17	 2.6055e-17	 3.8469e-17	 3.5763e-17	 2.4e-20	 0.000460352
0.608207	 2.6021e-17	 2.5965e-17	 3.8635e-17	 3.5804e-17	 5.6e-20	 0.00107721
0.608867	 2.5909e-17	 2.594e-17	 3.8438e-17	 3.5544e-17	 -3.1e-20	 -0.00059789
0.609525	 2.593e-17	 2.6018e-17	 3.8365e-17	 3.5771e-17	 -8.8e-20	 -0.001694
0.610181	 2.6053e-17	 2.604e-17	 3.8596e-17	 3.5716e-17	 1.3e-20	 0.000249554
0.610835	 2.6147e-17	 2.6188e-17	 3.8652e-17	 3.5788e-17	 -4.1e-20	 -0.000783415
0.611488	 2.6507e-17	 2.6416e-17	 3.893e-17	 3.5717e-17	 9.1e-20	 0.00171948
0.612138	 2.6641e-17	 2.675e-17	 3.9405e-17	 3.5753e-17	 -1.09e-19	 -0.00204154
0.612787	 2.7026e-17	 2.6862e-17	 3.9793e-17	 3.5894e-17	 1.64e-19	 0.00304335
0.613434	 2.7286e-17	 2.7142e-17	 4.0167e-17	 3.5932e-17	 1.44e-19	 0.0026457
0.614079	 2.7616e-17	 2.7504e-17	 4.0569e-17	 3.6025e-17	 1.12e-19	 0.00203193
0.614722	 2.8019e-17	 2.7761e-17	 4.1021e-17	 3.6014e-17	 2.58e-19	 0.00462531
0.615363	 2.823e-17	 2.8217e-17	 4.1532e-17	 3.6083e-17	 1.3e-20	 0.000230305
0.616002	 2.8603e-17	 2.8426e-17	 4.1913e-17	 3.6156e-17	 1.77e-19	 0.00310368
0.61664	 2.8623e-17	 2.8681e-17	 4.2287e-17	 3.6095e-17	 -5.8e-20	 -0.00101215
0.617275	 2.8912e-17	 2.895e-17	 4.2743e-17	 3.6235e-17	 -3.8e-20	 -0.000656735
0.617909	 2.9135e-17	 2.9086e-17	 4.2677e-17	 3.6182e-17	 4.9e-20	 0.000841621
0.618541	 2.9176e-17	 2.9246e-17	 4.2876e-17	 3.6206e-17	 -7e-20	 -0.00119818
0.619171	 2.9349e-17	 2.9143e-17	 4.2865e-17	 3.6295e-17	 2.06e-19	 0.00352185
0.619799	 2.9211e-17	 2.9004e-17	 4.2708e-17	 3.6522e-17	 2.07e-19	 0.00355578
0.620425	 2.9176e-17	 2.9119e-17	 4.2575e-17	 3.6652e-17	 5.7e-20	 0.000977785
0.621049	 2.9001e-17	 2.9001e-17	 4.2441e-17	 3.6549e-17	 0	 0
0.621671	 2.8814e-17	 2.8815e-17	 4.2413e-17	 3.6393e-17	 -1e-21	 -1.73524e-05
0.622292	 2.8793e-17	 2.8652e-17	 4.195e-17	 3.6344e-17	 1.41e-19	 0.00245452
0.62291	 2.8571e-17	 2.8472e-17	 4.1689e-17	 3.6155e-17	 9.9e-20	 0.00173553
0.623527	 2.8321e-17	 2.8221e-17	 4.1415e-17	 3.6269e-17	 1e-19	 0.0017686
0.624142	 2.8113e-17	 2.8144e-17	 4.1339e-17	 3.606e-17	 -3.1e-20	 -0.000551043
0.624755	 2.8121e-17	 2.8027e-17	 4.11e-17	 3.6177e-17	 9.4e-20	 0.00167415
0.625366	 2.8007e-17	 2.7865e-17	 4.0753e-17	 3.6029e-17	 1.42e-19	 0.00254152
0.625975	 2.7936e-17	 2.7612e-17	 4.0798e-17	 3.599e-17	 3.24e-19	 0.00583279
0.626582	 2.7811e-17	 2.7478e-17	 4.0429e-17	 3.5956e-17	 3.33e-19	 0.0060229
0.627187	 2.7754e-17	 2.7524e-17	 4.0409e-17	 3.5926e-17	 2.3e-19	 0.00416079
0.62779	 2.7701e-17	 2.7292e-17	 4.036e-17	 3.5837e-17	 4.09e-19	 0.00743731
0.628392	 2.7671e-17	 2.754e-17	 4.0361e-17	 3.5879e-17	 1.31e-19	 0.00237272
0.628991	 2.7639e-17	 2.7348e-17	 4.0336e-17	 3.5717e-17	 2.91e-19	 0.00529216
0.629589	 2.7423e-17	 2.7371e-17	 4.0163e-17	 3.5568e-17	 5.2e-20	 0.000949009
0.630184	 2.7416e-17	 2.7339e-17	 4.0136e-17	 3.5545e-17	 7.7e-20	 0.00140626
0.630778	 2.721e-17	 2.7175e-17	 4.0002e-17	 3.558e-17	 3.5e-20	 0.00064356
0.63137	 2.7294e-17	 2.725e-17	 3.9862e-17	 3.5375e-17	 4.4e-20	 0.000806688
0.63196	 2.7103e-17	 2.7047e-17	 3.9801e-17	 3.5386e-17	 5.6e-20	 0.00103416
0.632548	 2.7087e-17	 2.695e-17	 3.9695e-17	 3.5563e-17	 1.37e-19	 0.0025353
