Q 	 ICP 	  ICN 	 ILH 	 ILV 	 IXMCDR  
5.34655e-07	 2.7445e-11	 2.7708e-11	 2.955e-11	 2.973e-11	 -2.63e-13	 -0.00476855
0.00125092	 2.5339e-13	 2.5664e-13	 2.6868e-13	 2.7135e-13	 -3.25e-15	 -0.00637217
0.00250128	 6.3363e-13	 6.4247e-13	 6.9407e-13	 7.0472e-13	 -8.84e-15	 -0.00692736
0.00375163	 1.2659e-12	 1.2805e-12	 1.3654e-12	 1.3904e-12	 -1.46e-14	 -0.00573358
0.00500197	 1.9603e-12	 1.9769e-12	 2.081e-12	 2.1081e-12	 -1.66e-14	 -0.00421619
0.00625236	 2.6507e-12	 2.6659e-12	 2.8493e-12	 2.8798e-12	 -1.52e-14	 -0.00285897
0.00750266	 3.2162e-12	 3.2729e-12	 3.5773e-12	 3.6132e-12	 -5.67e-14	 -0.00873773
0.00875294	 4.0774e-12	 4.1012e-12	 4.3585e-12	 4.3844e-12	 -2.38e-14	 -0.00291003
0.0100032	 4.6243e-12	 4.6601e-12	 4.8552e-12	 4.919e-12	 -3.58e-14	 -0.00385593
0.0112534	 5.1898e-12	 5.2298e-12	 5.5626e-12	 5.6144e-12	 -4e-14	 -0.00383892
0.0125036	 5.7182e-12	 5.7551e-12	 6.1358e-12	 6.1956e-12	 -3.69e-14	 -0.00321616
0.0137538	 6.2051e-12	 6.2486e-12	 6.6567e-12	 6.7211e-12	 -4.35e-14	 -0.00349294
0.0150039	 6.2004e-12	 6.2931e-12	 7.2531e-12	 7.3279e-12	 -9.27e-14	 -0.00741986
0.0162539	 7.1271e-12	 7.1844e-12	 7.6082e-12	 7.7227e-12	 -5.73e-14	 -0.00400377
0.017504	 7.5118e-12	 7.5719e-12	 8.0481e-12	 8.1545e-12	 -6.01e-14	 -0.00398443
0.0187539	 7.9022e-12	 7.9837e-12	 8.4373e-12	 8.5575e-12	 -8.15e-14	 -0.00513034
0.0200038	 8.2617e-12	 8.3564e-12	 8.8079e-12	 8.9369e-12	 -9.47e-14	 -0.00569861
0.0212537	 8.7025e-12	 8.7902e-12	 9.2359e-12	 8.6827e-12	 -8.77e-14	 -0.00501352
0.0225034	 8.7508e-12	 8.8531e-12	 9.2799e-12	 9.4468e-12	 -1.023e-13	 -0.00581121
0.0237532	 8.8447e-12	 8.9368e-12	 9.3696e-12	 9.5291e-12	 -9.21e-14	 -0.00517954
0.0250028	 8.984e-12	 9.0904e-12	 9.4211e-12	 9.6647e-12	 -1.064e-13	 -0.00588678
0.0262524	 9.1539e-12	 9.2548e-12	 9.3244e-12	 9.81e-12	 -1.009e-13	 -0.0054811
0.0275018	 9.5296e-12	 9.5897e-12	 9.9451e-12	 1.0142e-11	 -6.01e-14	 -0.00314342
0.0287512	 9.4756e-12	 9.5953e-12	 9.8713e-12	 1.0059e-11	 -1.197e-13	 -0.00627658
0.0300005	 9.4715e-12	 9.6075e-12	 9.9169e-12	 1.0078e-11	 -1.36e-13	 -0.00712826
0.0312498	 9.494e-12	 9.6181e-12	 9.9054e-12	 1.0067e-11	 -1.241e-13	 -0.00649327
0.0324989	 9.4666e-12	 9.5985e-12	 9.8528e-12	 1.0022e-11	 -1.319e-13	 -0.0069184
0.0337479	 9.6349e-12	 9.753e-12	 9.9867e-12	 1.0117e-11	 -1.181e-13	 -0.00609143
0.0349968	 9.3886e-12	 9.5243e-12	 9.7616e-12	 9.8856e-12	 -1.357e-13	 -0.007175
0.0362456	 9.2448e-12	 9.4057e-12	 9.6022e-12	 9.7681e-12	 -1.609e-13	 -0.00862711
0.0374944	 9.6802e-12	 9.8359e-12	 9.9451e-12	 1.0121e-11	 -1.557e-13	 -0.00797803
0.0387429	 9.7798e-12	 9.9755e-12	 1.0026e-11	 1.016e-11	 -1.957e-13	 -0.0099062
0.0399914	 9.8397e-12	 1.0063e-11	 1.0029e-11	 1.0141e-11	 -2.233e-13	 -0.0112196
0.0412398	 9.5417e-12	 9.7299e-12	 9.6807e-12	 9.7699e-12	 -1.882e-13	 -0.00976567
0.042488	 9.234e-12	 9.4189e-12	 9.3916e-12	 9.4441e-12	 -1.849e-13	 -0.00991267
0.0437361	 8.8618e-12	 9.1108e-12	 9.0479e-12	 9.1359e-12	 -2.49e-13	 -0.0138544
0.044984	 8.6169e-12	 8.8092e-12	 8.8063e-12	 8.8759e-12	 -1.923e-13	 -0.0110352
0.0462319	 8.4997e-12	 8.6926e-12	 8.7209e-12	 8.7292e-12	 -1.929e-13	 -0.0112201
0.0474796	 8.1019e-12	 8.2791e-12	 8.3083e-12	 8.3349e-12	 -1.772e-13	 -0.0108174
0.0487271	 7.8026e-12	 8.0023e-12	 8.018e-12	 8.0469e-12	 -1.997e-13	 -0.0126353
0.0499745	 7.5517e-12	 7.755e-12	 7.7478e-12	 7.7886e-12	 -2.033e-13	 -0.0132818
0.0512217	 7.3487e-12	 7.5129e-12	 7.5148e-12	 7.5294e-12	 -1.642e-13	 -0.0110486
0.0524688	 7.2238e-12	 7.3759e-12	 7.3677e-12	 7.378e-12	 -1.521e-13	 -0.010418
0.0537157	 6.8696e-12	 7.0217e-12	 7.0043e-12	 7.0186e-12	 -1.521e-13	 -0.0109493
0.0549625	 6.6127e-12	 6.7455e-12	 6.7227e-12	 6.7431e-12	 -1.328e-13	 -0.00994146
0.0562091	 6.3489e-12	 6.4711e-12	 6.4464e-12	 6.4625e-12	 -1.222e-13	 -0.00953198
0.0574555	 6.0931e-12	 6.2099e-12	 6.1813e-12	 6.2019e-12	 -1.168e-13	 -0.00949362
0.0587018	 5.9176e-12	 6.0249e-12	 6.0051e-12	 6.0022e-12	 -1.073e-13	 -0.00898472
0.0599478	 5.5905e-12	 5.6895e-12	 5.6712e-12	 5.6751e-12	 -9.9e-14	 -0.0087766
0.0611937	 5.3261e-12	 5.4223e-12	 5.3908e-12	 5.389e-12	 -9.62e-14	 -0.00895017
0.0624388	 5.0641e-12	 5.1506e-12	 5.1352e-12	 5.1177e-12	 -8.65e-14	 -0.00846819
0.0636843	 4.8099e-12	 4.8948e-12	 4.8766e-12	 4.8513e-12	 -8.49e-14	 -0.00874834
0.0649296	 4.6147e-12	 4.6858e-12	 4.6629e-12	 4.6374e-12	 -7.11e-14	 -0.00764475
0.0661747	 4.3024e-12	 4.3727e-12	 4.3518e-12	 4.3319e-12	 -7.03e-14	 -0.00810365
0.0674196	 4.0398e-12	 4.1034e-12	 4.0756e-12	 4.0541e-12	 -6.36e-14	 -0.0078102
0.0686644	 3.78e-12	 3.8419e-12	 3.8208e-12	 3.7964e-12	 -6.19e-14	 -0.00812133
0.0699089	 3.5277e-12	 3.5758e-12	 3.5641e-12	 3.5259e-12	 -4.81e-14	 -0.00677131
0.0711531	 3.3047e-12	 3.3589e-12	 3.3407e-12	 3.3028e-12	 -5.42e-14	 -0.00813374
0.0723972	 3.0272e-12	 3.0729e-12	 3.0568e-12	 3.0177e-12	 -4.57e-14	 -0.00749168
0.0736411	 2.7722e-12	 2.8115e-12	 2.7999e-12	 2.7573e-12	 -3.93e-14	 -0.00703834
0.0748847	 2.5306e-12	 2.5662e-12	 2.5557e-12	 2.5151e-12	 -3.56e-14	 -0.00698477
0.0761281	 2.3017e-12	 2.3385e-12	 2.3259e-12	 2.288e-12	 -3.68e-14	 -0.00793069
0.0773712	 2.1007e-12	 2.1352e-12	 2.1236e-12	 2.0853e-12	 -3.45e-14	 -0.00814467
0.0786142	 1.8774e-12	 1.9103e-12	 1.9008e-12	 1.8613e-12	 -3.29e-14	 -0.00868601
0.0798569	 1.6842e-12	 1.7146e-12	 1.6783e-12	 1.6435e-12	 -3.04e-14	 -0.00894433
0.0810993	 1.5061e-12	 1.5315e-12	 1.5196e-12	 1.4878e-12	 -2.54e-14	 -0.00836186
0.0823415	 1.3371e-12	 1.3655e-12	 1.3522e-12	 1.3236e-12	 -2.84e-14	 -0.0105084
0.0835835	 1.152e-12	 1.1762e-12	 1.2149e-12	 1.1822e-12	 -2.42e-14	 -0.0103943
0.0848252	 1.046e-12	 1.0692e-12	 1.0671e-12	 1.0351e-12	 -2.32e-14	 -0.0109682
0.0860666	 9.2085e-13	 9.3995e-13	 9.4091e-13	 9.096e-13	 -1.91e-14	 -0.0102644
0.0873078	 8.1325e-13	 8.2932e-13	 8.2899e-13	 8.0214e-13	 -1.607e-14	 -0.00978345
0.0885487	 7.0729e-13	 7.2428e-13	 7.277e-13	 7.0743e-13	 -1.699e-14	 -0.0118681
0.0897893	 6.364e-13	 6.461e-13	 6.4913e-13	 6.3061e-13	 -9.7e-15	 -0.00756335
0.0910297	 5.676e-13	 5.7001e-13	 5.8238e-13	 5.6e-13	 -2.41e-15	 -0.00211848
0.0922698	 5.1327e-13	 5.1562e-13	 5.2462e-13	 5.062e-13	 -2.35e-15	 -0.00228401
0.0935096	 4.7358e-13	 4.7421e-13	 4.8115e-13	 4.6702e-13	 -6.3e-16	 -0.000664704
0.0947491	 4.4308e-13	 4.417e-13	 4.5417e-13	 4.3926e-13	 1.38e-15	 0.00155971
0.0959883	 4.223e-13	 4.2862e-13	 4.4221e-13	 4.2608e-13	 -6.32e-15	 -0.00742726
0.0972273	 4.1971e-13	 4.2429e-13	 4.359e-13	 4.1784e-13	 -4.58e-15	 -0.00542654
0.0984659	 4.1665e-13	 4.2444e-13	 4.3422e-13	 4.1834e-13	 -7.79e-15	 -0.00926179
0.0997043	 4.2012e-13	 4.246e-13	 4.387e-13	 4.221e-13	 -4.48e-15	 -0.00530353
0.100942	 4.2298e-13	 4.302e-13	 4.4499e-13	 4.2492e-13	 -7.22e-15	 -0.00846246
0.10218	 4.2109e-13	 4.3551e-13	 4.5467e-13	 4.3038e-13	 -1.442e-14	 -0.016834
0.103417	 4.1879e-13	 4.326e-13	 4.5058e-13	 4.3077e-13	 -1.381e-14	 -0.0162205
0.104655	 4.079e-13	 4.2516e-13	 4.4345e-13	 4.2269e-13	 -1.726e-14	 -0.0207188
0.105891	 3.8936e-13	 4.1164e-13	 4.2474e-13	 4.0888e-13	 -2.228e-14	 -0.0278152
0.107128	 3.6646e-13	 3.9004e-13	 4.0347e-13	 3.8797e-13	 -2.358e-14	 -0.0311699
0.108364	 3.4498e-13	 3.6677e-13	 3.8229e-13	 3.6413e-13	 -2.179e-14	 -0.0306147
0.1096	 3.1227e-13	 3.335e-13	 3.4814e-13	 3.3458e-13	 -2.123e-14	 -0.0328755
0.110835	 2.7951e-13	 3.0099e-13	 3.1214e-13	 3.002e-13	 -2.148e-14	 -0.0370026
0.11207	 2.44e-13	 2.6463e-13	 2.7555e-13	 2.6358e-13	 -2.063e-14	 -0.0405599
0.113305	 2.1065e-13	 2.2877e-13	 2.3772e-13	 2.263e-13	 -1.812e-14	 -0.0412362
0.11454	 1.8302e-13	 1.951e-13	 2.0454e-13	 1.9267e-13	 -1.208e-14	 -0.0319475
0.115774	 1.5445e-13	 1.6253e-13	 1.6998e-13	 1.6228e-13	 -8.08e-15	 -0.0254906
0.117007	 1.3205e-13	 1.361e-13	 1.4379e-13	 1.3725e-13	 -4.05e-15	 -0.0151035
0.118241	 1.1366e-13	 1.1589e-13	 1.2288e-13	 1.1745e-13	 -2.23e-15	 -0.00971466
0.119474	 1.0072e-13	 1.0173e-13	 1.0661e-13	 1.0382e-13	 -1.01e-15	 -0.00498889
0.120707	 9.048e-14	 9.1226e-14	 9.6382e-14	 9.3519e-14	 -7.46e-16	 -0.00410553
0.121939	 8.2494e-14	 8.3042e-14	 8.8012e-14	 8.5481e-14	 -5.48e-16	 -0.00331046
0.123171	 7.6268e-14	 7.633e-14	 8.2204e-14	 7.9955e-14	 -6.2e-17	 -0.000406296
0.124402	 7.1872e-14	 7.024e-14	 7.7566e-14	 7.5075e-14	 1.632e-15	 0.0114839
0.125634	 6.7908e-14	 6.5663e-14	 7.2191e-14	 7.0709e-14	 2.245e-15	 0.0168075
0.126864	 6.3832e-14	 6.2122e-14	 6.8399e-14	 6.6237e-14	 1.71e-15	 0.0135764
0.128095	 5.8531e-14	 5.754e-14	 6.228e-14	 6.0818e-14	 9.91e-16	 0.00853788
0.129325	 5.3179e-14	 5.2395e-14	 5.5972e-14	 5.5151e-14	 7.84e-16	 0.00742607
0.130554	 4.7579e-14	 4.7193e-14	 4.9651e-14	 4.8139e-14	 3.86e-16	 0.00407293
0.131784	 4.2092e-14	 4.1458e-14	 4.3375e-14	 4.1985e-14	 6.34e-16	 0.00758827
0.133012	 3.7266e-14	 3.6804e-14	 3.8116e-14	 3.6809e-14	 4.62e-16	 0.00623734
0.134241	 3.264e-14	 3.2075e-14	 3.3303e-14	 3.1615e-14	 5.65e-16	 0.00873059
0.135469	 2.906e-14	 2.8454e-14	 2.9557e-14	 2.755e-14	 6.06e-16	 0.0105366
0.136696	 2.6408e-14	 2.556e-14	 2.6715e-14	 2.4427e-14	 8.48e-16	 0.0163177
0.137924	 2.4672e-14	 2.3639e-14	 2.4581e-14	 2.2404e-14	 1.033e-15	 0.0213823
0.13915	 2.3685e-14	 2.2665e-14	 2.3847e-14	 2.1493e-14	 1.02e-15	 0.0220065
0.140377	 2.3207e-14	 2.2108e-14	 2.3242e-14	 2.0999e-14	 1.099e-15	 0.0242525
0.141603	 2.3199e-14	 2.2096e-14	 2.3216e-14	 2.0896e-14	 1.103e-15	 0.0243515
0.142828	 2.3281e-14	 2.2147e-14	 2.3035e-14	 2.0877e-14	 1.134e-15	 0.0249626
0.144053	 2.3049e-14	 2.2053e-14	 2.2711e-14	 2.0828e-14	 9.96e-16	 0.0220833
0.145278	 2.2537e-14	 2.16e-14	 2.2367e-14	 2.0412e-14	 9.37e-16	 0.0212294
0.146502	 2.0939e-14	 2.0125e-14	 2.098e-14	 1.9076e-14	 8.14e-16	 0.0198227
0.147726	 1.8653e-14	 1.797e-14	 1.8938e-14	 1.6899e-14	 6.83e-16	 0.0186495
0.148949	 1.5837e-14	 1.529e-14	 1.5918e-14	 1.4546e-14	 5.47e-16	 0.0175732
0.150172	 1.232e-14	 1.209e-14	 1.2932e-14	 1.1627e-14	 2.3e-16	 0.00942237
0.151394	 9.3254e-15	 9.1025e-15	 9.6828e-15	 8.652e-15	 2.229e-16	 0.0120958
0.152616	 6.1361e-15	 6.0086e-15	 6.4345e-15	 5.7747e-15	 1.275e-16	 0.0104984
0.153837	 3.5649e-15	 3.5219e-15	 3.8005e-15	 3.3871e-15	 4.3e-17	 0.00606762
0.155058	 1.8308e-15	 1.8064e-15	 1.928e-15	 1.6419e-15	 2.44e-17	 0.00670846
0.156279	 9.8626e-16	 9.5807e-16	 9.7986e-16	 9.1139e-16	 2.819e-17	 0.0144986
0.157499	 1.2445e-15	 1.1681e-15	 1.1415e-15	 1.0271e-15	 7.64e-17	 0.0316671
0.158718	 2.3972e-15	 2.2449e-15	 2.2022e-15	 1.9195e-15	 1.523e-16	 0.0328084
0.159937	 4.3462e-15	 4.1291e-15	 4.1245e-15	 3.5877e-15	 2.171e-16	 0.0256156
0.161156	 7.4057e-15	 7.0689e-15	 6.5481e-15	 5.6322e-15	 3.368e-16	 0.0232683
0.162374	 1.0909e-14	 1.0378e-14	 1.0128e-14	 8.4262e-15	 5.31e-16	 0.0249448
0.163592	 1.3998e-14	 1.3213e-14	 1.4131e-14	 1.1432e-14	 7.85e-16	 0.0288486
0.164809	 1.787e-14	 1.6802e-14	 1.7475e-14	 1.458e-14	 1.068e-15	 0.030803
0.166025	 2.0829e-14	 1.9478e-14	 2.0217e-14	 1.6788e-14	 1.351e-15	 0.0335178
0.167241	 2.312e-14	 2.1652e-14	 2.2941e-14	 1.8577e-14	 1.468e-15	 0.0327883
0.168457	 2.4553e-14	 2.3056e-14	 2.4557e-14	 2.0078e-14	 1.497e-15	 0.0314436
0.169672	 2.5222e-14	 2.3787e-14	 2.557e-14	 2.0782e-14	 1.435e-15	 0.0292803
0.170886	 2.4572e-14	 2.3134e-14	 2.5016e-14	 2.0332e-14	 1.438e-15	 0.030143
0.172101	 2.339e-14	 2.1981e-14	 2.3902e-14	 1.9364e-14	 1.409e-15	 0.0310551
0.173314	 2.1728e-14	 2.0439e-14	 2.2297e-14	 1.8044e-14	 1.289e-15	 0.0305689
0.174527	 1.9777e-14	 1.8618e-14	 2.0357e-14	 1.642e-14	 1.159e-15	 0.0301862
0.175739	 1.7838e-14	 1.6869e-14	 1.854e-14	 1.485e-14	 9.69e-16	 0.0279194
0.176951	 1.5634e-14	 1.4751e-14	 1.6212e-14	 1.2973e-14	 8.83e-16	 0.0290604
0.178163	 1.3613e-14	 1.2835e-14	 1.4194e-14	 1.1292e-14	 7.78e-16	 0.0294162
0.179373	 1.1776e-14	 1.1139e-14	 1.2325e-14	 9.7771e-15	 6.37e-16	 0.0277984
0.180584	 1.0226e-14	 9.6286e-15	 1.0701e-14	 8.447e-15	 5.974e-16	 0.0300887
0.181793	 9.0047e-15	 8.4748e-15	 9.4492e-15	 7.4366e-15	 5.299e-16	 0.0303155
0.183003	 7.9476e-15	 7.4497e-15	 8.3537e-15	 6.5387e-15	 4.979e-16	 0.0323368
0.184211	 7.2193e-15	 6.7894e-15	 7.6122e-15	 5.9504e-15	 4.299e-16	 0.0306881
0.185419	 6.7792e-15	 6.361e-15	 7.19e-15	 5.5817e-15	 4.182e-16	 0.031826
0.186627	 6.4577e-15	 6.105e-15	 6.9116e-15	 5.3603e-15	 3.527e-16	 0.0280752
0.187834	 6.2369e-15	 5.9598e-15	 6.7616e-15	 5.227e-15	 2.771e-16	 0.0227193
0.18904	 5.9379e-15	 5.6619e-15	 6.4697e-15	 4.9701e-15	 2.76e-16	 0.0237935
0.190246	 5.5285e-15	 5.3053e-15	 6.0887e-15	 4.6635e-15	 2.232e-16	 0.0206022
0.191451	 4.9535e-15	 4.8248e-15	 5.5661e-15	 3.9953e-15	 1.287e-16	 0.0131618
0.192655	 4.3646e-15	 4.2468e-15	 4.9247e-15	 3.5413e-15	 1.178e-16	 0.0136795
0.193859	 3.7144e-15	 3.6536e-15	 3.8864e-15	 3.0399e-15	 6.08e-17	 0.0082519
0.195063	 2.8901e-15	 2.8432e-15	 3.3298e-15	 2.5083e-15	 4.69e-17	 0.00818028
0.196266	 2.4141e-15	 2.3707e-15	 2.7714e-15	 2.0679e-15	 4.34e-17	 0.00907039
0.197468	 2.0655e-15	 2.0287e-15	 2.3714e-15	 1.7483e-15	 3.68e-17	 0.00898832
0.19867	 1.8884e-15	 1.8613e-15	 2.1607e-15	 1.568e-15	 2.71e-17	 0.00722724
0.199871	 1.9144e-15	 1.8876e-15	 2.1797e-15	 1.5609e-15	 2.68e-17	 0.00704892
0.201071	 2.086e-15	 2.0577e-15	 2.3649e-15	 1.678e-15	 2.83e-17	 0.00682965
0.202271	 2.4305e-15	 2.4082e-15	 2.757e-15	 1.9512e-15	 2.23e-17	 0.00460868
0.20347	 2.8942e-15	 2.8908e-15	 3.3035e-15	 2.3379e-15	 3.4e-18	 0.000587727
0.204668	 3.4138e-15	 3.4135e-15	 3.9607e-15	 2.8038e-15	 3e-19	 4.39412e-05
0.205866	 4.0578e-15	 4.07e-15	 4.6908e-15	 3.3189e-15	 -1.22e-17	 -0.00150102
0.207064	 4.5189e-15	 4.5585e-15	 5.2188e-15	 3.7178e-15	 -3.96e-17	 -0.00436248
0.20826	 4.8691e-15	 4.9272e-15	 5.6892e-15	 4.0259e-15	 -5.81e-17	 -0.00593081
0.209456	 5.06e-15	 5.1235e-15	 5.9365e-15	 4.1882e-15	 -6.35e-17	 -0.00623558
0.210652	 5.022e-15	 5.1093e-15	 5.9172e-15	 4.1784e-15	 -8.73e-17	 -0.00861686
0.211847	 4.809e-15	 4.7549e-15	 5.7077e-15	 4.0145e-15	 5.41e-17	 0.00565669
0.213041	 4.3379e-15	 4.4117e-15	 5.1743e-15	 3.6368e-15	 -7.38e-17	 -0.00843467
0.214234	 3.8086e-15	 3.863e-15	 4.5471e-15	 3.1886e-15	 -5.44e-17	 -0.00709109
0.215427	 3.2036e-15	 3.2616e-15	 3.8477e-15	 2.6955e-15	 -5.8e-17	 -0.00897111
0.216619	 2.6067e-15	 2.6466e-15	 3.1485e-15	 2.195e-15	 -3.99e-17	 -0.00759523
0.217811	 2.0661e-15	 2.0983e-15	 2.4961e-15	 1.7426e-15	 -3.22e-17	 -0.00773221
0.219002	 1.5688e-15	 1.5825e-15	 1.8959e-15	 1.3175e-15	 -1.37e-17	 -0.00434741
0.220192	 1.1536e-15	 1.1595e-15	 1.3996e-15	 9.6648e-16	 -5.9e-18	 -0.00255069
0.221381	 8.2595e-16	 8.19e-16	 9.9698e-16	 6.8863e-16	 6.95e-18	 0.00422505
0.22257	 5.7349e-16	 5.6316e-16	 7.0084e-16	 4.8408e-16	 1.033e-17	 0.00908811
0.223758	 4.373e-16	 4.2169e-16	 5.0885e-16	 3.6219e-16	 1.561e-17	 0.0181725
0.224946	 3.842e-16	 3.6732e-16	 4.4285e-16	 3.03e-16	 1.688e-17	 0.0224611
0.226132	 4.2417e-16	 4.1041e-16	 4.8802e-16	 3.3264e-16	 1.376e-17	 0.0164873
0.227319	 5.3885e-16	 5.3286e-16	 6.2843e-16	 4.2621e-16	 5.99e-18	 0.0055892
0.228504	 7.0105e-16	 7.0318e-16	 8.3295e-16	 5.82e-16	 -2.13e-18	 -0.00151685
0.229689	 8.6983e-16	 8.8339e-16	 1.0596e-15	 6.9672e-16	 -1.356e-17	 -0.00773434
0.230873	 9.8857e-16	 1.01e-15	 1.2415e-15	 7.976e-16	 -2.143e-17	 -0.0107227
0.232056	 1.0387e-15	 1.0698e-15	 1.318e-15	 8.4376e-16	 -3.11e-17	 -0.0147498
0.233239	 1.0055e-15	 1.0405e-15	 1.2745e-15	 8.2386e-16	 -3.5e-17	 -0.0171065
0.23442	 8.9163e-16	 9.2806e-16	 1.1458e-15	 7.3952e-16	 -3.643e-17	 -0.0200199
0.235602	 7.2545e-16	 7.6372e-16	 9.4523e-16	 6.0941e-16	 -3.827e-17	 -0.0256989
0.236782	 5.3211e-16	 5.6257e-16	 7.0182e-16	 4.5692e-16	 -3.046e-17	 -0.0278255
0.237962	 3.5294e-16	 3.7657e-16	 4.7312e-16	 3.1242e-16	 -2.363e-17	 -0.0323916
0.239141	 2.0998e-16	 2.2774e-16	 2.8809e-16	 1.9427e-16	 -1.776e-17	 -0.0405739
0.240319	 1.2672e-16	 1.2939e-16	 1.7741e-16	 1.1379e-16	 -2.67e-18	 -0.0104252
0.241497	 7.6358e-17	 9.3538e-17	 1.0278e-16	 9.2909e-17	 -1.718e-17	 -0.101121
0.242673	 8.6449e-17	 8.6722e-17	 1.0704e-16	 7.2244e-17	 -2.73e-19	 -0.00157648
0.24385	 1.4185e-16	 1.3892e-16	 1.7051e-16	 1.0696e-16	 2.93e-18	 0.0104356
0.245025	 2.4277e-16	 2.348e-16	 2.8971e-16	 1.7555e-16	 7.97e-18	 0.0166887
0.246199	 3.9918e-16	 3.8984e-16	 4.8596e-16	 2.9884e-16	 9.34e-18	 0.0118375
0.247373	 5.7152e-16	 5.6564e-16	 7.0071e-16	 4.1893e-16	 5.88e-18	 0.00517078
0.248546	 8.1789e-16	 8.1041e-16	 1.0124e-15	 1.1765e-16	 7.48e-18	 0.00459375
0.249719	 1.067e-15	 1.0632e-15	 1.3322e-15	 7.5042e-16	 3.8e-18	 0.00178387
0.25089	 1.2986e-15	 1.302e-15	 1.6445e-15	 9.5761e-16	 -3.4e-18	 -0.00130739
0.252061	 1.5238e-15	 1.5269e-15	 1.9151e-15	 1.1233e-15	 -3.1e-18	 -0.00101616
0.253231	 1.6958e-15	 1.7094e-15	 2.159e-15	 1.247e-15	 -1.36e-17	 -0.00399389
0.2544	 1.7646e-15	 1.784e-15	 2.252e-15	 1.2999e-15	 -1.94e-17	 -0.00546694
0.255569	 1.7631e-15	 1.7845e-15	 2.2601e-15	 1.298e-15	 -2.14e-17	 -0.00603225
0.256736	 1.6951e-15	 1.7247e-15	 2.1789e-15	 1.2438e-15	 -2.96e-17	 -0.00865548
0.257903	 1.5781e-15	 1.6007e-15	 2.0328e-15	 1.1551e-15	 -2.26e-17	 -0.0071096
0.25907	 1.4339e-15	 1.4579e-15	 1.8466e-15	 1.0428e-15	 -2.4e-17	 -0.00829933
0.260235	 1.2616e-15	 1.2831e-15	 1.6234e-15	 9.13e-16	 -2.15e-17	 -0.00844893
0.261399	 1.111e-15	 1.1313e-15	 1.4306e-15	 7.9826e-16	 -2.03e-17	 -0.0090532
0.262563	 9.8105e-16	 1.0007e-15	 1.2623e-15	 7.0155e-16	 -1.965e-17	 -0.00991548
0.263726	 8.8111e-16	 8.9982e-16	 1.1368e-15	 6.2558e-16	 -1.871e-17	 -0.0105057
0.264888	 8.1187e-16	 8.3259e-16	 1.053e-15	 5.7319e-16	 -2.072e-17	 -0.0125999
0.26605	 7.5725e-16	 7.7954e-16	 9.8405e-16	 5.339e-16	 -2.229e-17	 -0.0145043
0.26721	 7.2773e-16	 7.5213e-16	 9.5192e-16	 5.1331e-16	 -2.44e-17	 -0.016488
0.26837	 7.125e-16	 7.3892e-16	 9.3863e-16	 5.0339e-16	 -2.642e-17	 -0.0182029
0.269529	 7.0579e-16	 7.3384e-16	 9.2603e-16	 4.9853e-16	 -2.805e-17	 -0.0194842
0.270687	 6.9696e-16	 7.2787e-16	 9.2463e-16	 4.9539e-16	 -3.091e-17	 -0.0216938
0.271844	 6.6593e-16	 6.9693e-16	 8.9058e-16	 4.7526e-16	 -3.1e-17	 -0.0227463
0.273001	 6.2139e-16	 6.5352e-16	 8.3977e-16	 4.4683e-16	 -3.213e-17	 -0.0252018
0.274156	 5.5854e-16	 5.9022e-16	 7.5978e-16	 4.0433e-16	 -3.168e-17	 -0.0275776
0.275311	 4.8123e-16	 5.1078e-16	 6.6072e-16	 3.5066e-16	 -2.955e-17	 -0.029788
0.276465	 4.0035e-16	 4.2615e-16	 5.5233e-16	 2.9354e-16	 -2.58e-17	 -0.031216
0.277618	 3.219e-16	 3.4188e-16	 4.435e-16	 2.362e-16	 -1.998e-17	 -0.0301003
0.27877	 2.6618e-16	 2.7973e-16	 3.516e-16	 1.9329e-16	 -1.355e-17	 -0.0248209
0.279922	 2.3043e-16	 2.3804e-16	 3.1109e-16	 1.807e-16	 -7.61e-18	 -0.0162444
0.281072	 2.3587e-16	 2.3807e-16	 3.1376e-16	 1.6276e-16	 -2.2e-18	 -0.00464194
0.282222	 2.7193e-16	 2.7043e-16	 3.5816e-16	 1.8183e-16	 1.5e-18	 0.00276569
0.283371	 3.4051e-16	 3.3956e-16	 4.32e-16	 2.1553e-16	 9.5e-19	 0.00139692
0.284519	 3.979e-16	 3.9271e-16	 5.2954e-16	 2.5991e-16	 5.19e-18	 0.00656455
0.285666	 4.7434e-16	 4.6816e-16	 6.3094e-16	 3.06e-16	 6.18e-18	 0.00655703
0.286812	 5.548e-16	 5.4737e-16	 7.4091e-16	 3.5559e-16	 7.43e-18	 0.00674125
0.287957	 6.5115e-16	 6.3182e-16	 8.5653e-16	 4.066e-16	 1.933e-17	 0.0150666
0.289102	 7.4908e-16	 7.3808e-16	 1.0025e-15	 4.7562e-16	 1.1e-17	 0.00739665
0.290245	 8.4272e-16	 8.3653e-16	 1.1411e-15	 5.1523e-16	 6.19e-18	 0.00368617
0.291388	 9.4973e-16	 9.4228e-16	 1.2902e-15	 5.7849e-16	 7.45e-18	 0.00393761
0.29253	 1.0622e-15	 1.0573e-15	 1.4453e-15	 6.4833e-16	 4.9e-18	 0.00231187
0.293671	 1.1807e-15	 1.1727e-15	 1.6101e-15	 7.131e-16	 8e-18	 0.00339934
0.294811	 1.2539e-15	 1.257e-15	 1.7276e-15	 7.6267e-16	 -3.1e-18	 -0.00123462
0.29595	 1.3182e-15	 1.3077e-15	 1.818e-15	 7.9877e-16	 1.05e-17	 0.00399863
0.297088	 1.3386e-15	 1.3394e-15	 1.8506e-15	 8.0748e-16	 -8e-19	 -0.00029873
0.298226	 1.3156e-15	 1.314e-15	 1.8177e-15	 7.8764e-16	 1.6e-18	 0.000608458
0.299362	 1.2508e-15	 1.2517e-15	 1.7348e-15	 7.4535e-16	 -9e-19	 -0.00035964
0.300497	 1.1292e-15	 1.1331e-15	 1.5712e-15	 6.7453e-16	 -3.9e-18	 -0.00172391
0.301632	 9.9285e-16	 9.9703e-16	 1.3805e-15	 5.9141e-16	 -4.18e-18	 -0.00210063
0.302766	 8.5081e-16	 8.543e-16	 1.1846e-15	 5.0485e-16	 -3.49e-18	 -0.00204679
0.303898	 7.1291e-16	 7.1835e-16	 9.9861e-16	 4.2338e-16	 -5.44e-18	 -0.00380085
0.30503	 5.9418e-16	 5.9618e-16	 8.3182e-16	 3.5052e-16	 -2e-18	 -0.00168016
0.306161	 4.845e-16	 4.8693e-16	 6.7959e-16	 2.8745e-16	 -2.43e-18	 -0.00250147
0.307291	 4.0018e-16	 4.0367e-16	 5.6212e-16	 2.3788e-16	 -3.49e-18	 -0.00434161
0.30842	 3.3418e-16	 3.3816e-16	 4.7126e-16	 1.9978e-16	 -3.98e-18	 -0.00591962
0.309548	 2.8479e-16	 2.8917e-16	 4.0234e-16	 1.7104e-16	 -4.38e-18	 -0.00763119
0.310675	 2.3905e-16	 2.4302e-16	 3.5288e-16	 1.4943e-16	 -3.97e-18	 -0.00823532
0.311802	 2.082e-16	 2.1302e-16	 3.0873e-16	 1.3221e-16	 -4.82e-18	 -0.011443
0.312927	 1.8315e-16	 1.8818e-16	 2.7488e-16	 1.1813e-16	 -5.03e-18	 -0.0135459
0.314051	 1.6139e-16	 1.6712e-16	 2.4461e-16	 1.0552e-16	 -5.73e-18	 -0.0174424
0.315175	 1.4097e-16	 1.4737e-16	 2.1583e-16	 9.4013e-17	 -6.4e-18	 -0.022196
0.316297	 1.205e-16	 1.2705e-16	 1.8678e-16	 1.0061e-16	 -6.55e-18	 -0.0264593
0.317418	 9.8521e-17	 1.0499e-16	 1.6799e-16	 6.988e-17	 -6.469e-18	 -0.031787
0.318539	 7.7206e-17	 8.3388e-17	 1.1821e-16	 5.7447e-17	 -6.182e-18	 -0.0384946
0.319658	 5.7495e-17	 6.2585e-17	 8.8705e-17	 4.5973e-17	 -5.09e-18	 -0.0423884
0.320777	 4.1571e-17	 4.5123e-17	 6.3948e-17	 3.6298e-17	 -3.552e-18	 -0.0409717
0.321894	 4.5218e-17	 3.2679e-17	 4.6427e-17	 2.9317e-17	 1.2539e-17	 0.160969
0.323011	 2.5493e-17	 4.0702e-17	 5.9026e-17	 2.5957e-17	 -1.5209e-17	 -0.229761
0.324126	 2.6831e-17	 2.6735e-17	 3.9468e-17	 2.5824e-17	 9.6e-20	 0.00179218
0.325241	 3.3542e-17	 3.2291e-17	 4.8514e-17	 2.8786e-17	 1.251e-18	 0.0190026
0.326355	 4.3476e-17	 4.1619e-17	 6.3453e-17	 3.3699e-17	 1.857e-18	 0.0218227
0.327467	 5.4921e-17	 5.2618e-17	 8.0674e-17	 3.94e-17	 2.303e-18	 0.0214155
0.328579	 6.5578e-17	 6.3142e-17	 1.1703e-16	 4.4918e-17	 2.436e-18	 0.0189248
0.329689	 7.5211e-17	 9.0299e-17	 1.1115e-16	 4.9749e-17	 -1.5088e-17	 -0.0911607
0.330799	 8.3517e-17	 8.0878e-17	 1.2406e-16	 5.3907e-17	 2.639e-18	 0.0160528
0.331907	 9.0844e-17	 8.8453e-17	 1.3611e-16	 5.7817e-17	 2.391e-18	 0.0133354
0.333015	 9.9474e-17	 9.6944e-17	 1.49e-16	 6.1935e-17	 2.53e-18	 0.0128807
0.334122	 1.0784e-16	 1.0515e-16	 1.6268e-16	 6.6203e-17	 2.69e-18	 0.0126297
0.335227	 1.1722e-16	 1.143e-16	 1.7697e-16	 7.032e-17	 2.92e-18	 0.0126123
0.336332	 1.2541e-16	 1.2281e-16	 2.0876e-16	 7.4347e-17	 2.6e-18	 0.0104746
0.337435	 1.4433e-16	 1.4172e-16	 1.9963e-16	 7.6918e-17	 2.61e-18	 0.00912428
0.338538	 1.3477e-16	 1.3227e-16	 2.0372e-16	 7.8005e-17	 2.5e-18	 0.00936189
0.339639	 1.316e-16	 1.2959e-16	 1.9953e-16	 7.5494e-17	 2.01e-18	 0.00769555
0.340739	 1.2475e-16	 1.2247e-16	 1.8924e-16	 7.1995e-17	 2.28e-18	 0.00922255
0.341839	 1.1528e-16	 1.1289e-16	 1.7382e-16	 6.7053e-17	 2.39e-18	 0.0104746
0.342937	 1.0482e-16	 1.0252e-16	 1.5694e-16	 6.1358e-17	 2.3e-18	 0.0110929
0.344034	 9.5881e-17	 9.3716e-17	 1.4366e-16	 5.642e-17	 2.165e-18	 0.011419
0.345131	 8.9464e-17	 8.7945e-17	 1.339e-16	 5.326e-17	 1.519e-18	 0.00856214
0.346226	 8.8057e-17	 8.6818e-17	 1.3129e-16	 5.1875e-17	 1.239e-18	 0.00708506
0.34732	 9.0452e-17	 9.0315e-17	 1.365e-16	 5.2823e-17	 1.37e-19	 0.000757882
0.348413	 9.7313e-17	 9.7952e-17	 1.4779e-16	 5.5542e-17	 -6.39e-19	 -0.00327248
0.349505	 1.0681e-16	 1.0801e-16	 1.6344e-16	 5.9428e-17	 -1.2e-18	 -0.00558607
0.350596	 1.1681e-16	 1.1862e-16	 1.7938e-16	 6.3577e-17	 -1.81e-18	 -0.00768806
0.351686	 1.2811e-16	 1.3031e-16	 1.9779e-16	 6.7968e-17	 -2.2e-18	 -0.00851327
0.352775	 1.3976e-16	 1.4281e-16	 2.1772e-16	 7.3243e-17	 -3.05e-18	 -0.0107938
0.353862	 1.5297e-16	 1.5609e-16	 2.3839e-16	 7.8291e-17	 -3.12e-18	 -0.0100951
0.354949	 1.6758e-16	 1.7177e-16	 2.6295e-16	 8.4408e-17	 -4.19e-18	 -0.0123471
0.356034	 1.8272e-16	 1.8655e-16	 2.87e-16	 9.0416e-17	 -3.83e-18	 -0.0103718
0.357119	 1.9855e-16	 2.0333e-16	 3.1342e-16	 9.6452e-17	 -4.78e-18	 -0.0118941
0.358202	 2.1376e-16	 2.1909e-16	 3.3918e-16	 1.0239e-16	 -5.33e-18	 -0.0123137
0.359285	 2.2672e-16	 2.3235e-16	 3.6096e-16	 1.0671e-16	 -5.63e-18	 -0.0122639
0.360366	 2.3241e-16	 2.4055e-16	 3.7248e-16	 1.0909e-16	 -8.14e-18	 -0.0172108
0.361446	 2.319e-16	 2.3922e-16	 3.7143e-16	 1.0822e-16	 -7.32e-18	 -0.0155374
0.362525	 2.2288e-16	 2.3077e-16	 3.5754e-16	 1.0356e-16	 -7.89e-18	 -0.0173923
0.363603	 2.0626e-16	 2.1439e-16	 3.3172e-16	 9.6543e-17	 -8.13e-18	 -0.0193272
0.36468	 1.8307e-16	 1.9111e-16	 2.9553e-16	 8.6867e-17	 -8.04e-18	 -0.021487
0.365755	 1.5631e-16	 1.6354e-16	 2.5286e-16	 7.573e-17	 -7.23e-18	 -0.0226043
0.36683	 1.2698e-16	 1.336e-16	 2.0596e-16	 6.399e-17	 -6.62e-18	 -0.0254049
0.367903	 9.9619e-17	 1.0527e-16	 1.6146e-16	 5.2956e-17	 -5.651e-18	 -0.0275808
0.368976	 7.5721e-17	 8.0311e-17	 1.2294e-16	 4.3496e-17	 -4.59e-18	 -0.029417
0.370047	 5.6862e-17	 6.0527e-17	 9.1751e-17	 3.6123e-17	 -3.665e-18	 -0.031221
0.371117	 4.3147e-17	 4.6003e-17	 6.9285e-17	 3.0791e-17	 -2.856e-18	 -0.0320359
0.372186	 3.4175e-17	 3.6153e-17	 5.397e-17	 2.7108e-17	 -1.978e-18	 -0.0281254
0.373254	 4.2877e-17	 5.2505e-17	 6.5685e-17	 2.4965e-17	 -9.628e-18	 -0.100941
0.37432	 2.655e-17	 2.7377e-17	 4.0821e-17	 2.3966e-17	 -8.27e-19	 -0.0153355
0.375386	 2.538e-17	 2.5925e-17	 3.8886e-17	 2.3455e-17	 -5.45e-19	 -0.0106227
0.37645	 2.5068e-17	 2.5313e-17	 3.7787e-17	 2.3025e-17	 -2.45e-19	 -0.00486294
0.377514	 2.4994e-17	 2.4957e-17	 3.7473e-17	 2.2838e-17	 3.7e-20	 0.000740726
0.378576	 2.5151e-17	 2.4873e-17	 3.7662e-17	 2.291e-17	 2.78e-19	 0.00555733
0.379637	 2.6264e-17	 2.5644e-17	 3.9094e-17	 2.2961e-17	 6.2e-19	 0.0119442
0.380696	 2.8894e-17	 2.796e-17	 4.306e-17	 2.3686e-17	 9.34e-19	 0.016428
0.381755	 3.3961e-17	 3.2671e-17	 5.0923e-17	 2.5106e-17	 1.29e-18	 0.0193601
0.382813	 4.1393e-17	 3.9954e-17	 6.3125e-17	 2.7414e-17	 1.439e-18	 0.0176897
0.383869	 5.2551e-17	 5.0557e-17	 8.0856e-17	 3.0618e-17	 1.994e-18	 0.0193389
0.384924	 6.6334e-17	 6.4501e-17	 1.0396e-16	 3.4742e-17	 1.833e-18	 0.01401
0.385978	 8.3204e-17	 8.147e-17	 1.3259e-16	 3.9743e-17	 1.734e-18	 0.0105299
0.387031	 1.0219e-16	 1.005e-16	 1.6528e-16	 4.5307e-17	 1.69e-18	 0.00833786
0.388082	 1.2069e-16	 1.1883e-16	 2.1674e-16	 5.0698e-17	 1.86e-18	 0.00776553
0.389133	 1.5066e-16	 1.5207e-16	 2.2755e-16	 5.5654e-17	 -1.41e-18	 -0.00465762
0.390182	 1.5336e-16	 1.5355e-16	 2.5429e-16	 5.9982e-17	 -1.9e-19	 -0.000619074
0.39123	 1.6416e-16	 1.6565e-16	 2.7537e-16	 6.2689e-17	 -1.49e-18	 -0.00451775
0.392277	 1.7252e-16	 1.7442e-16	 2.8953e-16	 6.4591e-17	 -1.9e-18	 -0.00547645
0.393323	 1.745e-16	 1.751e-16	 2.9305e-16	 6.4751e-17	 -6e-19	 -0.00171625
0.394367	 1.7236e-16	 1.7411e-16	 2.9161e-16	 6.3549e-17	 -1.75e-18	 -0.00505094
0.39541	 1.6834e-16	 1.7025e-16	 2.8537e-16	 6.2028e-17	 -1.91e-18	 -0.00564104
0.396452	 1.6272e-16	 1.6509e-16	 2.763e-16	 6.002e-17	 -2.37e-18	 -0.0072298
0.397493	 1.571e-16	 1.5912e-16	 2.6771e-16	 5.816e-17	 -2.02e-18	 -0.00638796
0.398533	 1.5075e-16	 1.5262e-16	 2.5766e-16	 5.5778e-17	 -1.87e-18	 -0.00616409
0.399571	 1.453e-16	 1.4779e-16	 2.4989e-16	 5.4098e-17	 -2.49e-18	 -0.00849568
0.400608	 1.412e-16	 1.4331e-16	 2.4203e-16	 5.2688e-17	 -2.11e-18	 -0.00741626
0.401644	 1.3725e-16	 1.3887e-16	 2.3585e-16	 5.1065e-17	 -1.62e-18	 -0.00586701
0.402679	 1.3267e-16	 1.3465e-16	 2.2752e-16	 4.9611e-17	 -1.98e-18	 -0.00740685
0.403713	 1.2473e-16	 1.2697e-16	 2.1508e-16	 4.7248e-17	 -2.24e-18	 -0.00889948
0.404745	 1.1531e-16	 1.1762e-16	 1.9922e-16	 4.4795e-17	 -2.31e-18	 -0.00991714
0.405776	 1.0387e-16	 1.0597e-16	 1.7968e-16	 4.1696e-17	 -2.1e-18	 -0.0100076
0.406806	 9.0432e-17	 9.2766e-17	 1.5654e-16	 3.7952e-17	 -2.334e-18	 -0.0127403
0.407835	 7.5948e-17	 7.8041e-17	 1.3119e-16	 3.43e-17	 -2.093e-18	 -0.0135919
0.408862	 6.1137e-17	 6.2798e-17	 1.0493e-16	 3.0548e-17	 -1.661e-18	 -0.0134022
0.409888	 4.744e-17	 4.8868e-17	 8.0696e-17	 2.724e-17	 -1.428e-18	 -0.0148274
0.410913	 3.5894e-17	 3.735e-17	 6.0403e-17	 2.4453e-17	 -1.456e-18	 -0.0198788
0.411936	 4.1289e-17	 4.2262e-17	 6.5354e-17	 2.241e-17	 -9.73e-19	 -0.0116456
0.412959	 2.1257e-17	 2.1921e-17	 3.422e-17	 2.1057e-17	 -6.64e-19	 -0.0153782
0.41398	 1.7946e-17	 1.8359e-17	 2.792e-17	 2.0212e-17	 -4.13e-19	 -0.0113758
0.415	 1.6676e-17	 1.6888e-17	 2.5672e-17	 1.9868e-17	 -2.12e-19	 -0.00631629
0.416018	 1.687e-17	 1.6773e-17	 2.5653e-17	 1.9864e-17	 9.7e-20	 0.00288321
0.417036	 1.7774e-17	 1.7653e-17	 2.7234e-17	 2.0062e-17	 1.21e-19	 0.00341547
0.418052	 1.8867e-17	 1.87e-17	 2.9285e-17	 2.0034e-17	 1.67e-19	 0.00444539
0.419066	 1.9979e-17	 1.958e-17	 3.1226e-17	 2.021e-17	 3.99e-19	 0.0100862
0.42008	 2.0609e-17	 2.0345e-17	 3.2346e-17	 2.0324e-17	 2.64e-19	 0.00644626
0.421092	 2.128e-17	 2.0846e-17	 3.3571e-17	 2.049e-17	 4.34e-19	 0.0103024
0.422103	 2.1914e-17	 2.1476e-17	 3.4471e-17	 2.0458e-17	 4.38e-19	 0.0100945
0.423113	 2.2605e-17	 2.2303e-17	 3.582e-17	 2.0731e-17	 3.02e-19	 0.00672486
0.424121	 2.386e-17	 2.3415e-17	 3.8093e-17	 2.1073e-17	 4.45e-19	 0.00941301
0.425128	 2.5397e-17	 2.5061e-17	 4.1097e-17	 2.1117e-17	 3.36e-19	 0.006659
0.426134	 2.7478e-17	 2.7069e-17	 4.4721e-17	 2.1589e-17	 4.09e-19	 0.00749812
0.427138	 3.0004e-17	 2.9503e-17	 4.9713e-17	 2.1965e-17	 5.01e-19	 0.00841918
0.428141	 3.2837e-17	 3.2475e-17	 5.4838e-17	 2.2362e-17	 3.62e-19	 0.00554263
0.429143	 3.5616e-17	 3.5225e-17	 6.0138e-17	 2.2707e-17	 3.91e-19	 0.0055194
0.430144	 3.8166e-17	 3.79e-17	 6.5029e-17	 2.3208e-17	 2.66e-19	 0.00349696
0.431143	 4.0679e-17	 4.0301e-17	 6.9684e-17	 2.3484e-17	 3.78e-19	 0.00466782
0.432141	 4.258e-17	 4.2092e-17	 7.3036e-17	 2.3722e-17	 4.88e-19	 0.00576342
0.433138	 4.3606e-17	 4.3403e-17	 7.5406e-17	 2.3764e-17	 2.03e-19	 0.00233309
0.434133	 4.3966e-17	 4.357e-17	 7.5845e-17	 2.3814e-17	 3.96e-19	 0.00452385
0.435127	 4.3541e-17	 4.3173e-17	 7.5383e-17	 2.3486e-17	 3.68e-19	 0.00424384
0.43612	 4.2267e-17	 4.2105e-17	 7.2969e-17	 2.3273e-17	 1.62e-19	 0.00192007
0.437111	 4.0535e-17	 4.0367e-17	 6.9777e-17	 2.298e-17	 1.68e-19	 0.00207659
0.438101	 3.8416e-17	 3.8369e-17	 6.5944e-17	 2.2603e-17	 4.7e-20	 0.000612099
0.43909	 3.5866e-17	 3.576e-17	 6.1228e-17	 2.2091e-17	 1.06e-19	 0.00147991
0.440077	 3.3314e-17	 3.3293e-17	 5.6709e-17	 2.1858e-17	 2.1e-20	 0.000315282
0.441063	 3.1044e-17	 3.114e-17	 5.2362e-17	 2.1726e-17	 -9.6e-20	 -0.00154381
0.442047	 2.922e-17	 2.9156e-17	 4.8799e-17	 2.1211e-17	 6.4e-20	 0.00109634
0.443031	 2.7691e-17	 2.7873e-17	 4.6356e-17	 2.081e-17	 -1.82e-19	 -0.0032755
0.444013	 2.6646e-17	 2.6735e-17	 4.4214e-17	 2.0872e-17	 -8.9e-20	 -0.00166726
0.444993	 2.6108e-17	 2.6252e-17	 4.3255e-17	 2.0604e-17	 -1.44e-19	 -0.00275019
0.445972	 2.6088e-17	 2.623e-17	 4.3488e-17	 2.0673e-17	 -1.42e-19	 -0.00271417
0.44695	 2.6575e-17	 2.6773e-17	 4.433e-17	 2.055e-17	 -1.98e-19	 -0.00371148
0.447927	 2.7418e-17	 2.7693e-17	 4.5929e-17	 2.063e-17	 -2.75e-19	 -0.00498993
0.448902	 2.875e-17	 2.9115e-17	 4.8329e-17	 2.0872e-17	 -3.65e-19	 -0.00630779
0.449876	 3.0248e-17	 3.0733e-17	 5.1385e-17	 2.0928e-17	 -4.85e-19	 -0.0079533
0.450848	 3.1992e-17	 3.2492e-17	 5.4754e-17	 2.1085e-17	 -5e-19	 -0.00775386
0.451819	 3.3716e-17	 3.4488e-17	 5.8584e-17	 2.1139e-17	 -7.72e-19	 -0.011319
0.452789	 3.5773e-17	 3.662e-17	 6.2806e-17	 2.1183e-17	 -8.47e-19	 -0.0117
0.453757	 3.7282e-17	 3.8383e-17	 6.5967e-17	 2.129e-17	 -1.101e-18	 -0.014551
0.454724	 3.8462e-17	 3.9752e-17	 6.8486e-17	 2.1331e-17	 -1.29e-18	 -0.0164932
0.455689	 3.9118e-17	 4.035e-17	 7.0137e-17	 2.1354e-17	 -1.232e-18	 -0.0155031
0.456654	 3.9086e-17	 4.0375e-17	 7.0249e-17	 2.1283e-17	 -1.289e-18	 -0.0162218
0.457616	 3.845e-17	 3.9972e-17	 6.9246e-17	 2.1014e-17	 -1.522e-18	 -0.0194078
0.458578	 3.6791e-17	 3.844e-17	 6.6682e-17	 2.0882e-17	 -1.649e-18	 -0.0219192
0.459538	 3.5014e-17	 3.6208e-17	 6.2416e-17	 2.0718e-17	 -1.194e-18	 -0.0167645
0.460496	 3.2542e-17	 3.3701e-17	 5.7856e-17	 2.0557e-17	 -1.159e-18	 -0.0174962
0.461453	 3.008e-17	 3.1114e-17	 5.3094e-17	 2.0239e-17	 -1.034e-18	 -0.0168971
0.462409	 2.7776e-17	 2.8673e-17	 4.8376e-17	 2.0077e-17	 -8.97e-19	 -0.0158904
0.463363	 2.5585e-17	 2.6395e-17	 4.3953e-17	 1.9914e-17	 -8.1e-19	 -0.0155829
0.464316	 2.3816e-17	 2.457e-17	 4.0657e-17	 1.9874e-17	 -7.54e-19	 -0.015583
0.465268	 2.2403e-17	 2.3194e-17	 3.7864e-17	 1.972e-17	 -7.91e-19	 -0.0173476
0.466218	 2.147e-17	 2.2013e-17	 3.5849e-17	 1.9583e-17	 -5.43e-19	 -0.0124876
0.467166	 2.0576e-17	 2.1118e-17	 3.4285e-17	 1.9582e-17	 -5.42e-19	 -0.0129995
0.468114	 1.9813e-17	 2.0348e-17	 3.257e-17	 1.9638e-17	 -5.35e-19	 -0.0133214
0.469059	 1.9039e-17	 1.9505e-17	 3.1174e-17	 1.9723e-17	 -4.66e-19	 -0.0120901
0.470004	 1.8152e-17	 1.8613e-17	 2.9424e-17	 1.957e-17	 -4.61e-19	 -0.0125391
0.470947	 1.7236e-17	 1.7851e-17	 2.7679e-17	 1.9554e-17	 -6.15e-19	 -0.0175279
0.471888	 1.6364e-17	 1.6799e-17	 2.5895e-17	 1.9473e-17	 -4.35e-19	 -0.013117
0.472828	 1.562e-17	 1.5977e-17	 2.4554e-17	 1.9496e-17	 -3.57e-19	 -0.0112985
0.473767	 1.5381e-17	 1.5631e-17	 2.3747e-17	 1.9369e-17	 -2.5e-19	 -0.0080614
0.474704	 1.5496e-17	 1.562e-17	 2.3997e-17	 1.9339e-17	 -1.24e-19	 -0.00398509
0.47564	 1.6345e-17	 1.6311e-17	 2.5285e-17	 1.9488e-17	 3.4e-20	 0.00104116
0.476574	 1.7842e-17	 1.7654e-17	 2.798e-17	 1.9427e-17	 1.88e-19	 0.00529637
0.477507	 1.9854e-17	 1.9547e-17	 3.1776e-17	 1.9502e-17	 3.07e-19	 0.00779168
0.478438	 2.2272e-17	 2.2003e-17	 3.6304e-17	 1.966e-17	 2.69e-19	 0.00607566
0.479368	 2.497e-17	 2.464e-17	 4.1661e-17	 1.9681e-17	 3.3e-19	 0.00665188
0.480297	 2.7675e-17	 2.752e-17	 4.7012e-17	 1.9597e-17	 1.55e-19	 0.00280823
0.481224	 3.0381e-17	 3.0061e-17	 5.2065e-17	 1.9649e-17	 3.2e-19	 0.00529433
0.482149	 3.2408e-17	 3.2125e-17	 5.6364e-17	 1.9601e-17	 2.83e-19	 0.00438535
0.483073	 3.4065e-17	 3.3854e-17	 5.9378e-17	 1.9784e-17	 2.11e-19	 0.00310664
0.483996	 3.5139e-17	 3.493e-17	 6.1578e-17	 1.9845e-17	 2.09e-19	 0.00298277
0.484917	 3.5789e-17	 3.5658e-17	 6.2853e-17	 1.982e-17	 1.31e-19	 0.00183353
0.485837	 3.59e-17	 3.5805e-17	 6.3581e-17	 1.9697e-17	 9.5e-20	 0.00132487
0.486755	 3.5651e-17	 3.5564e-17	 6.2903e-17	 1.9585e-17	 8.7e-20	 0.00122165
0.487672	 3.5334e-17	 3.5279e-17	 6.2513e-17	 1.9534e-17	 5.5e-20	 0.000778893
0.488587	 3.5045e-17	 3.5017e-17	 6.2079e-17	 1.9575e-17	 2.8e-20	 0.000399646
0.489501	 3.5111e-17	 3.5262e-17	 6.1844e-17	 1.9584e-17	 -1.51e-19	 -0.00214571
0.490413	 3.5315e-17	 3.556e-17	 6.2439e-17	 1.9567e-17	 -2.45e-19	 -0.00345679
0.491324	 3.5611e-17	 3.5661e-17	 6.3206e-17	 1.9615e-17	 -5e-20	 -0.000701538
0.492233	 3.6211e-17	 3.6322e-17	 6.4703e-17	 1.9669e-17	 -1.11e-19	 -0.00153034
0.49314	 3.6869e-17	 3.7072e-17	 6.6007e-17	 1.9444e-17	 -2.03e-19	 -0.00274543
0.494047	 3.7672e-17	 3.7851e-17	 6.7676e-17	 1.9533e-17	 -1.79e-19	 -0.00237014
0.494951	 3.8482e-17	 3.8662e-17	 6.8948e-17	 1.9622e-17	 -1.8e-19	 -0.0023333
0.495855	 3.8564e-17	 3.8963e-17	 6.9872e-17	 1.9665e-17	 -3.99e-19	 -0.00514659
0.496756	 3.83e-17	 3.8721e-17	 6.9519e-17	 1.9625e-17	 -4.21e-19	 -0.00546604
0.497657	 3.7738e-17	 3.8195e-17	 6.8106e-17	 1.947e-17	 -4.57e-19	 -0.00601846
0.498555	 3.6514e-17	 3.7028e-17	 6.6062e-17	 1.9541e-17	 -5.14e-19	 -0.0069892
0.499452	 3.4919e-17	 3.5567e-17	 6.2705e-17	 1.9545e-17	 -6.48e-19	 -0.00919331
0.500348	 3.2732e-17	 3.338e-17	 5.8531e-17	 1.9493e-17	 -6.48e-19	 -0.00980155
0.501242	 3.0213e-17	 3.0943e-17	 5.3763e-17	 1.9316e-17	 -7.3e-19	 -0.0119367
0.502135	 2.7752e-17	 2.8279e-17	 4.8735e-17	 1.937e-17	 -5.27e-19	 -0.00940551
0.503026	 2.5258e-17	 2.5734e-17	 4.3772e-17	 1.938e-17	 -4.76e-19	 -0.0093348
0.503915	 2.2989e-17	 2.3384e-17	 3.8982e-17	 1.93e-17	 -3.95e-19	 -0.00851789
0.504803	 2.0745e-17	 2.1204e-17	 3.495e-17	 1.9378e-17	 -4.59e-19	 -0.0109419
0.50569	 1.9009e-17	 1.9434e-17	 3.1362e-17	 1.9391e-17	 -4.25e-19	 -0.0110553
0.506575	 1.7577e-17	 1.7916e-17	 2.8439e-17	 1.9357e-17	 -3.39e-19	 -0.00955118
0.507458	 1.6748e-17	 1.683e-17	 2.6424e-17	 1.9353e-17	 -8.2e-20	 -0.00244208
0.50834	 1.6008e-17	 1.6151e-17	 2.5027e-17	 1.9403e-17	 -1.43e-19	 -0.00444666
0.50922	 1.5487e-17	 1.5711e-17	 2.4063e-17	 1.928e-17	 -2.24e-19	 -0.00717995
0.510099	 1.5296e-17	 1.5338e-17	 2.3356e-17	 1.9359e-17	 -4.2e-20	 -0.00137103
0.510976	 1.5073e-17	 1.514e-17	 2.3124e-17	 1.922e-17	 -6.7e-20	 -0.00221759
0.511852	 1.5029e-17	 1.5008e-17	 2.2905e-17	 1.9372e-17	 2.1e-20	 0.000699138
0.512726	 1.4951e-17	 1.4968e-17	 2.2665e-17	 1.9339e-17	 -1.7e-20	 -0.000568201
0.513598	 1.4936e-17	 1.4928e-17	 2.2587e-17	 1.9338e-17	 8e-21	 0.000267881
0.514469	 1.4922e-17	 1.486e-17	 2.2719e-17	 1.9314e-17	 6.2e-20	 0.00208179
0.515338	 1.5065e-17	 1.5018e-17	 2.2909e-17	 1.9381e-17	 4.7e-20	 0.00156234
0.516206	 1.5273e-17	 1.5248e-17	 2.3485e-17	 1.9241e-17	 2.5e-20	 0.000819108
0.517072	 1.576e-17	 1.5722e-17	 2.4314e-17	 1.9317e-17	 3.8e-20	 0.00120704
0.517937	 1.6513e-17	 1.6426e-17	 2.5854e-17	 1.9552e-17	 8.7e-20	 0.00264125
0.5188	 1.7374e-17	 1.7245e-17	 2.7348e-17	 1.9481e-17	 1.29e-19	 0.00372628
0.519662	 1.8357e-17	 1.8278e-17	 2.9283e-17	 1.9394e-17	 7.9e-20	 0.00215641
0.520522	 1.9531e-17	 1.9373e-17	 3.1519e-17	 1.94e-17	 1.58e-19	 0.00406128
0.52138	 2.077e-17	 2.0624e-17	 3.3791e-17	 1.94e-17	 1.46e-19	 0.00352708
0.522237	 2.178e-17	 2.1642e-17	 3.5985e-17	 1.9511e-17	 1.38e-19	 0.00317811
0.523092	 2.2691e-17	 2.2558e-17	 3.7659e-17	 1.9486e-17	 1.33e-19	 0.00293929
0.523945	 2.3452e-17	 2.3247e-17	 3.9393e-17	 1.9498e-17	 2.05e-19	 0.00438982
0.524797	 2.3839e-17	 2.3775e-17	 4.006e-17	 1.9488e-17	 6.4e-20	 0.00134414
0.525648	 2.4006e-17	 2.3959e-17	 4.0533e-17	 1.9551e-17	 4.7e-20	 0.000979881
0.526496	 2.3827e-17	 2.3831e-17	 4.017e-17	 1.96e-17	 -4e-21	 -8.39313e-05
0.527343	 2.3383e-17	 2.3405e-17	 3.9316e-17	 1.9599e-17	 -2.2e-20	 -0.000470206
0.528189	 2.2792e-17	 2.2675e-17	 3.8126e-17	 1.9395e-17	 1.17e-19	 0.00257329
0.529033	 2.2087e-17	 2.2018e-17	 3.6636e-17	 1.9553e-17	 6.9e-20	 0.00156445
0.529875	 2.1253e-17	 2.121e-17	 3.4961e-17	 1.9504e-17	 4.3e-20	 0.00101265
0.530716	 2.0359e-17	 2.0406e-17	 3.3437e-17	 1.9468e-17	 -4.7e-20	 -0.00115295
0.531555	 1.9603e-17	 1.9642e-17	 3.1823e-17	 1.96e-17	 -3.9e-20	 -0.000993757
0.532392	 1.8903e-17	 1.8996e-17	 3.0432e-17	 1.9523e-17	 -9.3e-20	 -0.00245389
0.533228	 1.8384e-17	 1.8333e-17	 2.9351e-17	 1.9469e-17	 5.1e-20	 0.001389
0.534063	 1.7915e-17	 1.7918e-17	 2.8677e-17	 1.9593e-17	 -3e-21	 -8.37217e-05
0.534895	 1.7646e-17	 1.7656e-17	 2.7859e-17	 1.9483e-17	 -1e-20	 -0.00028327
0.535726	 1.7398e-17	 1.734e-17	 2.7469e-17	 1.9595e-17	 5.8e-20	 0.00166964
0.536555	 1.7148e-17	 1.7173e-17	 2.7224e-17	 1.9593e-17	 -2.5e-20	 -0.000728417
0.537383	 1.7116e-17	 1.7301e-17	 2.7073e-17	 1.9473e-17	 -1.85e-19	 -0.00537525
0.538209	 1.7112e-17	 1.7278e-17	 2.7231e-17	 1.9415e-17	 -1.66e-19	 -0.00482698
0.539034	 1.7233e-17	 1.7325e-17	 2.7238e-17	 1.9415e-17	 -9.2e-20	 -0.00266219
0.539856	 1.7277e-17	 1.7362e-17	 2.7358e-17	 1.9423e-17	 -8.5e-20	 -0.00245388
0.540678	 1.7378e-17	 1.7399e-17	 2.7496e-17	 1.9611e-17	 -2.1e-20	 -0.000603847
0.541497	 1.7522e-17	 1.7676e-17	 2.7801e-17	 1.9498e-17	 -1.54e-19	 -0.00437525
0.542315	 1.7576e-17	 1.7748e-17	 2.792e-17	 1.9463e-17	 -1.72e-19	 -0.00486921
0.543131	 1.7779e-17	 1.7859e-17	 2.8331e-17	 1.9391e-17	 -8e-20	 -0.00224479
0.543946	 1.7842e-17	 1.7965e-17	 2.8648e-17	 1.9486e-17	 -1.23e-19	 -0.00343508
0.544758	 1.8019e-17	 1.8238e-17	 2.8843e-17	 1.9538e-17	 -2.19e-19	 -0.00604021
0.54557	 1.8065e-17	 1.8351e-17	 2.8934e-17	 1.953e-17	 -2.86e-19	 -0.00785369
0.546379	 1.8172e-17	 1.8454e-17	 2.928e-17	 1.9528e-17	 -2.82e-19	 -0.00769945
0.547187	 1.8234e-17	 1.8427e-17	 2.9258e-17	 1.9602e-17	 -1.93e-19	 -0.00526445
0.547993	 1.8261e-17	 1.8491e-17	 2.9255e-17	 1.9606e-17	 -2.3e-19	 -0.00625816
0.548798	 1.8121e-17	 1.8343e-17	 2.9052e-17	 1.9581e-17	 -2.22e-19	 -0.0060882
0.549601	 1.8075e-17	 1.8237e-17	 2.8998e-17	 1.9614e-17	 -1.62e-19	 -0.00446134
0.550402	 1.7923e-17	 1.8188e-17	 2.8528e-17	 1.9597e-17	 -2.65e-19	 -0.00733848
0.551201	 1.7705e-17	 1.7888e-17	 2.8024e-17	 1.9609e-17	 -1.83e-19	 -0.00514146
0.551999	 1.7446e-17	 1.7606e-17	 2.7498e-17	 1.9642e-17	 -1.6e-19	 -0.00456465
0.552796	 1.7231e-17	 1.7434e-17	 2.7058e-17	 1.9626e-17	 -2.03e-19	 -0.00585605
0.55359	 1.6764e-17	 1.7091e-17	 2.6674e-17	 1.9758e-17	 -3.27e-19	 -0.00965884
0.554383	 1.6744e-17	 1.6907e-17	 2.6212e-17	 1.9576e-17	 -1.63e-19	 -0.00484384
0.555174	 1.6505e-17	 1.6757e-17	 2.5749e-17	 1.9669e-17	 -2.52e-19	 -0.00757621
0.555963	 1.6343e-17	 1.6497e-17	 2.5424e-17	 1.9597e-17	 -1.54e-19	 -0.0046894
0.556751	 1.6221e-17	 1.6449e-17	 2.5255e-17	 1.9609e-17	 -2.28e-19	 -0.00697888
0.557537	 1.6216e-17	 1.6365e-17	 2.5063e-17	 1.9479e-17	 -1.49e-19	 -0.00457322
0.558321	 1.5816e-17	 1.6422e-17	 2.5142e-17	 1.9688e-17	 -6.06e-19	 -0.0187977
0.559104	 1.5954e-17	 1.6298e-17	 2.5094e-17	 1.9546e-17	 -3.44e-19	 -0.010666
0.559885	 1.5988e-17	 1.6321e-17	 2.5166e-17	 1.9672e-17	 -3.33e-19	 -0.0103067
0.560664	 1.6068e-17	 1.6367e-17	 2.5123e-17	 1.9598e-17	 -2.99e-19	 -0.00921844
0.561442	 1.6045e-17	 1.633e-17	 2.5156e-17	 1.9548e-17	 -2.85e-19	 -0.00880309
0.562218	 1.594e-17	 1.6227e-17	 2.5046e-17	 1.9628e-17	 -2.87e-19	 -0.00892219
0.562992	 1.5815e-17	 1.6222e-17	 2.4816e-17	 1.9546e-17	 -4.07e-19	 -0.0127041
0.563764	 1.5795e-17	 1.6174e-17	 2.4534e-17	 1.9628e-17	 -3.79e-19	 -0.0118552
0.564535	 1.5574e-17	 1.5994e-17	 2.4306e-17	 1.9636e-17	 -4.2e-19	 -0.0133046
0.565304	 1.5402e-17	 1.579e-17	 2.3952e-17	 1.9646e-17	 -3.88e-19	 -0.0124391
0.566071	 1.5245e-17	 1.5655e-17	 2.3663e-17	 1.96e-17	 -4.1e-19	 -0.0132686
0.566836	 1.5085e-17	 1.5351e-17	 2.3382e-17	 1.9584e-17	 -2.66e-19	 -0.00873965
0.5676	 1.4893e-17	 1.5201e-17	 2.283e-17	 1.9577e-17	 -3.08e-19	 -0.0102346
0.568362	 1.4817e-17	 1.501e-17	 2.2604e-17	 1.9493e-17	 -1.93e-19	 -0.00647065
0.569122	 1.4764e-17	 1.5044e-17	 2.2419e-17	 1.9542e-17	 -2.8e-19	 -0.00939345
0.569881	 1.4658e-17	 1.4875e-17	 2.2369e-17	 1.9564e-17	 -2.17e-19	 -0.00734771
0.570638	 1.4885e-17	 1.5034e-17	 2.276e-17	 1.973e-17	 -1.49e-19	 -0.00498011
0.571393	 1.4784e-17	 1.5035e-17	 2.2625e-17	 1.9475e-17	 -2.51e-19	 -0.00841745
0.572146	 1.5131e-17	 1.5378e-17	 2.3134e-17	 1.9756e-17	 -2.47e-19	 -0.00809597
0.572898	 1.5339e-17	 1.5319e-17	 2.3504e-17	 1.9648e-17	 2e-20	 0.000652358
0.573648	 1.5699e-17	 1.561e-17	 2.4025e-17	 1.9784e-17	 8.9e-20	 0.00284263
0.574396	 1.5941e-17	 1.605e-17	 2.4518e-17	 1.9912e-17	 -1.09e-19	 -0.00340721
0.575142	 1.6178e-17	 1.6203e-17	 2.4847e-17	 1.9779e-17	 -2.5e-20	 -0.000772058
0.575887	 1.6445e-17	 1.6463e-17	 2.5299e-17	 1.988e-17	 -1.8e-20	 -0.000546979
0.57663	 1.6643e-17	 1.6713e-17	 2.577e-17	 1.9872e-17	 -7e-20	 -0.00209857
0.577371	 1.6892e-17	 1.6907e-17	 2.6309e-17	 1.9743e-17	 -1.5e-20	 -0.0004438
0.57811	 1.7143e-17	 1.7131e-17	 2.6499e-17	 1.9944e-17	 1.2e-20	 0.00035012
0.578848	 1.7251e-17	 1.7249e-17	 2.6852e-17	 1.9883e-17	 2e-21	 5.7971e-05
0.579584	 1.7417e-17	 1.7433e-17	 2.7142e-17	 1.9923e-17	 -1.6e-20	 -0.00045911
0.580318	 1.7753e-17	 1.7636e-17	 2.7627e-17	 2.0053e-17	 1.17e-19	 0.00330611
0.58105	 1.803e-17	 1.7968e-17	 2.797e-17	 1.9975e-17	 6.2e-20	 0.00172232
0.58178	 1.826e-17	 1.825e-17	 2.8337e-17	 2.0098e-17	 1e-20	 0.000273898
0.582509	 1.866e-17	 1.8678e-17	 2.896e-17	 2.028e-17	 -1.8e-20	 -0.000482083
0.583236	 1.8964e-17	 1.898e-17	 2.9712e-17	 2.0471e-17	 -1.6e-20	 -0.000421674
0.583961	 1.955e-17	 1.9369e-17	 3.0494e-17	 2.0508e-17	 1.81e-19	 0.00465068
0.584685	 2.3177e-17	 1.9997e-17	 3.1429e-17	 2.0664e-17	 3.18e-18	 0.0736554
0.585406	 2.5164e-17	 2.0488e-17	 3.2251e-17	 2.0813e-17	 4.676e-18	 0.102427
0.586126	 2.6142e-17	 2.0908e-17	 3.2962e-17	 2.0894e-17	 5.234e-18	 0.111243
0.586844	 2.6944e-17	 2.1288e-17	 3.3877e-17	 2.1037e-17	 5.656e-18	 0.117267
0.587561	 2.7864e-17	 2.17e-17	 3.4153e-17	 2.1112e-17	 6.164e-18	 0.124364
0.588275	 2.859e-17	 2.2076e-17	 3.4619e-17	 2.1137e-17	 6.514e-18	 0.128567
0.588988	 2.9067e-17	 2.2231e-17	 3.521e-17	 2.1174e-17	 6.836e-18	 0.133261
0.589699	 2.9524e-17	 2.2263e-17	 3.5091e-17	 2.1294e-17	 7.261e-18	 0.140209
0.590408	 2.9644e-17	 2.2145e-17	 3.5063e-17	 2.1266e-17	 7.499e-18	 0.144799
0.591115	 2.9573e-17	 2.1937e-17	 3.4663e-17	 2.1315e-17	 7.636e-18	 0.148243
0.591821	 2.9208e-17	 2.1699e-17	 3.4064e-17	 2.1198e-17	 7.509e-18	 0.147504
0.592524	 2.8486e-17	 2.1134e-17	 3.3302e-17	 2.1158e-17	 7.352e-18	 0.148166
0.593226	 2.7424e-17	 2.0626e-17	 3.2253e-17	 2.1082e-17	 6.798e-18	 0.141478
0.593926	 2.6234e-17	 2.0121e-17	 3.1238e-17	 2.087e-17	 6.113e-18	 0.131874
0.594625	 2.4998e-17	 1.947e-17	 3.0052e-17	 2.0708e-17	 5.528e-18	 0.124314
0.595321	 2.3717e-17	 1.8863e-17	 2.8953e-17	 2.0709e-17	 4.854e-18	 0.113997
0.596016	 2.2516e-17	 1.8105e-17	 2.7894e-17	 2.0547e-17	 4.411e-18	 0.108589
0.596709	 2.1265e-17	 1.7688e-17	 2.6773e-17	 2.0426e-17	 3.577e-18	 0.0918286
0.5974	 2.0246e-17	 1.7148e-17	 2.5981e-17	 2.0169e-17	 3.098e-18	 0.0828475
0.598089	 1.9394e-17	 1.6668e-17	 2.7941e-17	 2.0092e-17	 2.726e-18	 0.075592
0.598776	 1.8616e-17	 1.6334e-17	 2.7006e-17	 2.0286e-17	 2.282e-18	 0.0652933
0.599462	 1.7888e-17	 1.6067e-17	 2.6045e-17	 2.0399e-17	 1.821e-18	 0.0536298
0.600146	 1.7376e-17	 1.6872e-17	 2.5235e-17	 1.9831e-17	 5.04e-19	 0.0147162
0.600828	 1.7025e-17	 1.6496e-17	 2.4653e-17	 1.9679e-17	 5.29e-19	 0.0157812
0.601508	 1.6627e-17	 1.6243e-17	 2.4388e-17	 1.9656e-17	 3.84e-19	 0.0116824
0.602186	 1.6362e-17	 1.601e-17	 2.3832e-17	 1.9751e-17	 3.52e-19	 0.0108736
0.602862	 1.612e-17	 1.58e-17	 2.3492e-17	 1.97e-17	 3.2e-19	 0.0100251
0.603537	 1.5993e-17	 1.5638e-17	 2.324e-17	 1.9631e-17	 3.55e-19	 0.0112232
0.60421	 1.5754e-17	 1.5515e-17	 2.2987e-17	 1.9503e-17	 2.39e-19	 0.00764335
0.604881	 1.5533e-17	 1.5377e-17	 2.2576e-17	 1.9591e-17	 1.56e-19	 0.00504691
0.60555	 1.5301e-17	 1.5177e-17	 2.2328e-17	 1.9524e-17	 1.24e-19	 0.00406851
0.606217	 1.513e-17	 1.4982e-17	 2.1968e-17	 1.9358e-17	 1.48e-19	 0.00491498
0.606882	 1.5065e-17	 1.4876e-17	 2.1928e-17	 1.9315e-17	 1.89e-19	 0.00631241
0.607546	 1.4864e-17	 1.4716e-17	 2.1614e-17	 1.9349e-17	 1.48e-19	 0.00500338
0.608207	 1.485e-17	 1.4683e-17	 2.1564e-17	 1.9247e-17	 1.67e-19	 0.00565469
0.608867	 1.4821e-17	 1.4628e-17	 2.152e-17	 1.9147e-17	 1.93e-19	 0.0065537
0.609525	 1.4945e-17	 1.4827e-17	 2.1727e-17	 1.9335e-17	 1.18e-19	 0.00396346
0.610181	 1.5165e-17	 1.4971e-17	 2.1974e-17	 1.9512e-17	 1.94e-19	 0.00643748
0.610835	 1.5434e-17	 1.5263e-17	 2.2328e-17	 1.9559e-17	 1.71e-19	 0.00557058
0.611488	 1.585e-17	 1.5576e-17	 2.2962e-17	 1.9688e-17	 2.74e-19	 0.0087189
0.612138	 1.6304e-17	 1.6013e-17	 2.3446e-17	 1.9806e-17	 2.91e-19	 0.00900455
0.612787	 1.6868e-17	 1.6542e-17	 2.4298e-17	 1.9923e-17	 3.26e-19	 0.00975756
0.613434	 1.7379e-17	 1.6954e-17	 2.5237e-17	 2.009e-17	 4.25e-19	 0.0123788
0.614079	 1.8076e-17	 1.7465e-17	 2.5819e-17	 2.0381e-17	 6.11e-19	 0.0171914
0.614722	 1.8775e-17	 1.8039e-17	 2.6693e-17	 2.0365e-17	 7.36e-19	 0.0199924
0.615363	 1.9366e-17	 1.8738e-17	 2.7768e-17	 2.0644e-17	 6.28e-19	 0.0164812
0.616002	 1.992e-17	 1.9108e-17	 2.8559e-17	 2.0951e-17	 8.12e-19	 0.0208056
0.61664	 2.0472e-17	 1.9622e-17	 2.9144e-17	 2.0997e-17	 8.5e-19	 0.0212002
0.617275	 2.0877e-17	 2.0066e-17	 2.966e-17	 2.1075e-17	 8.11e-19	 0.019808
0.617909	 2.1135e-17	 2.0322e-17	 3.0307e-17	 2.1361e-17	 8.13e-19	 0.0196107
0.618541	 2.1252e-17	 2.0678e-17	 3.061e-17	 2.168e-17	 5.74e-19	 0.0136895
0.619171	 2.1363e-17	 2.0825e-17	 3.0758e-17	 2.1778e-17	 5.38e-19	 0.0127524
0.619799	 2.1227e-17	 2.0722e-17	 3.0404e-17	 2.17e-17	 5.05e-19	 0.0120384
0.620425	 2.1174e-17	 2.0552e-17	 3.0416e-17	 2.1738e-17	 6.22e-19	 0.0149068
0.621049	 2.1051e-17	 2.0562e-17	 3.0039e-17	 2.1664e-17	 4.89e-19	 0.0117511
0.621671	 2.0799e-17	 2.0324e-17	 2.9891e-17	 2.1496e-17	 4.75e-19	 0.0115507
0.622292	 2.0422e-17	 2.0118e-17	 2.9554e-17	 2.1424e-17	 3.04e-19	 0.00749877
0.62291	 2.0202e-17	 1.9963e-17	 2.9293e-17	 2.1424e-17	 2.39e-19	 0.00595045
0.623527	 1.9879e-17	 1.9747e-17	 2.8736e-17	 2.1365e-17	 1.32e-19	 0.00333115
0.624142	 1.9592e-17	 1.9543e-17	 2.8632e-17	 2.1219e-17	 4.9e-20	 0.00125208
0.624755	 1.9403e-17	 1.9365e-17	 2.8178e-17	 2.1359e-17	 3.8e-20	 0.00098019
0.625366	 1.9248e-17	 1.9184e-17	 2.7996e-17	 2.1146e-17	 6.4e-20	 0.00166528
0.625975	 1.9124e-17	 1.9143e-17	 2.7793e-17	 2.1119e-17	 -1.9e-20	 -0.000496511
0.626582	 1.8863e-17	 1.9032e-17	 2.7621e-17	 2.1124e-17	 -1.69e-19	 -0.00445969
0.627187	 1.8907e-17	 1.8912e-17	 2.7673e-17	 2.1213e-17	 -5e-21	 -0.000132209
0.62779	 1.8924e-17	 1.8913e-17	 2.7656e-17	 2.1278e-17	 1.1e-20	 0.000290721
0.628392	 1.8856e-17	 1.9029e-17	 2.7624e-17	 2.1221e-17	 -1.73e-19	 -0.00456645
0.628991	 1.8919e-17	 1.9015e-17	 2.7687e-17	 2.1298e-17	 -9.6e-20	 -0.00253071
0.629589	 1.8943e-17	 1.9063e-17	 2.7569e-17	 2.1112e-17	 -1.2e-19	 -0.0031574
0.630184	 1.8833e-17	 1.9094e-17	 2.7698e-17	 2.1246e-17	 -2.61e-19	 -0.00688164
0.630778	 1.8817e-17	 1.906e-17	 2.7554e-17	 2.1209e-17	 -2.43e-19	 -0.0064155
0.63137	 1.8808e-17	 1.8954e-17	 2.7427e-17	 2.1196e-17	 -1.46e-19	 -0.00386632
0.63196	 1.8718e-17	 1.8821e-17	 2.7264e-17	 2.1254e-17	 -1.03e-19	 -0.00274381
0.632548	 1.8538e-17	 1.8734e-17	 2.7077e-17	 2.1155e-17	 -1.96e-19	 -0.00525864
