Q 	 ICP 	  ICN 	 ILH 	 ILV 	 IXMCDR  
2.77824e-05	 2.7642e-11	 2.8516e-11	 2.9818e-11	 2.9844e-11	 -8.74e-13	 -0.0155632
0.000625175	 2.4894e-13	 2.5812e-13	 2.6824e-13	 2.681e-13	 -9.18e-15	 -0.0181044
0.00125036	 6.2058e-13	 6.552e-13	 6.9663e-13	 6.9692e-13	 -3.462e-14	 -0.0271363
0.00187553	 1.2382e-12	 1.2784e-12	 1.3675e-12	 1.3726e-12	 -4.02e-14	 -0.0159739
0.0025007	 1.8887e-12	 2.009e-12	 2.104e-12	 2.0873e-12	 -1.203e-13	 -0.0308644
0.00312587	 2.6079e-12	 2.72e-12	 2.8863e-12	 2.8551e-12	 -1.121e-13	 -0.0210402
0.00375102	 3.1934e-12	 3.342e-12	 3.6319e-12	 3.5954e-12	 -1.486e-13	 -0.0227377
0.00437616	 4.0138e-12	 4.193e-12	 4.3952e-12	 4.3658e-12	 -1.792e-13	 -0.0218356
0.00500129	 4.5742e-12	 4.7818e-12	 4.9446e-12	 4.9154e-12	 -2.076e-13	 -0.022189
0.0056264	 5.1311e-12	 5.3806e-12	 5.6686e-12	 5.6085e-12	 -2.495e-13	 -0.0237355
0.00625149	 5.6725e-12	 5.9394e-12	 6.2711e-12	 6.1981e-12	 -2.669e-13	 -0.022985
0.00687657	 6.1419e-12	 6.2802e-12	 6.8123e-12	 6.7332e-12	 -1.383e-13	 -0.0111334
0.00750162	 6.1903e-12	 7.0471e-12	 7.4176e-12	 7.3243e-12	 -8.568e-13	 -0.0647257
0.00812666	 7.0895e-12	 7.425e-12	 7.8337e-12	 7.7311e-12	 -3.355e-13	 -0.0231148
0.00875166	 7.4862e-12	 7.8746e-12	 8.3128e-12	 8.1965e-12	 -3.884e-13	 -0.0252851
0.00937664	 7.9212e-12	 8.3109e-12	 8.7527e-12	 8.6362e-12	 -3.897e-13	 -0.024008
0.0100016	 8.3053e-12	 8.7134e-12	 9.1483e-12	 9.0375e-12	 -4.081e-13	 -0.0239795
0.0106265	 8.7717e-12	 9.1699e-12	 8.9993e-12	 8.8714e-12	 -3.982e-13	 -0.0221942
0.0112514	 8.8848e-12	 9.2934e-12	 9.7152e-12	 9.5872e-12	 -4.086e-13	 -0.0224775
0.0118763	 9.0218e-12	 9.4495e-12	 9.8734e-12	 9.7037e-12	 -4.277e-13	 -0.0231548
0.0125011	 9.1732e-12	 9.6358e-12	 1.0034e-11	 9.8622e-12	 -4.626e-13	 -0.0245946
0.0131259	 9.3605e-12	 9.8345e-12	 1.022e-11	 1.0031e-11	 -4.74e-13	 -0.0246939
0.0137506	 9.7158e-12	 1.0229e-11	 1.0568e-11	 1.0371e-11	 -5.132e-13	 -0.025731
0.0143753	 9.68e-12	 1.0238e-11	 1.0547e-11	 1.0338e-11	 -5.58e-13	 -0.0280149
0.015	 9.6421e-12	 1.0235e-11	 1.0533e-11	 1.0388e-11	 -5.929e-13	 -0.0298283
0.0156246	 9.6804e-12	 1.0234e-11	 1.0509e-11	 1.0389e-11	 -5.536e-13	 -0.027799
0.0162491	 9.6398e-12	 1.0167e-11	 1.0468e-11	 1.036e-11	 -5.272e-13	 -0.0266171
0.0168736	 9.8228e-12	 1.033e-11	 1.0596e-11	 1.0438e-11	 -5.072e-13	 -0.0251677
0.0174981	 9.5894e-12	 1.009e-11	 1.0366e-11	 1.0183e-11	 -5.006e-13	 -0.0254378
0.0181225	 9.4524e-12	 9.9753e-12	 1.0235e-11	 1.0028e-11	 -5.229e-13	 -0.0269152
0.0187469	 9.3625e-12	 9.8902e-12	 1.0127e-11	 9.9435e-12	 -5.277e-13	 -0.0274091
0.0193712	 9.9229e-12	 1.0351e-11	 1.053e-11	 1.0384e-11	 -4.281e-13	 -0.0211158
0.0199954	 1.0067e-11	 1.0488e-11	 1.0703e-11	 1.0554e-11	 -4.21e-13	 -0.0204816
0.0206196	 9.8703e-12	 1.0237e-11	 1.0395e-11	 1.0272e-11	 -3.667e-13	 -0.0182372
0.0212437	 9.6207e-12	 9.9362e-12	 1.0101e-11	 1.0027e-11	 -3.155e-13	 -0.0161324
0.0218677	 9.2658e-12	 9.5587e-12	 9.7547e-12	 9.6264e-12	 -2.929e-13	 -0.0155595
0.0224917	 8.9833e-12	 9.2683e-12	 9.4264e-12	 9.3338e-12	 -2.85e-13	 -0.0156151
0.0231156	 8.9921e-12	 9.1967e-12	 9.2771e-12	 9.1843e-12	 -2.046e-13	 -0.0112487
0.0237395	 8.5985e-12	 8.7783e-12	 8.8574e-12	 8.736e-12	 -1.798e-13	 -0.0103471
0.0243632	 8.2657e-12	 8.5111e-12	 8.5405e-12	 8.3945e-12	 -2.454e-13	 -0.0146273
0.0249869	 8.0297e-12	 8.2327e-12	 8.2569e-12	 8.1213e-12	 -2.03e-13	 -0.0124828
0.0256106	 7.812e-12	 8.0055e-12	 8.0134e-12	 7.8823e-12	 -1.935e-13	 -0.0122333
0.0262341	 7.6573e-12	 7.863e-12	 7.845e-12	 7.7432e-12	 -2.057e-13	 -0.0132536
0.0268576	 7.1597e-12	 7.4633e-12	 7.4641e-12	 7.3638e-12	 -3.036e-13	 -0.0207618
0.0274809	 7.0409e-12	 7.1684e-12	 7.1682e-12	 7.0688e-12	 -1.275e-13	 -0.008973
0.0281042	 6.7642e-12	 6.8757e-12	 6.8722e-12	 6.777e-12	 -1.115e-13	 -0.00817455
0.0287274	 6.5168e-12	 6.6099e-12	 6.5795e-12	 6.5182e-12	 -9.31e-14	 -0.00709241
0.0293506	 6.343e-12	 6.4164e-12	 6.3868e-12	 6.3299e-12	 -7.34e-14	 -0.00575262
0.0299736	 5.9962e-12	 6.0557e-12	 6.0402e-12	 5.9857e-12	 -5.95e-14	 -0.00493698
0.0305965	 5.7149e-12	 5.7574e-12	 5.7548e-12	 5.6911e-12	 -4.25e-14	 -0.00370458
0.0312194	 5.4454e-12	 5.4772e-12	 5.4748e-12	 5.4251e-12	 -3.18e-14	 -0.00291139
0.0318421	 5.1891e-12	 5.2211e-12	 5.2034e-12	 5.1531e-12	 -3.2e-14	 -0.00307391
0.0324648	 4.9756e-12	 5.0065e-12	 4.9747e-12	 4.9308e-12	 -3.09e-14	 -0.00309554
0.0330874	 4.6413e-12	 4.6709e-12	 4.6472e-12	 4.5996e-12	 -2.96e-14	 -0.00317863
0.0337098	 4.3575e-12	 4.3869e-12	 4.3639e-12	 4.3154e-12	 -2.94e-14	 -0.00336215
0.0343322	 4.0794e-12	 4.1002e-12	 4.0877e-12	 4.0377e-12	 -2.08e-14	 -0.00254291
0.0349544	 3.8136e-12	 3.8267e-12	 3.8165e-12	 3.7664e-12	 -1.31e-14	 -0.00171459
0.0355766	 3.5733e-12	 3.5802e-12	 3.5781e-12	 3.528e-12	 -6.9e-15	 -0.000964563
0.0361986	 3.2747e-12	 3.2798e-12	 3.2779e-12	 3.2164e-12	 -5.1e-15	 -0.000778091
0.0368205	 3.0047e-12	 3.006e-12	 3.0047e-12	 2.9513e-12	 -1.3e-15	 -0.000216281
0.0374423	 2.7437e-12	 2.744e-12	 2.7417e-12	 2.6954e-12	 -3e-16	 -5.46677e-05
0.038064	 2.5032e-12	 2.4977e-12	 2.5035e-12	 2.4528e-12	 5.5e-15	 0.0010998
0.0386856	 2.2906e-12	 2.2834e-12	 2.2845e-12	 2.2401e-12	 7.2e-15	 0.00157411
0.0393071	 2.0485e-12	 2.006e-12	 2.0476e-12	 2.0048e-12	 4.25e-14	 0.0104822
0.0399284	 1.8403e-12	 1.8277e-12	 1.811e-12	 1.7723e-12	 1.26e-14	 0.00343511
0.0405497	 1.6463e-12	 1.637e-12	 1.6399e-12	 1.604e-12	 9.3e-15	 0.00283252
0.0411708	 1.4701e-12	 1.4628e-12	 1.4656e-12	 1.4314e-12	 7.3e-15	 0.002489
0.0417917	 1.3166e-12	 1.3146e-12	 1.3115e-12	 1.2806e-12	 2e-15	 0.000760109
0.0424126	 1.1427e-12	 1.1412e-12	 1.1541e-12	 1.1244e-12	 1.5e-15	 0.000656771
0.0430333	 1.0165e-12	 1.0142e-12	 1.0171e-12	 9.9056e-13	 2.3e-15	 0.00113261
0.0436539	 8.9845e-13	 8.9685e-13	 8.9855e-13	 8.7379e-13	 1.6e-15	 0.000891216
0.0442743	 7.9419e-13	 7.9566e-13	 7.9589e-13	 7.7255e-13	 -1.47e-15	 -0.000924616
0.0448947	 7.1113e-13	 7.1194e-13	 7.1083e-13	 6.8921e-13	 -8.1e-16	 -0.000569192
0.0455148	 6.3234e-13	 6.3397e-13	 6.3444e-13	 6.133e-13	 -1.63e-15	 -0.0012872
0.0461349	 5.7368e-13	 5.7516e-13	 5.7577e-13	 5.5619e-13	 -1.48e-15	 -0.00128826
0.0467548	 5.302e-13	 5.3155e-13	 5.3261e-13	 5.1284e-13	 -1.35e-15	 -0.00127149
0.0473746	 4.9904e-13	 5.0043e-13	 5.0332e-13	 4.8371e-13	 -1.39e-15	 -0.00139074
0.0479942	 4.8902e-13	 4.8773e-13	 4.9031e-13	 4.6971e-13	 1.29e-15	 0.00132071
0.0486136	 4.8019e-13	 4.7985e-13	 4.8245e-13	 4.6063e-13	 3.4e-16	 0.000354152
0.049233	 4.8047e-13	 4.8036e-13	 4.8384e-13	 4.6084e-13	 1.1e-16	 0.000114484
0.0498521	 4.8595e-13	 4.8558e-13	 4.8941e-13	 4.6565e-13	 3.7e-16	 0.000380843
0.0504712	 4.919e-13	 4.8648e-13	 4.9281e-13	 4.7047e-13	 5.42e-15	 0.00553977
0.05109	 5.0091e-13	 4.981e-13	 5.0489e-13	 4.7758e-13	 2.81e-15	 0.00281278
0.0517087	 4.9742e-13	 4.976e-13	 5.0404e-13	 4.7578e-13	 -1.8e-16	 -0.000180901
0.0523273	 4.8956e-13	 4.905e-13	 4.9003e-13	 4.6871e-13	 -9.4e-16	 -0.000959125
0.0529457	 4.7508e-13	 4.7533e-13	 4.8037e-13	 4.5477e-13	 -2.5e-16	 -0.000263044
0.0535639	 4.5504e-13	 4.5273e-13	 4.5721e-13	 4.3056e-13	 2.31e-15	 0.0025447
0.054182	 4.2895e-13	 4.2588e-13	 4.3093e-13	 4.0555e-13	 3.07e-15	 0.00359136
0.0547999	 3.9132e-13	 3.8938e-13	 3.9548e-13	 3.7202e-13	 1.94e-15	 0.00248495
0.0554176	 3.5002e-13	 3.4927e-13	 3.5597e-13	 3.3372e-13	 7.5e-16	 0.00107252
0.0560352	 3.0947e-13	 3.0825e-13	 3.1334e-13	 2.9496e-13	 1.22e-15	 0.001975
0.0566526	 2.6996e-13	 2.6972e-13	 2.7385e-13	 2.5631e-13	 2.4e-16	 0.000444708
0.0572698	 2.3564e-13	 2.334e-13	 2.3518e-13	 2.2136e-13	 2.24e-15	 0.00477571
0.0578869	 2.0061e-13	 1.9834e-13	 2.0053e-13	 1.9026e-13	 2.27e-15	 0.00568994
0.0585037	 1.7113e-13	 1.6948e-13	 1.7101e-13	 1.6319e-13	 1.65e-15	 0.00484425
0.0591204	 1.4742e-13	 1.4583e-13	 1.4869e-13	 1.4169e-13	 1.59e-15	 0.00542199
0.059737	 1.2895e-13	 1.2849e-13	 1.2993e-13	 1.2473e-13	 4.6e-16	 0.00178682
0.0603533	 1.1448e-13	 1.1459e-13	 1.1876e-13	 1.1305e-13	 -1.1e-16	 -0.000480203
0.0609694	 1.0708e-13	 1.0702e-13	 1.0923e-13	 1.0367e-13	 6e-17	 0.000280243
0.0615854	 1.0001e-13	 1.0045e-13	 1.0249e-13	 9.4668e-14	 -4.4e-16	 -0.00219495
0.0622012	 9.4654e-14	 9.5471e-14	 9.7386e-14	 9.0386e-14	 -8.17e-16	 -0.00429717
0.0628168	 9.0174e-14	 9.0813e-14	 9.241e-14	 8.545e-14	 -6.39e-16	 -0.00353064
0.0634322	 8.6095e-14	 8.7047e-14	 8.8448e-14	 8.0799e-14	 -9.52e-16	 -0.00549838
0.0640474	 7.9703e-14	 8.0886e-14	 8.2289e-14	 7.5142e-14	 -1.183e-15	 -0.00736663
0.0646624	 7.3112e-14	 7.3799e-14	 7.5507e-14	 6.85e-14	 -6.87e-16	 -0.0046763
0.0652772	 6.5942e-14	 6.6193e-14	 6.8339e-14	 6.1372e-14	 -2.51e-16	 -0.00189957
0.0658918	 5.8099e-14	 5.8538e-14	 6.0697e-14	 5.4765e-14	 -4.39e-16	 -0.00376381
0.0665062	 5.1977e-14	 5.2134e-14	 5.4136e-14	 4.8502e-14	 -1.57e-16	 -0.00150801
0.0671204	 4.5688e-14	 4.5611e-14	 4.7663e-14	 4.2536e-14	 7.7e-17	 0.000843383
0.0677344	 4.0836e-14	 4.0464e-14	 4.2371e-14	 3.7547e-14	 3.72e-16	 0.00457565
0.0683482	 3.7008e-14	 3.619e-14	 3.8403e-14	 3.354e-14	 8.18e-16	 0.0111752
0.0689618	 3.479e-14	 3.308e-14	 3.5634e-14	 3.1316e-14	 1.71e-15	 0.0251952
0.0695752	 3.386e-14	 3.2062e-14	 3.4695e-14	 3.035e-14	 1.798e-15	 0.0272747
0.0701884	 3.3071e-14	 3.1123e-14	 3.3841e-14	 2.9623e-14	 1.948e-15	 0.0303455
0.0708013	 3.2997e-14	 3.1073e-14	 3.3444e-14	 2.9113e-14	 1.924e-15	 0.0300297
0.0714141	 3.2582e-14	 3.0986e-14	 3.3383e-14	 2.9048e-14	 1.596e-15	 0.025107
0.0720266	 3.2366e-14	 3.065e-14	 3.2647e-14	 2.8775e-14	 1.716e-15	 0.0272312
0.0726389	 3.1355e-14	 2.9808e-14	 3.1911e-14	 2.7936e-14	 1.547e-15	 0.0252931
0.073251	 2.8919e-14	 2.7609e-14	 2.944e-14	 2.5853e-14	 1.31e-15	 0.0231744
0.0738628	 2.5442e-14	 2.4585e-14	 2.6022e-14	 2.2934e-14	 8.57e-16	 0.0171307
0.0744745	 2.1439e-14	 2.0632e-14	 2.1884e-14	 1.9258e-14	 8.07e-16	 0.0191819
0.0750859	 1.6838e-14	 1.6334e-14	 1.7128e-14	 1.5145e-14	 5.04e-16	 0.0151935
0.075697	 1.2028e-14	 1.1692e-14	 1.2647e-14	 1.1202e-14	 3.36e-16	 0.0141653
0.076308	 8.01e-15	 7.7763e-15	 8.2882e-15	 7.3191e-15	 2.337e-16	 0.014804
0.0769187	 4.6415e-15	 4.5277e-15	 4.8077e-15	 4.2395e-15	 1.138e-16	 0.0124111
0.0775292	 2.4405e-15	 2.3707e-15	 2.5132e-15	 2.2241e-15	 6.98e-17	 0.0145078
0.0781394	 1.5769e-15	 1.5149e-15	 1.498e-15	 1.3317e-15	 6.2e-17	 0.020053
0.0787494	 2.1567e-15	 2.0119e-15	 1.946e-15	 1.7767e-15	 1.448e-16	 0.0347359
0.0793592	 4.0463e-15	 3.7992e-15	 3.7783e-15	 3.2678e-15	 2.471e-16	 0.0314958
0.0799687	 7.1584e-15	 6.7127e-15	 6.59e-15	 5.7331e-15	 4.457e-16	 0.0321316
0.080578	 1.1146e-14	 1.0564e-14	 1.0869e-14	 9.4599e-15	 5.82e-16	 0.0268079
0.081187	 1.5491e-14	 1.4752e-14	 1.5655e-14	 1.3532e-14	 7.39e-16	 0.0244354
0.0817958	 2.0606e-14	 1.9688e-14	 1.9921e-14	 1.7918e-14	 9.18e-16	 0.0227825
0.0824044	 2.4917e-14	 2.3735e-14	 2.4707e-14	 2.1665e-14	 1.182e-15	 0.024295
0.0830126	 2.856e-14	 2.7316e-14	 2.8339e-14	 2.5e-14	 1.244e-15	 0.0222636
0.0836207	 3.1247e-14	 3.0055e-14	 3.1209e-14	 2.7317e-14	 1.192e-15	 0.0194447
0.0842285	 3.2532e-14	 3.1511e-14	 3.2672e-14	 2.8733e-14	 1.021e-15	 0.0159424
0.084836	 3.3386e-14	 3.1238e-14	 3.3185e-14	 2.9193e-14	 2.148e-15	 0.0332384
0.0854432	 3.2019e-14	 3.0664e-14	 3.2241e-14	 2.8224e-14	 1.355e-15	 0.0216167
0.0860503	 3.0383e-14	 2.9041e-14	 3.057e-14	 2.6712e-14	 1.342e-15	 0.0225835
0.086657	 2.7919e-14	 2.6743e-14	 2.7969e-14	 2.4489e-14	 1.176e-15	 0.021514
0.0872635	 2.5291e-14	 2.4182e-14	 2.531e-14	 2.1941e-14	 1.109e-15	 0.0224163
0.0878697	 2.2457e-14	 2.1494e-14	 2.2544e-14	 1.9534e-14	 9.63e-16	 0.0219108
0.0884756	 1.9545e-14	 1.8735e-14	 1.9643e-14	 1.6964e-14	 8.1e-16	 0.0211599
0.0890813	 1.6771e-14	 1.6137e-14	 1.705e-14	 1.463e-14	 6.34e-16	 0.0192658
0.0896867	 1.4369e-14	 1.3853e-14	 1.4647e-14	 1.2472e-14	 5.16e-16	 0.0182836
0.0902918	 1.232e-14	 1.1865e-14	 1.2647e-14	 1.061e-14	 4.55e-16	 0.0188133
0.0908967	 1.0708e-14	 1.0287e-14	 1.102e-14	 9.1804e-15	 4.21e-16	 0.0200524
0.0915013	 9.4234e-15	 9.0292e-15	 9.6912e-15	 8.039e-15	 3.942e-16	 0.0213628
0.0921056	 8.5198e-15	 8.19e-15	 8.8467e-15	 7.2674e-15	 3.298e-16	 0.0197369
0.0927096	 7.9109e-15	 7.5782e-15	 8.263e-15	 6.7549e-15	 3.327e-16	 0.0214796
0.0933133	 7.5124e-15	 7.2206e-15	 7.9277e-15	 6.4167e-15	 2.918e-16	 0.0198059
0.0939168	 7.2127e-15	 6.9521e-15	 7.6575e-15	 6.1355e-15	 2.606e-16	 0.0183977
0.09452	 6.7925e-15	 6.5682e-15	 7.2545e-15	 5.7856e-15	 2.243e-16	 0.016788
0.0951228	 5.8905e-15	 5.7061e-15	 6.7782e-15	 5.3543e-15	 1.844e-16	 0.0159012
0.0957254	 5.3238e-15	 5.1803e-15	 6.113e-15	 4.8227e-15	 1.435e-16	 0.0136613
0.0963277	 4.6394e-15	 4.5214e-15	 5.3183e-15	 3.9392e-15	 1.18e-16	 0.012881
0.0969297	 3.958e-15	 3.8641e-15	 4.1856e-15	 3.3419e-15	 9.39e-17	 0.0120044
0.0975314	 3.2967e-15	 3.2231e-15	 3.5556e-15	 2.7717e-15	 7.36e-17	 0.0112887
0.0981328	 2.7983e-15	 2.7277e-15	 3.0122e-15	 2.3232e-15	 7.06e-17	 0.012776
0.098734	 2.4846e-15	 2.4187e-15	 2.6452e-15	 2.0339e-15	 6.59e-17	 0.0134399
0.0993348	 2.39e-15	 2.3064e-15	 2.5313e-15	 1.9254e-15	 8.36e-17	 0.0178009
0.0999353	 2.5393e-15	 2.4367e-15	 2.6649e-15	 2.0078e-15	 1.026e-16	 0.020619
0.100535	 2.8737e-15	 2.7524e-15	 2.9839e-15	 2.2487e-15	 1.213e-16	 0.0215602
0.101135	 3.4137e-15	 3.2647e-15	 3.494e-15	 2.6619e-15	 1.49e-16	 0.0223107
0.101735	 4.0734e-15	 3.9139e-15	 4.177e-15	 3.1822e-15	 1.595e-16	 0.0199692
0.102334	 4.8126e-15	 4.6314e-15	 4.8707e-15	 3.765e-15	 1.812e-16	 0.0191868
0.102933	 5.5401e-15	 5.3779e-15	 5.7597e-15	 4.374e-15	 1.622e-16	 0.0148562
0.103532	 6.1016e-15	 5.9435e-15	 6.3402e-15	 4.8001e-15	 1.581e-16	 0.0131257
0.10413	 6.8201e-15	 6.634e-15	 6.7911e-15	 5.1545e-15	 1.861e-16	 0.0138322
0.104728	 7.0172e-15	 6.8607e-15	 6.9378e-15	 5.281e-15	 1.565e-16	 0.0112769
0.105326	 6.8219e-15	 6.7044e-15	 6.7882e-15	 5.1797e-15	 1.175e-16	 0.00868678
0.105923	 6.4047e-15	 6.3214e-15	 6.4098e-15	 4.8889e-15	 8.33e-17	 0.0065456
0.10652	 5.7216e-15	 5.6383e-15	 5.7455e-15	 4.3701e-15	 8.33e-17	 0.00733281
0.107117	 4.9341e-15	 4.8673e-15	 4.9696e-15	 3.7801e-15	 6.68e-17	 0.00681535
0.107714	 4.0802e-15	 4.0489e-15	 4.171e-15	 3.1447e-15	 3.13e-17	 0.00385036
0.10831	 3.2648e-15	 3.2369e-15	 3.3716e-15	 2.5104e-15	 2.79e-17	 0.00429119
0.108905	 2.5423e-15	 2.5225e-15	 2.6398e-15	 1.9502e-15	 1.98e-17	 0.00390934
0.109501	 1.8946e-15	 1.8735e-15	 1.971e-15	 1.4551e-15	 2.11e-17	 0.00559964
0.110096	 1.3645e-15	 1.3447e-15	 1.4275e-15	 1.0475e-15	 1.98e-17	 0.00730843
0.110691	 8.9253e-16	 8.7264e-16	 9.9861e-16	 7.3123e-16	 1.989e-17	 0.011268
0.111285	 6.2159e-16	 5.9952e-16	 6.781e-16	 4.8948e-16	 2.207e-17	 0.0180737
0.111879	 4.617e-16	 4.3739e-16	 4.933e-16	 3.607e-16	 2.431e-17	 0.0270384
0.112473	 4.1092e-16	 3.8924e-16	 4.3424e-16	 3.1821e-16	 2.168e-17	 0.0270946
0.113066	 4.7047e-16	 4.5256e-16	 4.9625e-16	 3.5878e-16	 1.791e-17	 0.0194035
0.113659	 6.1583e-16	 6.0293e-16	 6.4749e-16	 4.6664e-16	 1.29e-17	 0.0105845
0.114252	 8.0795e-16	 7.9996e-16	 8.6359e-16	 6.1456e-16	 7.99e-18	 0.00496918
0.114844	 1.004e-15	 1.0059e-15	 1.0972e-15	 7.6206e-16	 -1.9e-18	 -0.000945321
0.115436	 1.1354e-15	 1.1436e-15	 1.2809e-15	 8.6983e-16	 -8.2e-18	 -0.00359807
0.116028	 1.1836e-15	 1.201e-15	 1.3491e-15	 9.0951e-16	 -1.74e-17	 -0.00729682
0.116619	 1.1317e-15	 1.156e-15	 1.3033e-15	 8.7716e-16	 -2.43e-17	 -0.010622
0.11721	 9.9073e-16	 1.0171e-15	 1.1582e-15	 7.7288e-16	 -2.637e-17	 -0.0131336
0.117801	 7.9649e-16	 8.2162e-16	 9.4424e-16	 6.2684e-16	 -2.513e-17	 -0.0155305
0.118391	 5.7239e-16	 5.9577e-16	 6.8916e-16	 4.607e-16	 -2.338e-17	 -0.0200144
0.118981	 3.7088e-16	 3.907e-16	 4.5649e-16	 3.0741e-16	 -1.982e-17	 -0.0260248
0.11957	 2.1503e-16	 2.2911e-16	 2.7092e-16	 1.8596e-16	 -1.408e-17	 -0.0317017
0.12016	 1.2658e-16	 1.3438e-16	 1.6393e-16	 1.0679e-16	 -7.8e-18	 -0.0298896
0.120748	 7.9199e-17	 8.1229e-17	 9.6203e-17	 9.1562e-17	 -2.03e-18	 -0.0126537
0.121337	 9.7935e-17	 9.4443e-17	 1.075e-16	 8.1007e-17	 3.492e-18	 0.0181518
0.121925	 1.6791e-16	 1.5882e-16	 1.7794e-16	 1.2874e-16	 9.09e-18	 0.0278211
0.122512	 2.8733e-16	 2.7369e-16	 3.0684e-16	 2.3149e-16	 1.364e-17	 0.0243129
0.1231	 4.739e-16	 4.5151e-16	 5.1193e-16	 3.3393e-16	 2.239e-17	 0.0241947
0.123687	 6.9147e-16	 6.694e-16	 7.3505e-16	 5.0375e-16	 2.207e-17	 0.0162176
0.124273	 9.6926e-16	 9.3533e-16	 1.0528e-15	 6.7463e-16	 3.393e-17	 0.0178149
0.124859	 1.2517e-15	 1.2193e-15	 1.381e-15	 8.7365e-16	 3.24e-17	 0.0131121
0.125445	 1.5235e-15	 1.4875e-15	 1.7094e-15	 1.1027e-15	 3.6e-17	 0.0119562
0.126031	 1.7797e-15	 1.7467e-15	 1.9838e-15	 1.2883e-15	 3.3e-17	 0.00935799
0.126616	 1.9753e-15	 1.9498e-15	 2.2278e-15	 1.4298e-15	 2.55e-17	 0.00649665
0.1272	 2.064e-15	 2.0358e-15	 2.3307e-15	 1.4866e-15	 2.82e-17	 0.00687838
0.127784	 2.0694e-15	 2.054e-15	 2.3559e-15	 1.4905e-15	 1.54e-17	 0.00373478
0.128368	 2.0036e-15	 1.9883e-15	 2.2858e-15	 1.4383e-15	 1.53e-17	 0.00383276
0.128952	 1.8751e-15	 1.861e-15	 2.1509e-15	 1.3423e-15	 1.41e-17	 0.00377399
0.129535	 1.7248e-15	 1.7164e-15	 1.9847e-15	 1.2294e-15	 8.4e-18	 0.00244101
0.130117	 1.5367e-15	 1.5246e-15	 1.7645e-15	 1.0888e-15	 1.21e-17	 0.00395257
0.1307	 1.3715e-15	 1.3641e-15	 1.576e-15	 9.6616e-16	 7.4e-18	 0.00270507
0.131282	 1.2318e-15	 1.2236e-15	 1.4124e-15	 8.6141e-16	 8.2e-18	 0.00333958
0.131863	 1.1249e-15	 1.117e-15	 1.288e-15	 7.7684e-16	 7.9e-18	 0.0035238
0.132444	 1.0519e-15	 1.0459e-15	 1.2052e-15	 7.2393e-16	 6e-18	 0.00286014
0.133025	 9.9261e-16	 9.8614e-16	 1.1314e-15	 6.7862e-16	 6.47e-18	 0.00326974
0.133605	 9.6047e-16	 9.5706e-16	 1.0963e-15	 6.5225e-16	 3.41e-18	 0.00177833
0.134185	 9.427e-16	 9.4059e-16	 1.0747e-15	 6.3793e-16	 2.11e-18	 0.00112038
0.134764	 9.2846e-16	 9.2891e-16	 1.0617e-15	 6.2881e-16	 -4.5e-19	 -0.000242278
0.135343	 9.0767e-16	 9.1459e-16	 1.0457e-15	 6.1682e-16	 -6.92e-18	 -0.00379748
0.135922	 8.5129e-16	 8.6348e-16	 9.9297e-16	 5.8195e-16	 -1.219e-17	 -0.00710883
0.1365	 7.8416e-16	 7.9633e-16	 9.1973e-16	 5.3682e-16	 -1.217e-17	 -0.00770014
0.137078	 6.9306e-16	 7.0556e-16	 8.2005e-16	 4.7595e-16	 -1.25e-17	 -0.00893738
0.137655	 5.8603e-16	 5.9657e-16	 6.972e-16	 4.0448e-16	 -1.054e-17	 -0.00891257
0.138232	 4.7859e-16	 4.8917e-16	 5.7701e-16	 3.3281e-16	 -1.058e-17	 -0.0109325
0.138809	 3.7821e-16	 3.8566e-16	 4.5291e-16	 2.6432e-16	 -7.45e-18	 -0.00975297
0.139385	 3.0489e-16	 3.0783e-16	 3.5923e-16	 2.1436e-16	 -2.94e-18	 -0.00479828
0.139961	 2.6589e-16	 2.6432e-16	 3.1691e-16	 1.9017e-16	 1.57e-18	 0.00296109
0.140536	 2.7433e-16	 2.6757e-16	 3.2195e-16	 1.9262e-16	 6.76e-18	 0.0124746
0.141111	 3.2102e-16	 3.0745e-16	 3.7349e-16	 2.1944e-16	 1.357e-17	 0.0215921
0.141685	 3.8663e-16	 3.7109e-16	 4.5032e-16	 2.6018e-16	 1.554e-17	 0.0205089
0.142259	 4.7149e-16	 4.5182e-16	 5.5313e-16	 3.1282e-16	 1.967e-17	 0.0213038
0.142833	 5.6448e-16	 5.4073e-16	 6.5958e-16	 3.6963e-16	 2.375e-17	 0.0214891
0.143406	 6.752e-16	 6.3127e-16	 7.7286e-16	 4.2624e-16	 4.393e-17	 0.033625
0.143979	 7.8374e-16	 7.4008e-16	 8.9454e-16	 4.8834e-16	 4.366e-17	 0.0286517
0.144551	 8.827e-16	 8.527e-16	 1.0473e-15	 5.4833e-16	 3e-17	 0.0172871
0.145123	 9.9496e-16	 9.6341e-16	 1.1928e-15	 6.1595e-16	 3.155e-17	 0.0161103
0.145694	 1.1214e-15	 1.0935e-15	 1.3538e-15	 6.9208e-16	 2.79e-17	 0.0125965
0.146265	 1.2588e-15	 1.2297e-15	 1.5255e-15	 7.7395e-16	 2.91e-17	 0.0116938
0.146835	 1.3638e-15	 1.3443e-15	 1.7086e-15	 8.563e-16	 1.95e-17	 0.00720062
0.147405	 1.5004e-15	 1.4756e-15	 1.8402e-15	 9.1704e-16	 2.48e-17	 0.00833333
0.147975	 1.5773e-15	 1.5552e-15	 1.9253e-15	 9.5866e-16	 2.21e-17	 0.00705507
0.148544	 1.609e-15	 1.5877e-15	 1.9851e-15	 9.7299e-16	 2.13e-17	 0.00666312
0.149113	 1.5911e-15	 1.567e-15	 1.9622e-15	 9.5662e-16	 2.41e-17	 0.00763117
0.149681	 1.5225e-15	 1.502e-15	 1.883e-15	 9.0841e-16	 2.05e-17	 0.00677798
0.150249	 1.3862e-15	 1.3706e-15	 1.7181e-15	 8.243e-16	 1.56e-17	 0.00565873
0.150816	 1.23e-15	 1.2182e-15	 1.526e-15	 7.2961e-16	 1.18e-17	 0.00481987
0.151383	 1.0599e-15	 1.0514e-15	 1.3187e-15	 6.2726e-16	 8.5e-18	 0.00402596
0.151949	 8.9867e-16	 8.9116e-16	 1.1166e-15	 5.293e-16	 7.51e-18	 0.00419593
0.152515	 7.5263e-16	 7.4637e-16	 9.364e-16	 4.4225e-16	 6.26e-18	 0.00417612
0.153081	 6.179e-16	 6.1322e-16	 7.7029e-16	 3.6233e-16	 4.68e-18	 0.00380142
0.153646	 5.1274e-16	 5.0913e-16	 6.3783e-16	 3.0072e-16	 3.61e-18	 0.00353274
0.15421	 4.2845e-16	 4.2706e-16	 5.3586e-16	 2.5225e-16	 1.39e-18	 0.00162476
0.154774	 3.6539e-16	 3.635e-16	 4.5469e-16	 2.153e-16	 1.89e-18	 0.00259298
0.155338	 3.0985e-16	 3.1043e-16	 3.8414e-16	 1.8742e-16	 -5.8e-19	 -0.000935062
0.155901	 2.6482e-16	 2.6607e-16	 3.3397e-16	 1.7576e-16	 -1.25e-18	 -0.00235454
0.156463	 2.2982e-16	 2.3254e-16	 2.9296e-16	 1.3961e-16	 -2.72e-18	 -0.00588286
0.157026	 1.9894e-16	 2.0239e-16	 2.5679e-16	 1.2296e-16	 -3.45e-18	 -0.00859642
0.157587	 1.6992e-16	 1.7449e-16	 2.2213e-16	 1.0722e-16	 -4.57e-18	 -0.0132691
0.158148	 1.4175e-16	 1.4659e-16	 1.8696e-16	 9.2102e-17	 -4.84e-18	 -0.0167857
0.158709	 1.1297e-16	 1.1812e-16	 1.526e-16	 7.6318e-17	 -5.15e-18	 -0.0222857
0.159269	 8.6277e-17	 9.1182e-17	 1.1884e-16	 6.1829e-17	 -4.905e-18	 -0.0276402
0.159829	 7.6234e-17	 6.7409e-17	 1.0759e-16	 4.8723e-17	 8.825e-18	 0.061437
0.160388	 4.5323e-17	 6.1728e-17	 6.4635e-17	 5.8488e-17	 -1.6405e-17	 -0.153245
0.160947	 3.3612e-17	 3.5541e-17	 4.8004e-17	 3.1305e-17	 -1.929e-18	 -0.0278947
0.161505	 2.9237e-17	 3.0178e-17	 4.0965e-17	 2.8111e-17	 -9.41e-19	 -0.0158378
0.162063	 3.1708e-17	 3.1596e-17	 4.3324e-17	 2.8517e-17	 1.12e-19	 0.00176924
0.16262	 3.9847e-17	 3.8701e-17	 5.3048e-17	 3.1957e-17	 1.146e-18	 0.0145898
0.163177	 5.1184e-17	 4.953e-17	 6.7843e-17	 3.7299e-17	 1.654e-18	 0.0164227
0.163734	 6.4053e-17	 6.1797e-17	 8.4839e-17	 4.3482e-17	 2.256e-18	 0.0179261
0.164289	 7.5417e-17	 7.2995e-17	 1.0058e-16	 4.9162e-17	 2.422e-18	 0.0163194
0.164845	 8.5877e-17	 8.3054e-17	 1.1473e-16	 5.4324e-17	 2.823e-18	 0.016711
0.165399	 9.4264e-17	 9.1725e-17	 1.2771e-16	 5.8531e-17	 2.539e-18	 0.0136513
0.165954	 1.0283e-16	 1.0002e-16	 1.3969e-16	 6.2535e-17	 2.81e-18	 0.0138526
0.166508	 1.1243e-16	 1.0964e-16	 1.5252e-16	 6.7094e-17	 2.79e-18	 0.0125636
0.167061	 1.2194e-16	 1.1969e-16	 1.671e-16	 7.173e-17	 2.25e-18	 0.00931176
0.167614	 1.4721e-16	 1.4834e-16	 1.8255e-16	 7.6971e-17	 -1.13e-18	 -0.00382338
0.168166	 1.435e-16	 1.4189e-16	 2.2022e-16	 8.1772e-17	 1.61e-18	 0.0056414
0.168718	 1.5265e-16	 1.5075e-16	 2.0949e-16	 8.5571e-17	 1.9e-18	 0.00626236
0.169269	 1.5799e-16	 1.5594e-16	 2.1625e-16	 8.7107e-17	 2.05e-18	 0.00653012
0.16982	 1.5728e-16	 1.551e-16	 2.1504e-16	 8.6211e-17	 2.18e-18	 0.00697868
0.17037	 1.514e-16	 1.4934e-16	 2.0612e-16	 8.2754e-17	 2.06e-18	 0.00684977
0.170919	 1.4215e-16	 1.3909e-16	 1.9299e-16	 7.7488e-17	 3.06e-18	 0.0108804
0.171469	 1.3122e-16	 1.2866e-16	 1.7687e-16	 7.2015e-17	 2.56e-18	 0.0098507
0.172017	 1.2145e-16	 1.1878e-16	 1.6346e-16	 6.6965e-17	 2.67e-18	 0.0111143
0.172565	 1.1395e-16	 1.1143e-16	 1.5279e-16	 6.2942e-17	 2.52e-18	 0.0111811
0.173113	 1.1119e-16	 1.09e-16	 1.4892e-16	 6.1397e-17	 2.19e-18	 0.00994596
0.17366	 1.1304e-16	 1.1193e-16	 1.529e-16	 6.1953e-17	 1.11e-18	 0.00493399
0.174206	 1.1944e-16	 1.1877e-16	 1.6243e-16	 6.4698e-17	 6.7e-19	 0.00281264
0.174752	 1.2951e-16	 1.2878e-16	 1.7686e-16	 6.8759e-17	 7.3e-19	 0.00282628
0.175298	 1.3991e-16	 1.3985e-16	 1.9252e-16	 7.3326e-17	 6e-20	 0.00021447
0.175843	 1.5134e-16	 1.5187e-16	 2.1035e-16	 7.7857e-17	 -5.3e-19	 -0.00174796
0.176387	 1.6421e-16	 1.6547e-16	 2.2954e-16	 8.3048e-17	 -1.26e-18	 -0.00382189
0.176931	 1.7938e-16	 1.8037e-16	 2.5112e-16	 8.9233e-17	 -9.9e-19	 -0.00275191
0.177474	 1.9726e-16	 1.9891e-16	 2.7795e-16	 9.6248e-17	 -1.65e-18	 -0.00416488
0.178017	 2.1515e-16	 2.1707e-16	 3.0442e-16	 1.0277e-16	 -1.92e-18	 -0.00444218
0.178559	 2.3545e-16	 2.3715e-16	 3.3252e-16	 1.1042e-16	 -1.7e-18	 -0.00359712
0.179101	 2.5529e-16	 2.5816e-16	 3.6191e-16	 1.1775e-16	 -2.87e-18	 -0.00558964
0.179642	 2.7228e-16	 2.7501e-16	 3.8652e-16	 1.2363e-16	 -2.73e-18	 -0.00498821
0.180183	 2.8343e-16	 2.8689e-16	 4.029e-16	 1.2754e-16	 -3.46e-18	 -0.00606677
0.180723	 2.8362e-16	 2.8772e-16	 4.0468e-16	 1.2646e-16	 -4.1e-18	 -0.00717611
0.181262	 2.7481e-16	 2.7892e-16	 3.9254e-16	 1.2199e-16	 -4.11e-18	 -0.00742239
0.181801	 2.5576e-16	 2.6046e-16	 3.6625e-16	 1.1395e-16	 -4.7e-18	 -0.00910465
0.18234	 2.2928e-16	 2.333e-16	 3.282e-16	 1.0251e-16	 -4.02e-18	 -0.00869039
0.182878	 1.9593e-16	 2.0024e-16	 2.8229e-16	 8.899e-17	 -4.31e-18	 -0.0108792
0.183415	 1.5979e-16	 1.6398e-16	 2.3058e-16	 7.4888e-17	 -4.19e-18	 -0.0129413
0.183952	 1.2489e-16	 1.2861e-16	 1.808e-16	 6.1522e-17	 -3.72e-18	 -0.0146746
0.184488	 9.4598e-17	 9.7596e-17	 1.376e-16	 4.9993e-17	 -2.998e-18	 -0.0155988
0.185023	 7.0203e-17	 7.2828e-17	 1.0224e-16	 4.079e-17	 -2.625e-18	 -0.0183527
0.185559	 5.2463e-17	 5.4367e-17	 7.6646e-17	 3.3971e-17	 -1.904e-18	 -0.0178227
0.186093	 4.0697e-17	 4.1767e-17	 5.9342e-17	 2.9616e-17	 -1.07e-18	 -0.0129754
0.186627	 3.3905e-17	 3.4754e-17	 4.9529e-17	 2.7143e-17	 -8.49e-19	 -0.0123655
0.18716	 5.4098e-17	 4.5172e-17	 6.5067e-17	 2.5759e-17	 8.926e-18	 0.0899164
0.187693	 2.9382e-17	 2.9423e-17	 4.2137e-17	 2.5149e-17	 -4.1e-20	 -0.00069722
0.188225	 2.8884e-17	 2.8524e-17	 4.136e-17	 2.4768e-17	 3.6e-19	 0.0062709
0.188757	 2.863e-17	 2.8098e-17	 4.0847e-17	 2.4667e-17	 5.32e-19	 0.00937808
0.189288	 2.8839e-17	 2.8123e-17	 4.0965e-17	 2.4469e-17	 7.16e-19	 0.0125698
0.189818	 3.0083e-17	 2.9086e-17	 4.2603e-17	 2.4611e-17	 9.97e-19	 0.01685
0.190348	 3.3215e-17	 3.1889e-17	 4.6898e-17	 2.5531e-17	 1.326e-18	 0.0203674
0.190878	 3.9355e-17	 3.7622e-17	 5.5722e-17	 2.6993e-17	 1.733e-18	 0.0225132
0.191406	 4.8953e-17	 4.6588e-17	 6.9144e-17	 3.0105e-17	 2.365e-18	 0.0247538
0.191934	 6.2467e-17	 5.9692e-17	 8.8881e-17	 3.3998e-17	 2.775e-18	 0.0227163
0.192462	 8.0204e-17	 7.7232e-17	 1.1483e-16	 3.9116e-17	 2.972e-18	 0.0188775
0.192989	 1.0182e-16	 9.8195e-17	 1.4566e-16	 4.5128e-17	 3.625e-18	 0.0181236
0.193515	 1.2455e-16	 1.209e-16	 1.8086e-16	 5.1794e-17	 3.65e-18	 0.0148706
0.194041	 1.6038e-16	 1.5754e-16	 2.3444e-16	 5.8113e-17	 2.84e-18	 0.00893306
0.194566	 1.6868e-16	 1.6597e-16	 2.4759e-16	 6.4121e-17	 2.71e-18	 0.00809801
0.195091	 1.8717e-16	 1.8427e-16	 2.7537e-16	 6.8729e-17	 2.9e-18	 0.00780745
0.195615	 2.008e-16	 1.9821e-16	 2.9722e-16	 7.218e-17	 2.59e-18	 0.00649107
0.196138	 2.0919e-16	 2.0692e-16	 3.1066e-16	 7.3904e-17	 2.27e-18	 0.00545529
0.196661	 2.1045e-16	 2.0889e-16	 3.1447e-16	 7.391e-17	 1.56e-18	 0.00372013
0.197184	 2.0823e-16	 2.0704e-16	 3.1182e-16	 7.2881e-17	 1.19e-18	 0.00286561
0.197705	 2.0261e-16	 2.0137e-16	 3.0464e-16	 7.0494e-17	 1.24e-18	 0.00306946
0.198226	 1.9549e-16	 1.9433e-16	 2.9465e-16	 6.7807e-17	 1.16e-18	 0.00297573
0.198747	 1.8833e-16	 1.8741e-16	 2.8556e-16	 6.5556e-17	 9.2e-19	 0.0024485
0.199266	 1.8059e-16	 1.8025e-16	 2.7468e-16	 6.3242e-17	 3.4e-19	 0.000942246
0.199786	 1.7476e-16	 1.7425e-16	 2.6658e-16	 6.1014e-17	 5.1e-19	 0.00146128
0.200304	 1.7052e-16	 1.6973e-16	 2.5906e-16	 5.9368e-17	 7.9e-19	 0.00232182
0.200822	 1.6635e-16	 1.6555e-16	 2.5412e-16	 5.7879e-17	 8e-19	 0.00241036
0.20134	 1.616e-16	 1.6058e-16	 2.4707e-16	 5.6286e-17	 1.02e-18	 0.00316593
0.201856	 1.527e-16	 1.5263e-16	 2.3433e-16	 5.3656e-17	 7e-20	 0.00022926
0.202373	 1.4208e-16	 1.4221e-16	 2.1732e-16	 5.0748e-17	 -1.3e-19	 -0.00045728
0.202888	 1.2842e-16	 1.2852e-16	 1.9701e-16	 4.7027e-17	 -1e-19	 -0.000389196
0.203403	 1.1199e-16	 1.1222e-16	 1.7234e-16	 4.2646e-17	 -2.3e-19	 -0.00102582
0.203917	 9.4047e-17	 9.4561e-17	 1.4445e-16	 3.8286e-17	 -5.14e-19	 -0.00272523
0.204431	 7.5135e-17	 7.5666e-17	 1.1582e-16	 3.3967e-17	 -5.31e-19	 -0.0035212
0.204944	 5.7719e-17	 5.8385e-17	 8.9029e-17	 2.9925e-17	 -6.66e-19	 -0.00573624
0.205456	 4.2926e-17	 4.3594e-17	 6.5913e-17	 2.6433e-17	 -6.68e-19	 -0.00772076
0.205968	 4.5569e-17	 3.195e-17	 4.8246e-17	 2.3806e-17	 1.3619e-17	 0.175686
0.206479	 2.3869e-17	 3.8228e-17	 5.7019e-17	 2.1998e-17	 -1.4359e-17	 -0.231235
0.20699	 1.9215e-17	 1.9622e-17	 2.9362e-17	 2.0997e-17	 -4.07e-19	 -0.0104797
0.2075	 1.7637e-17	 1.7594e-17	 2.6688e-17	 2.055e-17	 4.3e-20	 0.00122052
0.208009	 1.7849e-17	 1.7796e-17	 2.7022e-17	 2.0599e-17	 5.3e-20	 0.00148688
0.208518	 1.914e-17	 1.8824e-17	 2.8769e-17	 2.0725e-17	 3.16e-19	 0.00832368
0.209026	 2.0738e-17	 2.0378e-17	 3.1176e-17	 2.0936e-17	 3.6e-19	 0.00875572
0.209533	 2.2161e-17	 2.1592e-17	 3.3343e-17	 2.1074e-17	 5.69e-19	 0.0130048
0.21004	 2.3193e-17	 2.272e-17	 3.4858e-17	 2.1284e-17	 4.73e-19	 0.0103021
0.210546	 2.3797e-17	 2.3276e-17	 3.6095e-17	 2.1318e-17	 5.21e-19	 0.0110679
0.211052	 2.4584e-17	 2.4064e-17	 3.7347e-17	 2.1529e-17	 5.2e-19	 0.010689
0.211556	 2.5596e-17	 2.5116e-17	 3.8857e-17	 2.1538e-17	 4.8e-19	 0.00946522
0.212061	 2.6944e-17	 2.6405e-17	 4.1073e-17	 2.1765e-17	 5.39e-19	 0.0101033
0.212564	 2.8818e-17	 2.8316e-17	 4.4285e-17	 2.2184e-17	 5.02e-19	 0.00878636
0.213067	 3.1531e-17	 3.1053e-17	 4.8467e-17	 2.2503e-17	 4.78e-19	 0.00763773
0.213569	 3.4758e-17	 3.4261e-17	 5.3726e-17	 2.2963e-17	 4.97e-19	 0.00720092
0.214071	 3.8345e-17	 3.7662e-17	 5.9484e-17	 2.3483e-17	 6.83e-19	 0.00898601
0.214572	 4.1648e-17	 4.1065e-17	 6.4911e-17	 2.3902e-17	 5.83e-19	 0.00704847
0.215072	 4.4898e-17	 4.4163e-17	 7.0253e-17	 2.4322e-17	 7.35e-19	 0.00825277
0.215572	 4.753e-17	 4.6787e-17	 7.4824e-17	 2.4729e-17	 7.43e-19	 0.00787769
0.216071	 4.9706e-17	 4.9014e-17	 7.8332e-17	 2.4943e-17	 6.92e-19	 0.00700972
0.216569	 5.0745e-17	 5.0318e-17	 8.0609e-17	 2.4969e-17	 4.27e-19	 0.00422509
0.217066	 5.0951e-17	 5.0386e-17	 8.0854e-17	 2.4987e-17	 5.65e-19	 0.00557546
0.217563	 5.0101e-17	 4.9733e-17	 7.9696e-17	 2.4708e-17	 3.68e-19	 0.00368612
0.21806	 4.8751e-17	 4.8274e-17	 7.7404e-17	 2.4476e-17	 4.77e-19	 0.00491626
0.218555	 4.6616e-17	 4.6188e-17	 7.4411e-17	 2.4018e-17	 4.28e-19	 0.00461187
0.21905	 4.4097e-17	 4.3564e-17	 7.0522e-17	 2.3718e-17	 5.33e-19	 0.00608024
0.219545	 4.1117e-17	 4.082e-17	 6.5313e-17	 2.3163e-17	 2.97e-19	 0.00362474
0.220038	 3.8078e-17	 3.7892e-17	 6.0523e-17	 2.2857e-17	 1.86e-19	 0.00244833
0.220531	 3.5453e-17	 3.5292e-17	 5.6206e-17	 2.2344e-17	 1.61e-19	 0.00227578
0.221024	 3.3056e-17	 3.2918e-17	 5.2346e-17	 2.2053e-17	 1.38e-19	 0.00209173
0.221515	 3.1318e-17	 3.1156e-17	 4.9684e-17	 2.1759e-17	 1.62e-19	 0.00259308
0.222006	 3.0156e-17	 3.0039e-17	 4.7628e-17	 2.1518e-17	 1.17e-19	 0.00194368
0.222497	 2.941e-17	 2.9524e-17	 4.6732e-17	 2.1569e-17	 -1.14e-19	 -0.00193437
0.222986	 2.9547e-17	 2.9659e-17	 4.6792e-17	 2.1427e-17	 -1.12e-19	 -0.0018917
0.223475	 3.0181e-17	 3.0253e-17	 4.7888e-17	 2.1474e-17	 -7.2e-20	 -0.00119138
0.223963	 3.1328e-17	 3.1424e-17	 4.9733e-17	 2.1468e-17	 -9.6e-20	 -0.00152983
0.224451	 3.2679e-17	 3.3061e-17	 5.2382e-17	 2.1745e-17	 -3.82e-19	 -0.00581077
0.224938	 3.4651e-17	 3.4935e-17	 5.5708e-17	 2.1725e-17	 -2.84e-19	 -0.00408128
0.225424	 3.6681e-17	 3.7106e-17	 5.9288e-17	 2.1706e-17	 -4.25e-19	 -0.00575982
0.22591	 3.899e-17	 3.9658e-17	 6.3405e-17	 2.2011e-17	 -6.68e-19	 -0.00849354
0.226394	 4.1305e-17	 4.1898e-17	 6.7337e-17	 2.2134e-17	 -5.93e-19	 -0.00712715
0.226879	 4.323e-17	 4.3968e-17	 7.0736e-17	 2.2098e-17	 -7.38e-19	 -0.0084635
0.227362	 4.4517e-17	 4.5393e-17	 7.3477e-17	 2.2082e-17	 -8.76e-19	 -0.00974308
0.227845	 4.5273e-17	 4.6199e-17	 7.5107e-17	 2.2191e-17	 -9.26e-19	 -0.0101233
0.228327	 4.5378e-17	 4.6328e-17	 7.511e-17	 2.2117e-17	 -9.5e-19	 -0.0103592
0.228808	 4.4408e-17	 4.5444e-17	 7.392e-17	 2.194e-17	 -1.036e-18	 -0.0115301
0.229289	 4.2027e-17	 4.3587e-17	 7.0988e-17	 2.1688e-17	 -1.56e-18	 -0.0182213
0.229769	 3.9815e-17	 4.1226e-17	 6.6965e-17	 2.1638e-17	 -1.411e-18	 -0.0174109
0.230248	 3.6923e-17	 3.8094e-17	 6.1628e-17	 2.1354e-17	 -1.171e-18	 -0.0156098
0.230727	 3.3918e-17	 3.5041e-17	 5.6494e-17	 2.1015e-17	 -1.123e-18	 -0.016285
0.231204	 3.1028e-17	 3.2096e-17	 5.1408e-17	 2.0859e-17	 -1.068e-18	 -0.0169191
0.231682	 2.8439e-17	 2.9339e-17	 4.6907e-17	 2.056e-17	 -9e-19	 -0.0155769
0.232158	 2.6221e-17	 2.7057e-17	 4.3251e-17	 2.039e-17	 -8.36e-19	 -0.0156913
0.232634	 2.4533e-17	 2.545e-17	 4.0464e-17	 2.0385e-17	 -9.17e-19	 -0.0183462
0.233109	 2.3296e-17	 2.411e-17	 3.81e-17	 2.0297e-17	 -8.14e-19	 -0.0171708
0.233583	 2.2275e-17	 2.3154e-17	 3.6428e-17	 2.0169e-17	 -8.79e-19	 -0.0193489
0.234057	 2.143e-17	 2.2398e-17	 3.4693e-17	 2.0027e-17	 -9.68e-19	 -0.0220863
0.23453	 2.0532e-17	 2.1386e-17	 3.3153e-17	 1.9927e-17	 -8.54e-19	 -0.0203731
0.235002	 1.9493e-17	 2.0199e-17	 3.127e-17	 1.9885e-17	 -7.06e-19	 -0.017787
0.235473	 1.8395e-17	 1.909e-17	 2.9216e-17	 1.9852e-17	 -6.95e-19	 -0.0185407
0.235944	 1.7161e-17	 1.7958e-17	 2.7341e-17	 1.9954e-17	 -7.97e-19	 -0.0226943
0.236414	 1.6341e-17	 1.6979e-17	 2.5776e-17	 1.9917e-17	 -6.38e-19	 -0.0191477
0.236883	 1.5732e-17	 1.632e-17	 2.4736e-17	 1.9956e-17	 -5.88e-19	 -0.0183452
0.237352	 1.5854e-17	 1.6398e-17	 2.4784e-17	 1.9815e-17	 -5.44e-19	 -0.0168672
0.23782	 1.6842e-17	 1.7171e-17	 2.6359e-17	 1.9905e-17	 -3.29e-19	 -0.00967277
0.238287	 1.8533e-17	 1.8748e-17	 2.9222e-17	 1.9959e-17	 -2.15e-19	 -0.00576701
0.238754	 2.1085e-17	 2.1197e-17	 3.3518e-17	 2.0038e-17	 -1.12e-19	 -0.00264888
0.239219	 2.41e-17	 2.4016e-17	 3.877e-17	 2.0117e-17	 8.4e-20	 0.00174578
0.239684	 2.756e-17	 2.7299e-17	 4.4539e-17	 2.0127e-17	 2.61e-19	 0.00475765
0.240148	 3.1019e-17	 3.0733e-17	 5.068e-17	 2.0097e-17	 2.86e-19	 0.00463143
0.240612	 3.4481e-17	 3.4111e-17	 5.641e-17	 2.029e-17	 3.7e-19	 0.00539422
0.241075	 3.7138e-17	 3.6916e-17	 6.1117e-17	 2.0409e-17	 2.22e-19	 0.00299781
0.241537	 3.9226e-17	 3.8888e-17	 6.4773e-17	 2.0312e-17	 3.38e-19	 0.00432701
0.241998	 4.0635e-17	 4.0343e-17	 6.7284e-17	 2.0242e-17	 2.92e-19	 0.00360592
0.242459	 4.1295e-17	 4.1014e-17	 6.8746e-17	 2.0308e-17	 2.81e-19	 0.00341396
0.242918	 4.1673e-17	 4.1262e-17	 6.9004e-17	 2.016e-17	 4.11e-19	 0.00495569
0.243377	 4.1152e-17	 4.096e-17	 6.8388e-17	 2.0227e-17	 1.92e-19	 0.00233827
0.243836	 4.0682e-17	 4.0593e-17	 6.7748e-17	 2.0249e-17	 8.9e-20	 0.00109505
0.244293	 4.0231e-17	 4.0164e-17	 6.7114e-17	 2.0163e-17	 6.7e-20	 0.000833385
0.24475	 4.0079e-17	 3.9807e-17	 6.6902e-17	 2.014e-17	 2.72e-19	 0.00340485
0.245206	 4.0213e-17	 4.0222e-17	 6.7434e-17	 2.0294e-17	 -9e-21	 -0.000111892
0.245662	 4.0461e-17	 4.0532e-17	 6.811e-17	 2.0055e-17	 -7.1e-20	 -0.000876619
0.246116	 4.1283e-17	 4.1421e-17	 6.9358e-17	 2.0036e-17	 -1.38e-19	 -0.0016686
0.24657	 4.2244e-17	 4.2246e-17	 7.1476e-17	 2.0107e-17	 -2e-21	 -2.36714e-05
0.247023	 4.3185e-17	 4.328e-17	 7.3244e-17	 1.9961e-17	 -9.5e-20	 -0.00109871
0.247476	 4.39e-17	 4.4116e-17	 7.4328e-17	 2.0107e-17	 -2.16e-19	 -0.0024541
0.247927	 4.4145e-17	 4.4397e-17	 7.3764e-17	 2.0083e-17	 -2.52e-19	 -0.00284611
0.248378	 4.3903e-17	 4.4282e-17	 7.4086e-17	 2.0125e-17	 -3.79e-19	 -0.00429778
0.248828	 4.3086e-17	 4.3506e-17	 7.2903e-17	 1.9987e-17	 -4.2e-19	 -0.00485033
0.249278	 4.1875e-17	 4.2299e-17	 7.0463e-17	 2.0004e-17	 -4.24e-19	 -0.00503718
0.249726	 3.9834e-17	 4.0373e-17	 6.7192e-17	 1.9858e-17	 -5.39e-19	 -0.00672011
0.250174	 3.7277e-17	 3.7579e-17	 6.244e-17	 1.9944e-17	 -3.02e-19	 -0.00403441
0.250621	 3.4164e-17	 3.4752e-17	 5.7385e-17	 1.9866e-17	 -5.88e-19	 -0.00853213
0.251067	 3.1092e-17	 3.151e-17	 5.1723e-17	 1.9813e-17	 -4.18e-19	 -0.0066771
0.251513	 2.791e-17	 2.8439e-17	 4.6365e-17	 1.9678e-17	 -5.29e-19	 -0.00938792
0.251958	 2.5008e-17	 2.5515e-17	 4.1183e-17	 1.9816e-17	 -5.07e-19	 -0.010035
0.252402	 2.2395e-17	 2.2931e-17	 3.6454e-17	 1.9752e-17	 -5.36e-19	 -0.0118254
0.252845	 2.025e-17	 2.0688e-17	 3.2484e-17	 1.9816e-17	 -4.38e-19	 -0.0106991
0.253287	 1.8577e-17	 1.9101e-17	 2.9855e-17	 1.9805e-17	 -5.24e-19	 -0.0139073
0.253729	 1.7336e-17	 1.7684e-17	 2.7323e-17	 1.9829e-17	 -3.48e-19	 -0.00993718
0.25417	 1.6485e-17	 1.6812e-17	 2.5897e-17	 1.99e-17	 -3.27e-19	 -0.0098207
0.25461	 1.5998e-17	 1.6301e-17	 2.493e-17	 1.979e-17	 -3.03e-19	 -0.0093811
0.255049	 1.5626e-17	 1.5945e-17	 2.4245e-17	 1.9878e-17	 -3.19e-19	 -0.0101042
0.255488	 1.5498e-17	 1.5715e-17	 2.39e-17	 1.9769e-17	 -2.17e-19	 -0.00695223
0.255926	 1.5287e-17	 1.5519e-17	 2.3617e-17	 1.9837e-17	 -2.32e-19	 -0.007531
0.256363	 1.5343e-17	 1.5501e-17	 2.3452e-17	 1.975e-17	 -1.58e-19	 -0.00512255
0.256799	 1.5275e-17	 1.5371e-17	 2.3322e-17	 1.9878e-17	 -9.6e-20	 -0.00313255
0.257235	 1.5271e-17	 1.5336e-17	 2.3288e-17	 1.9222e-17	 -6.5e-20	 -0.0021237
0.257669	 1.542e-17	 1.5475e-17	 2.3507e-17	 1.9211e-17	 -5.5e-20	 -0.00178022
0.258103	 1.5625e-17	 1.5771e-17	 2.4125e-17	 1.9311e-17	 -1.46e-19	 -0.00465027
0.258536	 1.6207e-17	 1.638e-17	 2.5202e-17	 1.9516e-17	 -1.73e-19	 -0.00530887
0.258969	 1.7037e-17	 1.7069e-17	 2.6452e-17	 1.9536e-17	 -3.2e-20	 -0.000938251
0.2594	 1.8105e-17	 1.8122e-17	 2.8449e-17	 1.9473e-17	 -1.7e-20	 -0.000469263
0.259831	 1.959e-17	 1.9405e-17	 3.0654e-17	 1.9453e-17	 1.85e-19	 0.0047442
0.260261	 2.0851e-17	 2.0905e-17	 3.2973e-17	 1.9478e-17	 -5.4e-20	 -0.00129323
0.26069	 2.2401e-17	 2.2401e-17	 3.5735e-17	 1.9501e-17	 0	 0
0.261118	 2.3657e-17	 2.3615e-17	 3.7985e-17	 1.9518e-17	 4.2e-20	 0.000888475
0.261546	 2.493e-17	 2.4848e-17	 4.01e-17	 1.9556e-17	 8.2e-20	 0.00164731
0.261973	 2.5814e-17	 2.5698e-17	 4.1592e-17	 1.958e-17	 1.16e-19	 0.0022519
0.262399	 2.6464e-17	 2.6375e-17	 4.2731e-17	 1.9585e-17	 8.9e-20	 0.00168436
0.262824	 2.6657e-17	 2.662e-17	 4.3049e-17	 1.9594e-17	 3.7e-20	 0.000694484
0.263248	 2.6393e-17	 2.6439e-17	 4.2766e-17	 1.9567e-17	 -4.6e-20	 -0.000870684
0.263672	 2.5809e-17	 2.5892e-17	 4.1731e-17	 1.9645e-17	 -8.3e-20	 -0.00160538
0.264094	 2.5149e-17	 2.511e-17	 4.0383e-17	 1.9575e-17	 3.9e-20	 0.00077598
0.264516	 2.4254e-17	 2.4124e-17	 3.8779e-17	 1.9543e-17	 1.3e-19	 0.00268717
0.264938	 2.3179e-17	 2.3112e-17	 3.6861e-17	 1.9651e-17	 6.7e-20	 0.00144737
0.265358	 2.2086e-17	 2.207e-17	 3.5114e-17	 1.9585e-17	 1.6e-20	 0.000362352
0.265778	 2.101e-17	 2.1165e-17	 3.3434e-17	 1.9537e-17	 -1.55e-19	 -0.00367516
0.266196	 2.0035e-17	 2.0207e-17	 3.1962e-17	 1.9552e-17	 -1.72e-19	 -0.00427414
0.266614	 1.9414e-17	 1.9499e-17	 3.0616e-17	 1.9516e-17	 -8.5e-20	 -0.00218436
0.267031	 1.8904e-17	 1.8939e-17	 2.959e-17	 1.9603e-17	 -3.5e-20	 -0.000924874
0.267448	 1.8532e-17	 1.8562e-17	 2.8951e-17	 1.9673e-17	 -3e-20	 -0.000808756
0.267863	 1.8183e-17	 1.8302e-17	 2.8423e-17	 1.9553e-17	 -1.19e-19	 -0.00326161
0.268278	 1.7971e-17	 1.8116e-17	 2.807e-17	 1.9585e-17	 -1.45e-19	 -0.00401807
0.268692	 1.7884e-17	 1.8132e-17	 2.7981e-17	 1.9515e-17	 -2.48e-19	 -0.00688583
0.269105	 1.7958e-17	 1.8134e-17	 2.81e-17	 1.9813e-17	 -1.76e-19	 -0.00487643
0.269517	 1.8005e-17	 1.8171e-17	 2.8183e-17	 1.9758e-17	 -1.66e-19	 -0.00458868
0.269928	 1.8099e-17	 1.8323e-17	 2.8191e-17	 1.9809e-17	 -2.24e-19	 -0.00615013
0.270339	 1.8165e-17	 1.8442e-17	 2.8545e-17	 1.9839e-17	 -2.77e-19	 -0.00756686
0.270749	 1.8373e-17	 1.8555e-17	 2.8798e-17	 1.991e-17	 -1.82e-19	 -0.00492851
0.271157	 1.8589e-17	 1.8687e-17	 2.9094e-17	 1.9754e-17	 -9.8e-20	 -0.00262904
0.271566	 1.8777e-17	 1.9071e-17	 2.9428e-17	 1.9753e-17	 -2.94e-19	 -0.00776791
0.271973	 1.8928e-17	 1.9159e-17	 2.9789e-17	 1.9795e-17	 -2.31e-19	 -0.00606506
0.272379	 1.9137e-17	 1.9377e-17	 3.0131e-17	 1.9861e-17	 -2.4e-19	 -0.0062315
0.272785	 1.9281e-17	 1.9533e-17	 3.0448e-17	 1.978e-17	 -2.52e-19	 -0.0064925
0.27319	 1.9428e-17	 1.966e-17	 3.053e-17	 1.9903e-17	 -2.32e-19	 -0.00593533
0.273594	 1.9329e-17	 1.9682e-17	 3.0592e-17	 1.9864e-17	 -3.53e-19	 -0.00904873
0.273997	 1.9482e-17	 1.9744e-17	 3.0605e-17	 1.9962e-17	 -2.62e-19	 -0.00667924
0.274399	 1.9313e-17	 1.9654e-17	 3.0395e-17	 1.9872e-17	 -3.41e-19	 -0.00875099
0.2748	 1.9075e-17	 1.9502e-17	 2.9956e-17	 1.991e-17	 -4.27e-19	 -0.0110688
0.275201	 1.8851e-17	 1.9222e-17	 2.9771e-17	 2.0045e-17	 -3.71e-19	 -0.00974444
0.275601	 1.8635e-17	 1.8974e-17	 2.9215e-17	 1.9982e-17	 -3.39e-19	 -0.0090138
0.276	 1.8307e-17	 1.8627e-17	 2.8584e-17	 1.9924e-17	 -3.2e-19	 -0.0086641
0.276398	 1.795e-17	 1.8345e-17	 2.8047e-17	 1.9928e-17	 -3.95e-19	 -0.010883
0.276795	 1.7625e-17	 1.8027e-17	 2.762e-17	 1.9851e-17	 -4.02e-19	 -0.0112757
0.277191	 1.7386e-17	 1.7869e-17	 2.6957e-17	 1.9972e-17	 -4.83e-19	 -0.0137002
0.277587	 1.7113e-17	 1.7535e-17	 2.6649e-17	 1.9975e-17	 -4.22e-19	 -0.0121796
0.277982	 1.6861e-17	 1.7279e-17	 2.6175e-17	 2.0073e-17	 -4.18e-19	 -0.0122437
0.278376	 1.6753e-17	 1.721e-17	 2.6065e-17	 1.9996e-17	 -4.57e-19	 -0.0134558
0.278769	 1.6694e-17	 1.7029e-17	 2.5987e-17	 2.0052e-17	 -3.35e-19	 -0.00993387
0.279161	 1.6653e-17	 1.702e-17	 2.5862e-17	 1.9985e-17	 -3.67e-19	 -0.0108989
0.279552	 1.6597e-17	 1.709e-17	 2.5777e-17	 1.9976e-17	 -4.93e-19	 -0.0146347
0.279942	 1.6615e-17	 1.7185e-17	 2.5915e-17	 1.9905e-17	 -5.7e-19	 -0.0168639
0.280332	 1.6757e-17	 1.714e-17	 2.5975e-17	 1.9883e-17	 -3.83e-19	 -0.0112989
0.280721	 1.6684e-17	 1.7105e-17	 2.6035e-17	 1.9835e-17	 -4.21e-19	 -0.0124597
0.281109	 1.6753e-17	 1.7091e-17	 2.5995e-17	 1.9976e-17	 -3.38e-19	 -0.009987
0.281496	 1.6638e-17	 1.7119e-17	 2.5713e-17	 2.0058e-17	 -4.81e-19	 -0.0142489
0.281882	 1.6417e-17	 1.6996e-17	 2.5487e-17	 1.9815e-17	 -5.79e-19	 -0.0173286
0.282267	 1.6326e-17	 1.6926e-17	 2.5345e-17	 1.9912e-17	 -6e-19	 -0.018044
0.282652	 1.6221e-17	 1.6888e-17	 2.4928e-17	 1.9993e-17	 -6.67e-19	 -0.0201456
0.283035	 1.5946e-17	 1.67e-17	 2.4331e-17	 1.9995e-17	 -7.54e-19	 -0.0230962
0.283418	 1.572e-17	 1.6539e-17	 2.407e-17	 1.9983e-17	 -8.19e-19	 -0.0253883
0.2838	 1.5572e-17	 1.6242e-17	 2.3781e-17	 1.9855e-17	 -6.7e-19	 -0.0210599
0.284181	 1.5371e-17	 1.6009e-17	 2.3425e-17	 1.992e-17	 -6.38e-19	 -0.0203314
0.284561	 1.5392e-17	 1.5974e-17	 2.3223e-17	 1.9918e-17	 -5.82e-19	 -0.0185551
0.28494	 1.5443e-17	 1.6055e-17	 2.3166e-17	 1.9827e-17	 -6.12e-19	 -0.0194298
0.285319	 1.5487e-17	 1.6386e-17	 2.343e-17	 1.9871e-17	 -8.99e-19	 -0.0282057
0.285696	 1.5786e-17	 1.675e-17	 2.3495e-17	 1.9893e-17	 -9.64e-19	 -0.0296287
0.286073	 1.6058e-17	 1.7517e-17	 2.3984e-17	 1.9991e-17	 -1.459e-18	 -0.043455
0.286449	 1.6625e-17	 1.8049e-17	 2.4322e-17	 1.983e-17	 -1.424e-18	 -0.0410682
0.286824	 1.7913e-17	 1.8572e-17	 2.5097e-17	 1.9959e-17	 -6.59e-19	 -0.0180622
0.287198	 1.8904e-17	 1.9214e-17	 2.5834e-17	 2.0094e-17	 -3.1e-19	 -0.00813264
0.287571	 1.9541e-17	 1.9816e-17	 2.6341e-17	 2.0094e-17	 -2.75e-19	 -0.00698732
0.287943	 2.0165e-17	 2.0346e-17	 2.73e-17	 2.0157e-17	 -1.81e-19	 -0.00446792
0.288315	 2.0556e-17	 2.0833e-17	 2.8486e-17	 2.0264e-17	 -2.77e-19	 -0.0066926
0.288685	 2.099e-17	 2.1179e-17	 3.1185e-17	 2.0084e-17	 -1.89e-19	 -0.00448197
0.289055	 2.1344e-17	 2.1583e-17	 3.38e-17	 2.0223e-17	 -2.39e-19	 -0.00556759
0.289424	 2.164e-17	 2.1819e-17	 3.4789e-17	 2.033e-17	 -1.79e-19	 -0.00411882
0.289792	 2.1999e-17	 2.2212e-17	 3.5315e-17	 2.0357e-17	 -2.13e-19	 -0.00481781
0.290159	 2.2408e-17	 2.2538e-17	 3.6009e-17	 2.0663e-17	 -1.3e-19	 -0.00289236
0.290525	 2.2835e-17	 2.3075e-17	 3.6851e-17	 2.103e-17	 -2.4e-19	 -0.00522762
0.29089	 2.3355e-17	 2.3486e-17	 3.7884e-17	 2.1257e-17	 -1.31e-19	 -0.0027967
0.291255	 2.4087e-17	 2.4269e-17	 3.9032e-17	 2.1444e-17	 -1.82e-19	 -0.00376375
0.291618	 2.4831e-17	 2.5004e-17	 4.0382e-17	 2.162e-17	 -1.73e-19	 -0.00347146
0.291981	 2.5741e-17	 2.6039e-17	 4.2088e-17	 2.1782e-17	 -2.98e-19	 -0.00575512
0.292342	 2.6836e-17	 2.7054e-17	 4.3789e-17	 2.2049e-17	 -2.18e-19	 -0.00404528
0.292703	 2.7818e-17	 2.8024e-17	 4.5722e-17	 2.2322e-17	 -2.06e-19	 -0.00368898
0.293063	 2.8825e-17	 2.9057e-17	 4.7531e-17	 2.2542e-17	 -2.32e-19	 -0.00400815
0.293422	 2.9885e-17	 3.0078e-17	 4.921e-17	 2.2845e-17	 -1.93e-19	 -0.00321865
0.29378	 3.0603e-17	 3.0906e-17	 5.0481e-17	 2.3021e-17	 -3.03e-19	 -0.00492611
0.294138	 3.136e-17	 3.1617e-17	 5.1757e-17	 2.331e-17	 -2.57e-19	 -0.00408085
0.294494	 3.1714e-17	 3.1994e-17	 5.24e-17	 2.3348e-17	 -2.8e-19	 -0.00439505
0.294849	 3.1888e-17	 3.2225e-17	 5.2504e-17	 2.3431e-17	 -3.37e-19	 -0.00525634
0.295204	 3.1685e-17	 3.1927e-17	 5.2126e-17	 2.3503e-17	 -2.42e-19	 -0.00380431
0.295558	 3.1095e-17	 3.1463e-17	 5.1365e-17	 2.3375e-17	 -3.68e-19	 -0.00588254
0.29591	 3.0421e-17	 3.081e-17	 4.9969e-17	 2.3286e-17	 -3.89e-19	 -0.00635299
0.296262	 2.949e-17	 2.9962e-17	 4.8227e-17	 2.3299e-17	 -4.72e-19	 -0.00793918
0.296613	 2.8261e-17	 2.8737e-17	 4.5986e-17	 2.3037e-17	 -4.76e-19	 -0.00835117
0.296963	 2.7069e-17	 2.7392e-17	 4.3936e-17	 2.2774e-17	 -3.23e-19	 -0.00593085
0.297312	 2.5728e-17	 2.6017e-17	 4.16e-17	 2.2388e-17	 -2.89e-19	 -0.00558508
0.297661	 2.439e-17	 2.4637e-17	 3.9114e-17	 2.2203e-17	 -2.47e-19	 -0.00503804
0.298008	 2.304e-17	 2.3359e-17	 3.687e-17	 2.1911e-17	 -3.19e-19	 -0.00687515
0.298354	 2.1862e-17	 2.2158e-17	 3.4515e-17	 2.1644e-17	 -2.96e-19	 -0.00672422
0.2987	 2.0701e-17	 2.1027e-17	 3.2714e-17	 2.1444e-17	 -3.26e-19	 -0.0078125
0.299044	 1.9727e-17	 2.0063e-17	 3.1042e-17	 2.1129e-17	 -3.36e-19	 -0.00844433
0.299388	 1.8948e-17	 1.929e-17	 2.9694e-17	 2.0945e-17	 -3.42e-19	 -0.00894398
0.299731	 1.8235e-17	 1.8529e-17	 2.8396e-17	 2.0813e-17	 -2.94e-19	 -0.00799695
0.300073	 1.7672e-17	 1.7972e-17	 2.7606e-17	 2.0602e-17	 -3e-19	 -0.00841656
0.300414	 1.7321e-17	 1.7546e-17	 2.6676e-17	 2.0601e-17	 -2.25e-19	 -0.00645309
0.300754	 1.692e-17	 1.7278e-17	 2.6103e-17	 2.0461e-17	 -3.58e-19	 -0.0104684
0.301093	 1.6689e-17	 1.6869e-17	 2.5567e-17	 2.043e-17	 -1.8e-19	 -0.00536385
0.301431	 1.6427e-17	 1.6671e-17	 2.5404e-17	 2.039e-17	 -2.44e-19	 -0.00737205
0.301768	 1.6253e-17	 1.6591e-17	 2.49e-17	 2.0304e-17	 -3.38e-19	 -0.0102911
0.302105	 1.5913e-17	 1.6317e-17	 2.4548e-17	 2.0268e-17	 -4.04e-19	 -0.0125349
0.30244	 1.5795e-17	 1.6029e-17	 2.4131e-17	 2.0091e-17	 -2.34e-19	 -0.00735294
0.302775	 1.5573e-17	 1.5912e-17	 2.3763e-17	 2.0149e-17	 -3.39e-19	 -0.010767
0.303108	 1.5449e-17	 1.5662e-17	 2.3511e-17	 2.0064e-17	 -2.13e-19	 -0.00684645
0.303441	 1.523e-17	 1.5559e-17	 2.326e-17	 2.0031e-17	 -3.29e-19	 -0.0106856
0.303773	 1.5098e-17	 1.5401e-17	 2.2959e-17	 1.9916e-17	 -3.03e-19	 -0.00993475
0.304104	 1.5034e-17	 1.5365e-17	 2.2761e-17	 2.0047e-17	 -3.31e-19	 -0.0108885
0.304434	 1.5029e-17	 1.5382e-17	 2.2922e-17	 2.0026e-17	 -3.53e-19	 -0.0116076
0.304763	 1.5162e-17	 1.5504e-17	 2.3104e-17	 2.0043e-17	 -3.42e-19	 -0.0111524
0.305091	 1.5439e-17	 1.5671e-17	 2.3132e-17	 2.0091e-17	 -2.32e-19	 -0.00745741
0.305418	 1.579e-17	 1.5912e-17	 2.385e-17	 2.0258e-17	 -1.22e-19	 -0.00384834
0.305744	 1.6199e-17	 1.6355e-17	 2.4361e-17	 2.0299e-17	 -1.56e-19	 -0.00479204
0.306069	 1.6664e-17	 1.6827e-17	 2.5334e-17	 2.056e-17	 -1.63e-19	 -0.00486698
0.306394	 1.7222e-17	 1.7418e-17	 2.5885e-17	 2.0672e-17	 -1.96e-19	 -0.0056582
0.306717	 1.7855e-17	 1.7991e-17	 2.6975e-17	 2.0979e-17	 -1.36e-19	 -0.00379401
0.307039	 1.8446e-17	 1.8545e-17	 2.809e-17	 2.1091e-17	 -9.9e-20	 -0.00267633
0.307361	 1.9099e-17	 1.9293e-17	 2.9032e-17	 2.1258e-17	 -1.94e-19	 -0.00505314
0.307681	 1.963e-17	 1.9863e-17	 2.9836e-17	 2.1519e-17	 -2.33e-19	 -0.00589978
0.308001	 2.0126e-17	 2.0386e-17	 3.077e-17	 2.17e-17	 -2.6e-19	 -0.00641785
0.30832	 2.058e-17	 2.0833e-17	 3.1526e-17	 2.1925e-17	 -2.53e-19	 -0.00610919
0.308638	 2.0975e-17	 2.1173e-17	 3.2073e-17	 2.2065e-17	 -1.98e-19	 -0.00469773
0.308954	 2.1355e-17	 2.1482e-17	 3.242e-17	 2.2193e-17	 -1.27e-19	 -0.00296473
0.30927	 2.1362e-17	 2.1719e-17	 3.2909e-17	 2.2317e-17	 -3.57e-19	 -0.00828672
0.309585	 2.15e-17	 2.1711e-17	 3.2908e-17	 2.2499e-17	 -2.11e-19	 -0.00488302
0.309899	 2.1441e-17	 2.1756e-17	 3.2781e-17	 2.2379e-17	 -3.15e-19	 -0.00729217
0.310212	 2.143e-17	 2.1673e-17	 3.26e-17	 2.253e-17	 -2.43e-19	 -0.00563766
0.310524	 2.1171e-17	 2.1375e-17	 3.235e-17	 2.2434e-17	 -2.04e-19	 -0.00479481
0.310836	 2.1044e-17	 2.1217e-17	 3.1888e-17	 2.24e-17	 -1.73e-19	 -0.00409361
0.311146	 2.0679e-17	 2.0876e-17	 3.1479e-17	 2.2203e-17	 -1.97e-19	 -0.00474071
0.311455	 2.0366e-17	 2.0653e-17	 3.1146e-17	 2.2161e-17	 -2.87e-19	 -0.00699676
0.311763	 2.0147e-17	 2.0435e-17	 3.0466e-17	 2.2087e-17	 -2.88e-19	 -0.00709674
0.312071	 1.9818e-17	 2.007e-17	 3.004e-17	 2.1962e-17	 -2.52e-19	 -0.00631769
0.312377	 1.9636e-17	 1.9881e-17	 2.9831e-17	 2.2074e-17	 -2.45e-19	 -0.00619986
0.312683	 1.9461e-17	 1.9708e-17	 2.9364e-17	 2.1962e-17	 -2.47e-19	 -0.00630601
0.312987	 1.9379e-17	 1.9594e-17	 2.9241e-17	 2.1983e-17	 -2.15e-19	 -0.00551664
0.313291	 1.9322e-17	 1.963e-17	 2.9168e-17	 2.1953e-17	 -3.08e-19	 -0.00790717
0.313593	 1.9211e-17	 1.9572e-17	 2.9113e-17	 2.2e-17	 -3.61e-19	 -0.0093082
0.313895	 1.9093e-17	 1.9541e-17	 2.9064e-17	 2.1908e-17	 -4.48e-19	 -0.011596
0.314196	 1.9139e-17	 1.95e-17	 2.8962e-17	 2.1922e-17	 -3.61e-19	 -0.00934289
0.314496	 1.9249e-17	 1.9417e-17	 2.9007e-17	 2.2053e-17	 -1.68e-19	 -0.0043449
0.314794	 1.9361e-17	 1.9488e-17	 2.8987e-17	 2.2009e-17	 -1.27e-19	 -0.00326907
0.315092	 1.9217e-17	 1.9511e-17	 2.8999e-17	 2.1995e-17	 -2.94e-19	 -0.00759141
0.315389	 1.9101e-17	 1.9449e-17	 2.8836e-17	 2.1948e-17	 -3.48e-19	 -0.00902724
0.315685	 1.9119e-17	 1.9386e-17	 2.8748e-17	 2.209e-17	 -2.67e-19	 -0.00693416
0.31598	 1.9005e-17	 1.9258e-17	 2.8884e-17	 2.2065e-17	 -2.53e-19	 -0.00661213
0.316274	 1.8898e-17	 1.9242e-17	 2.861e-17	 2.19e-17	 -3.44e-19	 -0.0090194
