Q 	 ICP 	  ICN 	 ILH 	 ILV 	 IXMCDR  
2.77824e-05	 3.5138e-11	 3.3799e-11	 3.236e-11	 3.4676e-11	 1.339e-12	 0.0194235
0.000625175	 2.862e-13	 2.7777e-13	 2.5546e-13	 2.8259e-13	 8.43e-15	 0.0149476
0.00125036	 7.595e-13	 7.4321e-13	 6.9488e-13	 7.859e-13	 1.629e-14	 0.0108404
0.00187553	 1.5225e-12	 1.4968e-12	 1.4082e-12	 1.5665e-12	 2.57e-14	 0.00851191
0.0025007	 2.3709e-12	 2.3291e-12	 2.1426e-12	 2.4383e-12	 4.18e-14	 0.00889362
0.00312587	 3.1334e-12	 3.0859e-12	 2.9538e-12	 3.3082e-12	 4.75e-14	 0.00763752
0.00375102	 4.0627e-12	 3.9678e-12	 3.7274e-12	 4.0873e-12	 9.49e-14	 0.0118174
0.00437616	 4.9386e-12	 4.8398e-12	 4.131e-12	 5.0537e-12	 9.88e-14	 0.0101039
0.00500129	 5.562e-12	 5.5245e-12	 5.1803e-12	 5.7917e-12	 3.75e-14	 0.00338249
0.0056264	 6.3555e-12	 6.0811e-12	 5.8077e-12	 6.4806e-12	 2.744e-13	 0.0220639
0.00625149	 7.0137e-12	 6.8461e-12	 6.4211e-12	 7.1601e-12	 1.676e-13	 0.0120925
0.00687657	 7.6681e-12	 7.4903e-12	 7.0085e-12	 7.8224e-12	 1.778e-13	 0.0117295
0.00750162	 8.4411e-12	 8.2445e-12	 7.7485e-12	 8.1075e-12	 1.966e-13	 0.0117826
0.00812666	 8.9998e-12	 8.7564e-12	 7.9521e-12	 9.1291e-12	 2.434e-13	 0.0137079
0.00875166	 9.55e-12	 9.2857e-12	 8.7328e-12	 9.6581e-12	 2.643e-13	 0.0140319
0.00937664	 1.0017e-11	 9.7338e-12	 9.1522e-12	 1.0128e-11	 2.832e-13	 0.0143387
0.0100016	 1.0399e-11	 1.0113e-11	 9.5305e-12	 1.0507e-11	 2.86e-13	 0.0139431
0.0106265	 1.0887e-11	 1.0654e-11	 1.0028e-11	 1.0499e-11	 2.33e-13	 0.0108166
0.0112514	 1.112e-11	 1.0871e-11	 1.0134e-11	 1.1144e-11	 2.49e-13	 0.0113228
0.0118763	 1.113e-11	 1.1165e-11	 1.0284e-11	 1.139e-11	 -3.5e-14	 -0.00156986
0.0125011	 1.1697e-11	 1.1051e-11	 1.0507e-11	 1.1671e-11	 6.46e-13	 0.0283981
0.0131259	 1.1944e-11	 1.1595e-11	 1.0738e-11	 1.1901e-11	 3.49e-13	 0.0148265
0.0137506	 1.2311e-11	 1.1996e-11	 1.1151e-11	 1.2269e-11	 3.15e-13	 0.0129592
0.0143753	 1.2231e-11	 1.1858e-11	 1.0952e-11	 1.214e-11	 3.73e-13	 0.0154842
0.015	 1.2183e-11	 1.183e-11	 1.0876e-11	 1.2104e-11	 3.53e-13	 0.0147004
0.0156246	 1.2252e-11	 1.1776e-11	 1.0821e-11	 1.2067e-11	 4.76e-13	 0.0198102
0.0162491	 1.2254e-11	 1.1747e-11	 1.0769e-11	 1.2011e-11	 5.07e-13	 0.0211241
0.0168736	 1.2441e-11	 1.1987e-11	 1.1036e-11	 1.227e-11	 4.54e-13	 0.0185852
0.0174981	 1.2165e-11	 1.1797e-11	 1.0765e-11	 1.2062e-11	 3.68e-13	 0.0153576
0.0181225	 1.2116e-11	 1.1632e-11	 1.0559e-11	 1.1862e-11	 4.84e-13	 0.0203807
0.0187469	 1.1922e-11	 1.142e-11	 1.0362e-11	 1.163e-11	 5.02e-13	 0.0215063
0.0193712	 1.2344e-11	 1.1823e-11	 1.0886e-11	 1.2035e-11	 5.21e-13	 0.0215583
0.0199954	 1.2489e-11	 1.1949e-11	 1.1038e-11	 1.2148e-11	 5.4e-13	 0.0220967
0.0206196	 1.2115e-11	 1.1668e-11	 1.0752e-11	 1.1867e-11	 4.47e-13	 0.0187949
0.0212437	 1.1847e-11	 1.1345e-11	 1.0534e-11	 1.155e-11	 5.02e-13	 0.0216454
0.0218677	 1.1525e-11	 1.0996e-11	 1.0174e-11	 1.1144e-11	 5.29e-13	 0.0234892
0.0224917	 1.1176e-11	 1.0683e-11	 9.8902e-12	 1.0776e-11	 4.93e-13	 0.0225536
0.0231156	 1.1e-11	 1.0546e-11	 9.8053e-12	 1.0585e-11	 4.54e-13	 0.0210712
0.0237395	 1.0493e-11	 1.0105e-11	 9.3349e-12	 1.0078e-11	 3.88e-13	 0.0188368
0.0243632	 1.0084e-11	 9.7237e-12	 9.0008e-12	 9.6682e-12	 3.603e-13	 0.0181899
0.0249869	 9.6851e-12	 9.3604e-12	 8.6386e-12	 9.2733e-12	 3.247e-13	 0.0170486
0.0256106	 9.3033e-12	 8.9819e-12	 8.2913e-12	 8.8937e-12	 3.214e-13	 0.0175771
0.0262341	 9.0348e-12	 8.7387e-12	 8.038e-12	 8.6366e-12	 2.961e-13	 0.0166596
0.0268576	 8.4997e-12	 8.2262e-12	 7.5762e-12	 8.1166e-12	 2.735e-13	 0.0163519
0.0274809	 8.0583e-12	 7.7979e-12	 7.1994e-12	 7.7012e-12	 2.604e-13	 0.0164226
0.0281042	 7.624e-12	 7.3748e-12	 6.7992e-12	 7.2699e-12	 2.492e-13	 0.0166147
0.0287274	 7.1899e-12	 6.9596e-12	 6.436e-12	 6.8553e-12	 2.303e-13	 0.0162762
0.0293506	 6.8384e-12	 6.6127e-12	 6.1609e-12	 6.5224e-12	 2.257e-13	 0.0167793
0.0299736	 6.3401e-12	 6.1258e-12	 5.7219e-12	 6.031e-12	 2.143e-13	 0.0171909
0.0305965	 5.8975e-12	 5.697e-12	 5.3171e-12	 5.5986e-12	 2.005e-13	 0.0172927
0.0312194	 5.4591e-12	 5.2821e-12	 4.9346e-12	 5.1804e-12	 1.77e-13	 0.0164786
0.0318421	 5.0402e-12	 4.8618e-12	 4.5642e-12	 4.7857e-12	 1.784e-13	 0.0180166
0.0324648	 4.6719e-12	 4.5055e-12	 4.2448e-12	 4.4311e-12	 1.664e-13	 0.0181315
0.0330874	 4.2365e-12	 4.0744e-12	 3.8447e-12	 4.0088e-12	 1.621e-13	 0.0195045
0.0337098	 3.8481e-12	 3.6957e-12	 3.4994e-12	 3.632e-12	 1.524e-13	 0.020202
0.0343322	 3.4732e-12	 3.3366e-12	 3.1665e-12	 3.2785e-12	 1.366e-13	 0.0200593
0.0349544	 3.1253e-12	 2.997e-12	 2.8563e-12	 2.9541e-12	 1.283e-13	 0.0209562
0.0355766	 2.8171e-12	 2.6408e-12	 2.5898e-12	 2.6639e-12	 1.763e-13	 0.0323018
0.0361986	 2.4892e-12	 2.3974e-12	 2.2957e-12	 2.3531e-12	 9.18e-14	 0.0187861
0.0368205	 2.2171e-12	 2.1216e-12	 2.0382e-12	 2.0799e-12	 9.55e-14	 0.0220112
0.0374423	 1.9598e-12	 1.8747e-12	 1.8058e-12	 1.8385e-12	 8.51e-14	 0.0221932
0.038064	 1.7383e-12	 1.6624e-12	 1.6027e-12	 1.6246e-12	 7.59e-14	 0.0223189
0.0386856	 1.5471e-12	 1.4851e-12	 1.3882e-12	 1.4097e-12	 6.2e-14	 0.0204472
0.0393071	 1.367e-12	 1.3182e-12	 1.265e-12	 1.2755e-12	 4.88e-14	 0.0181737
0.0399284	 1.2211e-12	 1.1814e-12	 1.134e-12	 1.1394e-12	 3.97e-14	 0.0165245
0.0405497	 1.0982e-12	 1.0724e-12	 1.0279e-12	 1.0289e-12	 2.58e-14	 0.0118861
0.0411708	 1.0024e-12	 9.8859e-13	 9.4418e-13	 9.4404e-13	 1.381e-14	 0.00693625
0.0417917	 9.3167e-13	 9.2758e-13	 8.8503e-13	 8.8117e-13	 4.09e-15	 0.00219981
0.0424126	 8.6724e-13	 8.7318e-13	 8.2846e-13	 8.2463e-13	 -5.94e-15	 -0.00341297
0.0430333	 8.2181e-13	 8.3484e-13	 7.8887e-13	 7.8606e-13	 -1.303e-14	 -0.00786527
0.0436539	 7.8873e-13	 8.1028e-13	 7.6088e-13	 7.5907e-13	 -2.155e-14	 -0.0134771
0.0442743	 7.6763e-13	 7.9006e-13	 7.3663e-13	 7.4023e-13	 -2.243e-14	 -0.0143995
0.0448947	 7.5645e-13	 7.8739e-13	 7.335e-13	 7.315e-13	 -3.094e-14	 -0.0200409
0.0455148	 7.4152e-13	 7.7589e-13	 7.2092e-13	 7.1856e-13	 -3.437e-14	 -0.0226504
0.0461349	 7.3486e-13	 7.6721e-13	 7.107e-13	 7.0957e-13	 -3.235e-14	 -0.0215369
0.0467548	 7.259e-13	 7.5731e-13	 6.9626e-13	 7.0021e-13	 -3.141e-14	 -0.021177
0.0473746	 7.1829e-13	 7.4223e-13	 6.8987e-13	 6.8925e-13	 -2.394e-14	 -0.0163914
0.0479942	 7.0932e-13	 7.3269e-13	 6.7882e-13	 6.7607e-13	 -2.337e-14	 -0.0162065
0.0486136	 6.9097e-13	 7.0707e-13	 6.5894e-13	 6.5817e-13	 -1.61e-14	 -0.0115161
0.049233	 6.6827e-13	 6.7694e-13	 6.3218e-13	 6.3157e-13	 -8.67e-15	 -0.00644509
0.0498521	 6.409e-13	 6.4098e-13	 5.9879e-13	 6.033e-13	 -8e-17	 -6.24083e-05
0.0504712	 6.0849e-13	 6.0062e-13	 5.6317e-13	 5.645e-13	 7.87e-15	 0.00650892
0.05109	 5.7369e-13	 5.6146e-13	 5.2893e-13	 5.2973e-13	 1.223e-14	 0.0107739
0.0517087	 5.2841e-13	 5.0692e-13	 4.7852e-13	 4.8659e-13	 2.149e-14	 0.0207567
0.0523273	 4.8093e-13	 4.5391e-13	 4.2665e-13	 4.3694e-13	 2.702e-14	 0.0289033
0.0529457	 4.3126e-13	 3.9795e-13	 3.7527e-13	 3.8671e-13	 3.331e-14	 0.0401708
0.0535639	 3.803e-13	 3.4395e-13	 3.2712e-13	 3.372e-13	 3.635e-14	 0.0501899
0.054182	 3.3038e-13	 2.9625e-13	 2.8045e-13	 2.9107e-13	 3.413e-14	 0.054466
0.0547999	 2.791e-13	 2.4627e-13	 2.3583e-13	 2.4281e-13	 3.283e-14	 0.0624893
0.0554176	 2.3246e-13	 1.9916e-13	 1.9117e-13	 1.9799e-13	 3.33e-14	 0.0771512
0.0560352	 1.8874e-13	 1.5686e-13	 1.5123e-13	 1.5987e-13	 3.188e-14	 0.0922454
0.0566526	 1.4914e-13	 1.2049e-13	 1.1866e-13	 1.2419e-13	 2.865e-14	 0.106257
0.0572698	 1.1454e-13	 8.9339e-14	 8.9148e-14	 9.45e-14	 2.5201e-14	 0.123608
0.0578869	 8.4497e-14	 6.2705e-14	 6.4028e-14	 6.7824e-14	 2.1792e-14	 0.148041
0.0585037	 5.9825e-14	 4.169e-14	 4.3816e-14	 4.6786e-14	 1.8135e-14	 0.178644
0.0591204	 4.0216e-14	 2.5722e-14	 2.8379e-14	 3.0217e-14	 1.4494e-14	 0.219813
0.059737	 2.5177e-14	 1.4813e-14	 1.7128e-14	 1.8045e-14	 1.0364e-14	 0.259165
0.0603533	 1.5036e-14	 8.0973e-15	 1.0024e-14	 9.9917e-15	 6.9387e-15	 0.299944
0.0609694	 8.9102e-15	 5.239e-15	 6.7099e-15	 5.7851e-15	 3.6712e-15	 0.259463
0.0615854	 6.5066e-15	 5.792e-15	 6.2931e-15	 4.6295e-15	 7.146e-16	 0.0581042
0.0622012	 7.5251e-15	 9.3171e-15	 8.5742e-15	 6.2832e-15	 -1.792e-15	 -0.106399
0.0628168	 1.14e-14	 1.5284e-14	 1.3042e-14	 1.0207e-14	 -3.884e-15	 -0.145555
0.0634322	 1.761e-14	 2.3189e-14	 1.8583e-14	 1.5542e-14	 -5.579e-15	 -0.136744
0.0640474	 2.5498e-14	 3.2023e-14	 2.6282e-14	 2.2885e-14	 -6.525e-15	 -0.113437
0.0646624	 3.4477e-14	 4.1878e-14	 3.4252e-14	 3.0478e-14	 -7.401e-15	 -0.0969288
0.0652772	 4.482e-14	 5.1786e-14	 4.2321e-14	 3.8499e-14	 -6.966e-15	 -0.0721073
0.0658918	 5.506e-14	 6.0993e-14	 5.1216e-14	 4.6427e-14	 -5.933e-15	 -0.0511232
0.0665062	 6.396e-14	 7.1296e-14	 5.9579e-14	 5.4466e-14	 -7.336e-15	 -0.0542379
0.0671204	 7.3592e-14	 7.8864e-14	 6.6063e-14	 6.0845e-14	 -5.272e-15	 -0.0345805
0.0677344	 8.0479e-14	 8.5183e-14	 7.158e-14	 6.5954e-14	 -4.704e-15	 -0.0283952
0.0683482	 8.5765e-14	 8.9416e-14	 7.5457e-14	 6.8517e-14	 -3.651e-15	 -0.0208413
0.0689618	 8.9614e-14	 9.2983e-14	 7.8178e-14	 7.1153e-14	 -3.369e-15	 -0.0184505
0.0695752	 9.1857e-14	 9.4971e-14	 7.9908e-14	 7.2913e-14	 -3.114e-15	 -0.0166677
0.0701884	 9.1763e-14	 9.4133e-14	 7.9327e-14	 7.2401e-14	 -2.37e-15	 -0.0127491
0.0708013	 9.0427e-14	 9.237e-14	 7.773e-14	 7.1062e-14	 -1.943e-15	 -0.0106293
0.0714141	 8.7296e-14	 8.9346e-14	 7.5073e-14	 6.8724e-14	 -2.05e-15	 -0.0116054
0.0720266	 8.3558e-14	 8.5747e-14	 7.1671e-14	 6.504e-14	 -2.189e-15	 -0.0129293
0.0726389	 7.8958e-14	 8.1412e-14	 6.7697e-14	 6.198e-14	 -2.454e-15	 -0.0153021
0.073251	 7.3204e-14	 7.5507e-14	 6.2658e-14	 5.7596e-14	 -2.303e-15	 -0.0154864
0.0738628	 6.7483e-14	 6.9791e-14	 5.7807e-14	 5.3245e-14	 -2.308e-15	 -0.0168131
0.0744745	 6.1602e-14	 6.4007e-14	 5.2801e-14	 4.8772e-14	 -2.405e-15	 -0.0191467
0.0750859	 5.6212e-14	 5.8456e-14	 4.8028e-14	 4.4619e-14	 -2.244e-15	 -0.0195695
0.075697	 5.1294e-14	 5.326e-14	 4.375e-14	 4.0901e-14	 -1.966e-15	 -0.0188037
0.076308	 4.6266e-14	 4.7622e-14	 3.9152e-14	 3.6779e-14	 -1.356e-15	 -0.0144427
0.0769187	 4.1736e-14	 4.2543e-14	 3.4863e-14	 3.3127e-14	 -8.07e-16	 -0.00957534
0.0775292	 3.709e-14	 3.7482e-14	 3.0832e-14	 2.9439e-14	 -3.92e-16	 -0.00525666
0.0781394	 3.2673e-14	 3.2875e-14	 2.708e-14	 2.5949e-14	 -2.02e-16	 -0.00308171
0.0787494	 2.8427e-14	 2.8498e-14	 2.3439e-14	 2.2621e-14	 -7.1e-17	 -0.00124726
0.0793592	 2.431e-14	 2.4119e-14	 1.9935e-14	 1.9386e-14	 1.91e-16	 0.00394392
0.0799687	 2.0557e-14	 2.0188e-14	 1.6783e-14	 1.6448e-14	 3.69e-16	 0.00905633
0.080578	 1.7066e-14	 1.6727e-14	 1.3883e-14	 1.3763e-14	 3.39e-16	 0.0100317
0.081187	 1.3999e-14	 1.3694e-14	 1.1305e-14	 1.1394e-14	 3.05e-16	 0.0110136
0.0817958	 1.128e-14	 1.0852e-14	 9.0892e-15	 9.3053e-15	 4.28e-16	 0.0193385
0.0824044	 8.8297e-15	 8.6498e-15	 6.6336e-15	 6.9576e-15	 1.799e-16	 0.0102921
0.0830126	 6.7444e-15	 6.69e-15	 5.0729e-15	 5.4582e-15	 5.44e-17	 0.00404931
0.0836207	 4.9774e-15	 5.0839e-15	 3.7617e-15	 4.1742e-15	 -1.065e-16	 -0.0105851
0.0842285	 3.5679e-15	 3.8259e-15	 2.7212e-15	 3.1361e-15	 -2.58e-16	 -0.0348941
0.084836	 2.5172e-15	 2.9113e-15	 1.9606e-15	 2.3603e-15	 -3.941e-16	 -0.0725983
0.0854432	 1.7776e-15	 2.2688e-15	 1.4377e-15	 1.8043e-15	 -4.912e-16	 -0.121392
0.0860503	 1.2877e-15	 1.904e-15	 1.1242e-15	 1.4443e-15	 -6.163e-16	 -0.193095
0.086657	 9.219e-16	 1.7461e-15	 9.6882e-16	 1.2298e-15	 -8.242e-16	 -0.308921
0.0872635	 7.7725e-16	 1.7857e-15	 9.4204e-16	 1.1459e-15	 -1.00845e-15	 -0.393472
0.0878697	 7.4805e-16	 1.99e-15	 1.0354e-15	 1.1825e-15	 -1.24195e-15	 -0.453589
0.0884756	 8.4034e-16	 2.3271e-15	 1.2344e-15	 1.3098e-15	 -1.48676e-15	 -0.469389
0.0890813	 1.06e-15	 2.8148e-15	 1.5621e-15	 1.5342e-15	 -1.7548e-15	 -0.452875
0.0896867	 1.4013e-15	 3.4259e-15	 1.9958e-15	 1.8464e-15	 -2.0246e-15	 -0.419415
0.0902918	 1.8956e-15	 4.1619e-15	 2.5397e-15	 2.247e-15	 -2.2663e-15	 -0.374131
0.0908967	 2.5377e-15	 5.0655e-15	 3.1999e-15	 2.7535e-15	 -2.5278e-15	 -0.332465
0.0915013	 3.3014e-15	 6.0002e-15	 3.9321e-15	 3.3291e-15	 -2.6988e-15	 -0.290144
0.0921056	 4.2586e-15	 7.088e-15	 4.8094e-15	 4.0179e-15	 -2.8294e-15	 -0.249361
0.0927096	 5.3777e-15	 8.2631e-15	 5.8032e-15	 4.7653e-15	 -2.8854e-15	 -0.211527
0.0933133	 6.986e-15	 9.5286e-15	 6.9178e-15	 5.5844e-15	 -2.5426e-15	 -0.153961
0.0939168	 8.5338e-15	 1.0907e-14	 8.3804e-15	 6.4695e-15	 -2.3732e-15	 -0.122073
0.09452	 9.9296e-15	 1.2001e-14	 9.7066e-15	 7.2565e-15	 -2.0714e-15	 -0.0944525
0.0951228	 1.1252e-14	 1.3109e-14	 1.0807e-14	 8.3784e-15	 -1.857e-15	 -0.0762284
0.0957254	 1.2291e-14	 1.3907e-14	 1.17e-14	 9.1357e-15	 -1.616e-15	 -0.0616841
0.0963277	 1.3254e-14	 1.4537e-14	 1.2423e-14	 9.6844e-15	 -1.283e-15	 -0.046166
0.0969297	 1.3986e-14	 1.5085e-14	 1.3032e-14	 1.0231e-14	 -1.099e-15	 -0.037804
0.0975314	 1.4459e-14	 1.5356e-14	 1.3349e-14	 1.0462e-14	 -8.97e-16	 -0.0300855
0.0981328	 1.486e-14	 1.5518e-14	 1.3657e-14	 1.0738e-14	 -6.58e-16	 -0.0216604
0.098734	 1.515e-14	 1.5536e-14	 1.3815e-14	 1.0922e-14	 -3.86e-16	 -0.012579
0.0993348	 1.5343e-14	 1.5555e-14	 1.3915e-14	 1.101e-14	 -2.12e-16	 -0.00686129
0.0999353	 1.5461e-14	 1.5467e-14	 1.3986e-14	 1.1105e-14	 -6e-18	 -0.000193999
0.100535	 1.5244e-14	 1.5071e-14	 1.3699e-14	 1.0894e-14	 1.73e-16	 0.00570675
0.101135	 1.4887e-14	 1.4626e-14	 1.334e-14	 1.0663e-14	 2.61e-16	 0.00884356
0.101735	 1.4302e-14	 1.4022e-14	 1.2785e-14	 1.0246e-14	 2.8e-16	 0.00988561
0.102334	 1.3705e-14	 1.3364e-14	 1.2232e-14	 9.8323e-15	 3.41e-16	 0.0125974
0.102933	 1.3199e-14	 1.2736e-14	 1.1754e-14	 9.4884e-15	 4.63e-16	 0.0178523
0.103532	 1.2617e-14	 1.2072e-14	 1.1159e-14	 9.062e-15	 5.45e-16	 0.0220746
0.10413	 1.219e-14	 1.1497e-14	 1.0623e-14	 8.7251e-15	 6.93e-16	 0.0292566
0.104728	 1.1806e-14	 1.0885e-14	 1.0206e-14	 8.3529e-15	 9.21e-16	 0.0405888
0.105326	 1.1396e-14	 1.0385e-14	 9.7714e-15	 8.0062e-15	 1.011e-15	 0.0464166
0.105923	 1.098e-14	 9.8437e-15	 9.3664e-15	 7.6984e-15	 1.1363e-15	 0.0545676
0.10652	 1.033e-14	 9.2043e-15	 8.7611e-15	 7.2077e-15	 1.1257e-15	 0.0576268
0.107117	 9.6342e-15	 8.5315e-15	 8.1488e-15	 6.7133e-15	 1.1027e-15	 0.0607023
0.107714	 8.8117e-15	 7.8664e-15	 7.4865e-15	 6.1802e-15	 9.453e-16	 0.0566791
0.10831	 8.0127e-15	 7.2072e-15	 6.8277e-15	 5.6732e-15	 8.055e-16	 0.0529241
0.108905	 7.3181e-15	 6.6361e-15	 6.2646e-15	 5.2014e-15	 6.82e-16	 0.0488742
0.109501	 6.6281e-15	 6.0806e-15	 5.6962e-15	 4.7291e-15	 5.475e-16	 0.0430807
0.110096	 6.0595e-15	 5.627e-15	 5.2108e-15	 4.3396e-15	 4.325e-16	 0.0370085
0.110691	 5.5761e-15	 5.2294e-15	 4.8521e-15	 3.9971e-15	 3.467e-16	 0.0320855
0.111285	 5.1938e-15	 4.9303e-15	 4.5414e-15	 3.7093e-15	 2.635e-16	 0.026027
0.111879	 4.8734e-15	 4.6974e-15	 4.3175e-15	 3.4797e-15	 1.76e-16	 0.0183893
0.112473	 4.5184e-15	 4.4399e-15	 4.073e-15	 3.2168e-15	 7.85e-17	 0.00876282
0.113066	 4.198e-15	 4.2271e-15	 3.8457e-15	 2.9979e-15	 -2.91e-17	 -0.00345396
0.113659	 3.8743e-15	 4.0023e-15	 3.6548e-15	 2.7862e-15	 -1.28e-16	 -0.0162507
0.114252	 3.5867e-15	 3.7873e-15	 3.4564e-15	 2.5943e-15	 -2.006e-16	 -0.0272037
0.114844	 3.3459e-15	 3.6408e-15	 3.3165e-15	 2.4597e-15	 -2.949e-16	 -0.0422088
0.115436	 3.1368e-15	 3.4764e-15	 3.1599e-15	 2.316e-15	 -3.396e-16	 -0.0513518
0.116028	 3.0118e-15	 3.3821e-15	 3.0675e-15	 2.2297e-15	 -3.703e-16	 -0.0579146
0.116619	 2.9508e-15	 3.3209e-15	 3.0197e-15	 2.198e-15	 -3.701e-16	 -0.0590111
0.11721	 2.9429e-15	 3.302e-15	 3.0213e-15	 2.186e-15	 -3.591e-16	 -0.0575029
0.117801	 2.9784e-15	 3.3392e-15	 3.076e-15	 2.2143e-15	 -3.608e-16	 -0.0571103
0.118391	 2.9943e-15	 3.3166e-15	 3.072e-15	 2.1974e-15	 -3.223e-16	 -0.0510704
0.118981	 2.9824e-15	 3.2919e-15	 3.0681e-15	 2.1858e-15	 -3.095e-16	 -0.0493282
0.11957	 2.934e-15	 3.2356e-15	 3.0321e-15	 2.152e-15	 -3.016e-16	 -0.0488849
0.12016	 2.8671e-15	 3.1621e-15	 2.9548e-15	 2.105e-15	 -2.95e-16	 -0.0489285
0.120748	 2.5834e-15	 3.0882e-15	 2.8822e-15	 2.0688e-15	 -5.048e-16	 -0.0890049
0.121337	 2.5462e-15	 2.9788e-15	 2.7803e-15	 2.0077e-15	 -4.326e-16	 -0.0782986
0.121925	 2.5106e-15	 2.9082e-15	 2.7204e-15	 1.9855e-15	 -3.976e-16	 -0.0733742
0.122512	 2.5094e-15	 2.8623e-15	 2.6945e-15	 1.975e-15	 -3.529e-16	 -0.0656961
0.1231	 2.5298e-15	 2.8368e-15	 2.6924e-15	 1.9773e-15	 -3.07e-16	 -0.0572057
0.123687	 2.553e-15	 2.5915e-15	 2.6985e-15	 1.9762e-15	 -3.85e-17	 -0.00748372
0.124273	 2.5059e-15	 2.57e-15	 2.6362e-15	 1.9177e-15	 -6.41e-17	 -0.0126283
0.124859	 2.4025e-15	 2.4497e-15	 2.5252e-15	 1.8345e-15	 -4.72e-17	 -0.00972755
0.125445	 2.2254e-15	 2.2745e-15	 2.3531e-15	 1.7051e-15	 -4.91e-17	 -0.0109114
0.126031	 2.0022e-15	 2.0713e-15	 2.1317e-15	 1.4552e-15	 -6.91e-17	 -0.0169633
0.126616	 1.7546e-15	 1.854e-15	 1.8916e-15	 1.3137e-15	 -9.94e-17	 -0.0275453
0.1272	 1.4989e-15	 1.6225e-15	 1.6344e-15	 1.1504e-15	 -1.236e-16	 -0.0395976
0.127784	 1.2811e-15	 1.4283e-15	 1.3229e-15	 1.0141e-15	 -1.472e-16	 -0.0543294
0.128368	 1.1106e-15	 1.2681e-15	 1.165e-15	 9.0444e-16	 -1.575e-16	 -0.0662126
0.128952	 9.7414e-16	 1.1361e-15	 1.0265e-15	 8.1443e-16	 -1.6196e-16	 -0.0767496
0.129535	 8.6487e-16	 1.0272e-15	 9.1498e-16	 7.3923e-16	 -1.6233e-16	 -0.0857949
0.130117	 7.5033e-16	 9.0872e-16	 7.9678e-16	 6.5531e-16	 -1.5839e-16	 -0.0954703
0.1307	 6.3846e-16	 7.9955e-16	 6.8671e-16	 5.7668e-16	 -1.6109e-16	 -0.112023
0.131282	 5.3166e-16	 6.9316e-16	 5.7909e-16	 5.01e-16	 -1.615e-16	 -0.131856
0.131863	 4.3811e-16	 6.0011e-16	 4.8486e-16	 4.3551e-16	 -1.62e-16	 -0.156036
0.132444	 3.8102e-16	 5.322e-16	 4.2006e-16	 3.9096e-16	 -1.5118e-16	 -0.165546
0.133025	 3.5933e-16	 4.897e-16	 3.8465e-16	 3.6522e-16	 -1.3037e-16	 -0.153552
0.133605	 3.782e-16	 4.811e-16	 3.8683e-16	 3.6346e-16	 -1.029e-16	 -0.119749
0.134185	 4.2635e-16	 4.9788e-16	 4.1553e-16	 3.7843e-16	 -7.153e-17	 -0.0773942
0.134764	 4.8361e-16	 5.2822e-16	 4.5801e-16	 4.0098e-16	 -4.461e-17	 -0.0440884
0.135343	 5.3442e-16	 5.6086e-16	 4.993e-16	 4.226e-16	 -2.644e-17	 -0.0241399
0.135922	 5.6027e-16	 5.7505e-16	 5.217e-16	 4.3003e-16	 -1.478e-17	 -0.0130184
0.1365	 5.6339e-16	 5.7891e-16	 5.2857e-16	 4.2646e-16	 -1.552e-17	 -0.0135866
0.137078	 5.4763e-16	 5.685e-16	 5.1855e-16	 4.1411e-16	 -2.087e-17	 -0.0186985
0.137655	 5.2488e-16	 5.5487e-16	 5.0385e-16	 3.9781e-16	 -2.999e-17	 -0.0277749
0.138232	 5.0616e-16	 5.3341e-16	 4.9349e-16	 3.8655e-16	 -2.725e-17	 -0.0262128
0.138809	 4.9642e-16	 5.3799e-16	 4.8652e-16	 3.7734e-16	 -4.157e-17	 -0.0401872
0.139385	 5.023e-16	 5.4536e-16	 4.9446e-16	 3.7801e-16	 -4.306e-17	 -0.0411011
0.139961	 5.2218e-16	 5.6526e-16	 5.1614e-16	 3.8612e-16	 -4.308e-17	 -0.039616
0.140536	 5.46e-16	 5.9306e-16	 5.4553e-16	 3.9859e-16	 -4.706e-17	 -0.0413148
0.141111	 5.6729e-16	 6.249e-16	 5.7891e-16	 4.1187e-16	 -5.761e-17	 -0.0483228
0.141685	 5.75e-16	 6.4289e-16	 5.975e-16	 4.1401e-16	 -6.789e-17	 -0.055744
0.142259	 5.684e-16	 6.5164e-16	 6.0715e-16	 4.1073e-16	 -8.324e-17	 -0.0682273
0.142833	 5.4884e-16	 6.5006e-16	 6.0345e-16	 4.0096e-16	 -1.0122e-16	 -0.0844274
0.143406	 5.2604e-16	 6.4207e-16	 5.9332e-16	 3.9088e-16	 -1.1603e-16	 -0.0993314
0.143979	 5.0733e-16	 6.3805e-16	 5.8521e-16	 3.8515e-16	 -1.3072e-16	 -0.114128
0.144551	 4.9969e-16	 6.3544e-16	 5.8086e-16	 3.8223e-16	 -1.3575e-16	 -0.11959
0.145123	 5.1679e-16	 6.5234e-16	 5.975e-16	 3.9331e-16	 -1.3555e-16	 -0.115941
0.145694	 5.6247e-16	 6.91e-16	 6.4065e-16	 4.203e-16	 -1.2853e-16	 -0.102539
0.146265	 6.3368e-16	 7.5131e-16	 7.0899e-16	 4.5717e-16	 -1.1763e-16	 -0.084932
0.146835	 7.1882e-16	 8.282e-16	 7.9643e-16	 5.0387e-16	 -1.0938e-16	 -0.0707037
0.147405	 8.0233e-16	 8.9745e-16	 8.8189e-16	 5.4379e-16	 -9.512e-17	 -0.0559602
0.147975	 8.7629e-16	 9.6381e-16	 9.6044e-16	 5.807e-16	 -8.752e-17	 -0.0475626
0.148544	 9.339e-16	 1.0165e-15	 1.0258e-15	 6.0815e-16	 -8.26e-17	 -0.0423503
0.149113	 9.7447e-16	 1.0544e-15	 1.0774e-15	 6.2955e-16	 -7.993e-17	 -0.0393963
0.149681	 1.009e-15	 1.0896e-15	 1.1191e-15	 6.4883e-16	 -8.06e-17	 -0.0384066
0.150249	 1.0331e-15	 1.1072e-15	 1.1416e-15	 6.5809e-16	 -7.41e-17	 -0.0346213
0.150816	 1.0723e-15	 1.135e-15	 1.1818e-15	 6.7779e-16	 -6.27e-17	 -0.0284057
0.151383	 1.1295e-15	 1.174e-15	 1.2345e-15	 7.0263e-16	 -4.45e-17	 -0.0193184
0.151949	 1.2007e-15	 1.2267e-15	 1.3032e-15	 7.3583e-16	 -2.6e-17	 -0.010711
0.152515	 1.2793e-15	 1.286e-15	 1.3844e-15	 7.6838e-16	 -6.7e-18	 -0.00261178
0.153081	 1.3349e-15	 1.3215e-15	 1.4384e-15	 7.8657e-16	 1.34e-17	 0.00504442
0.153646	 1.3669e-15	 1.3429e-15	 1.4765e-15	 7.97e-16	 2.4e-17	 0.00885674
0.15421	 1.3625e-15	 1.337e-15	 1.4756e-15	 7.8575e-16	 2.55e-17	 0.00944619
0.154774	 1.3176e-15	 1.2996e-15	 1.4387e-15	 7.6054e-16	 1.8e-17	 0.00687758
0.155338	 1.2479e-15	 1.2444e-15	 1.3761e-15	 7.2457e-16	 3.5e-18	 0.00140433
0.155901	 1.1473e-15	 1.1619e-15	 1.2769e-15	 6.7222e-16	 -1.46e-17	 -0.00632254
0.156463	 1.0494e-15	 1.0789e-15	 1.176e-15	 6.2389e-16	 -2.95e-17	 -0.0138608
0.157026	 9.632e-16	 1.0051e-15	 1.0838e-15	 5.8152e-16	 -4.19e-17	 -0.0212874
0.157587	 8.9735e-16	 9.4712e-16	 1.0129e-15	 5.5048e-16	 -4.977e-17	 -0.0269834
0.158148	 8.549e-16	 9.0459e-16	 9.6356e-16	 5.2745e-16	 -4.969e-17	 -0.0282411
0.158709	 8.1511e-16	 8.6054e-16	 9.1538e-16	 5.0235e-16	 -4.543e-17	 -0.0271119
0.159269	 7.8319e-16	 8.2457e-16	 8.7601e-16	 4.8091e-16	 -4.138e-17	 -0.0257377
0.159829	 7.4594e-16	 7.8647e-16	 8.3639e-16	 4.575e-16	 -4.053e-17	 -0.0264485
0.160388	 6.9735e-16	 7.4298e-16	 7.8524e-16	 4.2988e-16	 -4.563e-17	 -0.0316802
0.160947	 6.4012e-16	 6.9363e-16	 7.2812e-16	 3.9942e-16	 -5.351e-17	 -0.04012
0.161505	 5.7082e-16	 6.3105e-16	 6.5672e-16	 3.6415e-16	 -6.023e-17	 -0.0501136
0.162063	 5.0453e-16	 5.7389e-16	 5.8854e-16	 3.3133e-16	 -6.936e-17	 -0.0643163
0.16262	 4.5596e-16	 5.243e-16	 5.3126e-16	 3.0561e-16	 -6.834e-17	 -0.0697162
0.163177	 4.206e-16	 4.8893e-16	 4.8935e-16	 2.8729e-16	 -6.833e-17	 -0.0751267
0.163734	 4.054e-16	 4.6907e-16	 4.6917e-16	 2.797e-16	 -6.367e-17	 -0.0728098
0.164289	 4.0215e-16	 4.566e-16	 4.5922e-16	 2.7469e-16	 -5.445e-17	 -0.0634061
0.164845	 4.1133e-16	 4.5667e-16	 4.6588e-16	 2.7412e-16	 -4.534e-17	 -0.052235
0.165399	 4.2259e-16	 4.6074e-16	 4.7745e-16	 2.7401e-16	 -3.815e-17	 -0.0431888
0.165954	 4.286e-16	 4.6325e-16	 4.8836e-16	 2.7101e-16	 -3.465e-17	 -0.0388518
0.166508	 4.2673e-16	 4.6145e-16	 4.9246e-16	 2.6526e-16	 -3.472e-17	 -0.0390912
0.167061	 4.0964e-16	 4.4579e-16	 4.7912e-16	 2.5141e-16	 -3.615e-17	 -0.0422594
0.167614	 3.841e-16	 4.2217e-16	 4.5847e-16	 2.355e-16	 -3.807e-17	 -0.0472174
0.168166	 3.5406e-16	 3.9613e-16	 4.2978e-16	 2.1839e-16	 -4.207e-17	 -0.0560791
0.168718	 3.2379e-16	 3.6809e-16	 3.9936e-16	 2.017e-16	 -4.43e-17	 -0.0640284
0.169269	 2.9861e-16	 3.4444e-16	 3.7459e-16	 1.8861e-16	 -4.583e-17	 -0.0712697
0.16982	 2.7902e-16	 3.2352e-16	 3.5268e-16	 1.7822e-16	 -4.45e-17	 -0.073854
0.17037	 2.68e-16	 3.1088e-16	 3.4103e-16	 1.7089e-16	 -4.288e-17	 -0.0740741
0.170919	 2.5588e-16	 3.0236e-16	 3.3466e-16	 1.6509e-16	 -4.648e-17	 -0.0832617
0.171469	 2.5225e-16	 2.9551e-16	 3.3003e-16	 1.6017e-16	 -4.326e-17	 -0.0789762
0.172017	 2.4564e-16	 2.8657e-16	 3.2443e-16	 1.6162e-16	 -4.093e-17	 -0.0769057
0.172565	 2.3014e-16	 2.6906e-16	 3.0664e-16	 1.3798e-16	 -3.892e-17	 -0.0779647
0.173113	 2.0786e-16	 2.3836e-16	 2.8164e-16	 1.2499e-16	 -3.05e-17	 -0.0683519
0.17366	 1.7874e-16	 2.1011e-16	 2.4714e-16	 1.1016e-16	 -3.137e-17	 -0.0806738
0.174206	 1.4704e-16	 1.788e-16	 2.0902e-16	 9.5657e-17	 -3.176e-17	 -0.0974712
0.174752	 1.1695e-16	 1.5073e-16	 1.7133e-16	 8.278e-17	 -3.378e-17	 -0.126195
0.175298	 9.2453e-17	 1.2613e-16	 1.4942e-16	 7.2699e-17	 -3.3677e-17	 -0.15407
0.175843	 7.6627e-17	 1.0867e-16	 1.1129e-16	 6.6461e-17	 -3.2043e-17	 -0.172928
0.176387	 6.9263e-17	 9.8894e-17	 9.8474e-17	 6.378e-17	 -2.9631e-17	 -0.17621
0.176931	 6.8521e-17	 9.4765e-17	 9.4044e-17	 6.3242e-17	 -2.6244e-17	 -0.160724
0.177474	 7.1429e-17	 9.4119e-17	 9.4486e-17	 6.3527e-17	 -2.269e-17	 -0.13706
0.178017	 7.3384e-17	 9.3293e-17	 9.4989e-17	 6.3267e-17	 -1.9909e-17	 -0.119447
0.178559	 7.3214e-17	 9.0833e-17	 9.3817e-17	 6.1601e-17	 -1.7619e-17	 -0.107402
0.179101	 7.0218e-17	 8.6234e-17	 8.9749e-17	 5.9008e-17	 -1.6016e-17	 -0.10237
0.179642	 6.5606e-17	 8.0548e-17	 8.3759e-17	 5.5908e-17	 -1.4942e-17	 -0.102235
0.180183	 6.1183e-17	 7.5206e-17	 7.7937e-17	 5.3385e-17	 -1.4023e-17	 -0.102816
0.180723	 5.9412e-17	 7.1297e-17	 7.494e-17	 5.1544e-17	 -1.1885e-17	 -0.0909272
0.181262	 6.1994e-17	 7.1329e-17	 7.6214e-17	 5.1593e-17	 -9.335e-18	 -0.0700179
0.181801	 6.8484e-17	 7.447e-17	 8.2135e-17	 5.3083e-17	 -5.986e-18	 -0.0418736
0.18234	 7.6936e-17	 8.0099e-17	 9.1258e-17	 5.5312e-17	 -3.163e-18	 -0.020142
0.182878	 8.5208e-17	 8.632e-17	 1.0042e-16	 5.7163e-17	 -1.112e-18	 -0.00648291
0.183415	 9.0402e-17	 9.0231e-17	 1.0701e-16	 5.7862e-17	 1.71e-19	 0.000946671
0.183952	 9.043e-17	 9.0938e-17	 1.0929e-16	 5.6971e-17	 -5.08e-19	 -0.00280094
0.184488	 8.6206e-17	 8.8355e-17	 1.0578e-16	 5.4485e-17	 -2.149e-18	 -0.0123109
0.185023	 7.8107e-17	 8.2634e-17	 9.8048e-17	 5.1175e-17	 -4.527e-18	 -0.0281633
0.185559	 6.8723e-17	 7.5293e-17	 8.8454e-17	 4.7453e-17	 -6.57e-18	 -0.0456199
0.186093	 6.022e-17	 6.8294e-17	 7.8821e-17	 4.4355e-17	 -8.074e-18	 -0.0628258
0.186627	 6.6999e-17	 6.2892e-17	 7.2351e-17	 4.2509e-17	 4.107e-18	 0.0316188
0.18716	 5.4557e-17	 6.173e-17	 7.0388e-17	 4.2209e-17	 -7.173e-18	 -0.0616836
0.187693	 5.7627e-17	 6.3505e-17	 7.2918e-17	 4.3212e-17	 -5.878e-18	 -0.0485256
0.188225	 6.4039e-17	 6.7731e-17	 7.8999e-17	 4.5147e-17	 -3.692e-18	 -0.0280185
0.188757	 7.0639e-17	 7.2708e-17	 8.6355e-17	 4.7338e-17	 -2.069e-18	 -0.0144335
0.189288	 7.6299e-17	 7.7719e-17	 9.2892e-17	 4.8857e-17	 -1.42e-18	 -0.0092197
0.189818	 7.9759e-17	 8.112e-17	 9.7545e-17	 4.993e-17	 -1.361e-18	 -0.00845977
0.190348	 8.0883e-17	 8.3021e-17	 9.9803e-17	 5.0342e-17	 -2.138e-18	 -0.0130442
0.190878	 8.029e-17	 8.3663e-17	 9.9944e-17	 5.0097e-17	 -3.373e-18	 -0.020573
0.191406	 7.893e-17	 8.329e-17	 9.9117e-17	 4.9996e-17	 -4.36e-18	 -0.0268771
0.191934	 7.9798e-17	 8.3466e-17	 9.9883e-17	 5.0663e-17	 -3.668e-18	 -0.0224667
0.192462	 8.349e-17	 8.6521e-17	 1.0364e-16	 5.1841e-17	 -3.031e-18	 -0.0178283
0.192989	 9.1085e-17	 9.2412e-17	 1.1177e-16	 5.4287e-17	 -1.327e-18	 -0.00723173
0.193515	 1.0178e-16	 1.0054e-16	 1.2468e-16	 5.7964e-17	 1.24e-18	 0.0061289
0.194041	 1.2646e-16	 1.1116e-16	 1.3998e-16	 6.1717e-17	 1.53e-17	 0.0643885
0.194566	 1.2693e-16	 1.224e-16	 1.5713e-16	 6.4965e-17	 4.53e-18	 0.0181687
0.195091	 1.3976e-16	 1.3299e-16	 1.7343e-16	 6.7917e-17	 6.77e-18	 0.0248213
0.195615	 1.4843e-16	 1.4219e-16	 1.8686e-16	 6.9286e-17	 6.24e-18	 0.0214713
0.196138	 1.5295e-16	 1.4796e-16	 1.9522e-16	 6.9742e-17	 4.99e-18	 0.016583
0.196661	 1.5188e-16	 1.4931e-16	 1.9771e-16	 6.8495e-17	 2.57e-18	 0.00853282
0.197184	 1.4759e-16	 1.4782e-16	 1.9613e-16	 6.6912e-17	 -2.3e-19	 -0.000778579
0.197705	 1.4192e-16	 1.4492e-16	 1.9155e-16	 6.5066e-17	 -3e-18	 -0.0104588
0.198226	 1.3591e-16	 1.4137e-16	 1.8587e-16	 6.3395e-17	 -5.46e-18	 -0.0196913
0.198747	 1.32e-16	 1.3931e-16	 1.8218e-16	 6.2715e-17	 -7.31e-18	 -0.0269433
0.199266	 1.3053e-16	 1.3804e-16	 1.8055e-16	 6.225e-17	 -7.51e-18	 -0.0279629
0.199786	 1.3209e-16	 1.3925e-16	 1.8295e-16	 6.2695e-17	 -7.16e-18	 -0.0263876
0.200304	 1.3581e-16	 1.4237e-16	 1.877e-16	 6.3451e-17	 -6.56e-18	 -0.0235819
0.200822	 1.3996e-16	 1.4586e-16	 1.9361e-16	 6.3929e-17	 -5.9e-18	 -0.0206424
0.20134	 1.4313e-16	 1.4899e-16	 1.985e-16	 6.3987e-17	 -5.86e-18	 -0.0200602
0.201856	 1.4292e-16	 1.4847e-16	 1.9893e-16	 6.2825e-17	 -5.55e-18	 -0.0190466
0.202373	 1.394e-16	 1.4551e-16	 1.9498e-16	 6.131e-17	 -6.11e-18	 -0.0214454
0.202888	 1.3251e-16	 1.4044e-16	 1.8703e-16	 5.9033e-17	 -7.93e-18	 -0.0290529
0.203403	 1.2301e-16	 1.3249e-16	 1.757e-16	 5.6557e-17	 -9.48e-18	 -0.0371037
0.203917	 1.1345e-16	 1.2416e-16	 1.6339e-16	 5.4324e-17	 -1.071e-17	 -0.0450739
0.204431	 1.0468e-16	 1.1665e-16	 1.5126e-16	 5.2541e-17	 -1.197e-17	 -0.0540821
0.204944	 9.9064e-17	 1.1094e-16	 1.4261e-16	 5.1615e-17	 -1.1876e-17	 -0.0565513
0.205456	 9.7428e-17	 1.0822e-16	 1.385e-16	 5.1516e-17	 -1.0792e-17	 -0.052478
0.205968	 9.9223e-17	 1.0815e-16	 1.392e-16	 5.2009e-17	 -8.927e-18	 -0.043048
0.206479	 1.039e-16	 1.1044e-16	 1.428e-16	 5.2927e-17	 -6.54e-18	 -0.0305123
0.20699	 1.0888e-16	 1.1336e-16	 1.4807e-16	 5.3538e-17	 -4.48e-18	 -0.0201584
0.2075	 1.1323e-16	 1.157e-16	 1.5254e-16	 5.3617e-17	 -2.47e-18	 -0.0107893
0.208009	 1.1546e-16	 1.1659e-16	 1.5466e-16	 5.3267e-17	 -1.13e-18	 -0.00486964
0.208518	 1.1471e-16	 1.1573e-16	 1.5462e-16	 5.2205e-17	 -1.02e-18	 -0.00442631
0.209026	 1.111e-16	 1.1244e-16	 1.5019e-16	 5.0905e-17	 -1.34e-18	 -0.00599445
0.209533	 1.0497e-16	 1.0722e-16	 1.4325e-16	 4.8725e-17	 -2.25e-18	 -0.0106037
0.21004	 9.834e-17	 1.0145e-16	 1.3523e-16	 4.6793e-17	 -3.11e-18	 -0.0155663
0.210546	 9.2046e-17	 9.5775e-17	 1.27e-16	 4.5057e-17	 -3.729e-18	 -0.019854
0.211052	 8.7511e-17	 9.1198e-17	 1.2059e-16	 4.3888e-17	 -3.687e-18	 -0.0206313
0.211556	 8.4975e-17	 8.8613e-17	 1.1698e-16	 4.3009e-17	 -3.638e-18	 -0.0209577
0.212061	 8.3902e-17	 8.6126e-17	 1.1506e-16	 4.2132e-17	 -2.224e-18	 -0.0130802
0.212564	 8.3973e-17	 8.5606e-17	 1.1518e-16	 4.1469e-17	 -1.633e-18	 -0.00962973
0.213067	 8.4523e-17	 8.512e-17	 1.1531e-16	 4.0852e-17	 -5.97e-19	 -0.00351915
0.213569	 8.391e-17	 8.4544e-17	 1.1545e-16	 3.9847e-17	 -6.34e-19	 -0.00376364
0.214071	 8.2091e-17	 8.2526e-17	 1.1314e-16	 6.4629e-17	 -4.35e-19	 -0.0026425
0.214572	 7.7631e-17	 7.8791e-17	 1.0828e-16	 3.6818e-17	 -1.16e-18	 -0.00741584
0.215072	 7.1725e-17	 7.3604e-17	 1.0127e-16	 3.488e-17	 -1.879e-18	 -0.0129293
0.215572	 6.4456e-17	 6.756e-17	 9.252e-17	 3.2932e-17	 -3.104e-18	 -0.0235123
0.216071	 5.6523e-17	 6.0927e-17	 8.2747e-17	 3.0985e-17	 -4.404e-18	 -0.0374968
0.216569	 4.925e-17	 6.571e-17	 7.2942e-17	 2.9428e-17	 -1.646e-17	 -0.14318
0.217066	 4.2741e-17	 4.8413e-17	 6.4198e-17	 2.7958e-17	 -5.672e-18	 -0.0622244
0.217563	 3.7769e-17	 4.353e-17	 5.6899e-17	 2.7079e-17	 -5.761e-18	 -0.0708619
0.21806	 3.4611e-17	 4.009e-17	 5.1954e-17	 2.6411e-17	 -5.479e-18	 -0.0733457
0.218555	 3.2667e-17	 3.7961e-17	 4.8711e-17	 2.596e-17	 -5.294e-18	 -0.0749561
0.21905	 3.187e-17	 3.6628e-17	 4.7125e-17	 2.5575e-17	 -4.758e-18	 -0.0694619
0.219545	 3.1366e-17	 3.569e-17	 4.5811e-17	 2.5152e-17	 -4.324e-18	 -0.0644834
0.220038	 3.0774e-17	 3.4539e-17	 4.452e-17	 2.4698e-17	 -3.765e-18	 -0.0576455
0.220531	 2.9778e-17	 3.3429e-17	 4.3249e-17	 2.3664e-17	 -3.651e-18	 -0.0577626
0.221024	 2.8275e-17	 3.1662e-17	 4.1207e-17	 2.3137e-17	 -3.387e-18	 -0.0565093
0.221515	 3.8774e-17	 2.9665e-17	 5.6014e-17	 2.2638e-17	 9.109e-18	 0.133097
0.222006	 2.4205e-17	 2.7246e-17	 3.5286e-17	 2.1838e-17	 -3.041e-18	 -0.0591048
0.222497	 2.2304e-17	 2.5254e-17	 3.2417e-17	 2.1616e-17	 -2.95e-18	 -0.0620295
0.222986	 2.0897e-17	 2.3561e-17	 3.0023e-17	 2.1269e-17	 -2.664e-18	 -0.0599217
0.223475	 2.0255e-17	 2.2502e-17	 2.8956e-17	 2.1109e-17	 -2.247e-18	 -0.0525528
0.223963	 2.0671e-17	 2.2596e-17	 2.8912e-17	 2.1084e-17	 -1.925e-18	 -0.0444912
0.224451	 2.156e-17	 2.2737e-17	 2.9731e-17	 2.1096e-17	 -1.177e-18	 -0.0265706
0.224938	 2.2968e-17	 2.3526e-17	 3.1544e-17	 2.1037e-17	 -5.58e-19	 -0.0120015
0.225424	 2.4349e-17	 2.4422e-17	 3.3242e-17	 2.094e-17	 -7.3e-20	 -0.00149679
0.22591	 2.5286e-17	 2.5094e-17	 3.4616e-17	 2.0839e-17	 1.92e-19	 0.00381104
0.226394	 2.5557e-17	 2.5256e-17	 3.5146e-17	 2.0551e-17	 3.01e-19	 0.00592368
0.226879	 2.4974e-17	 2.4856e-17	 3.4808e-17	 2.0125e-17	 1.18e-19	 0.00236805
0.227362	 2.3869e-17	 2.3832e-17	 3.347e-17	 1.9751e-17	 3.7e-20	 0.000775665
0.227845	 2.2283e-17	 2.2705e-17	 3.1605e-17	 1.9465e-17	 -4.22e-19	 -0.00938028
0.228327	 2.0624e-17	 2.1264e-17	 2.95e-17	 1.9075e-17	 -6.4e-19	 -0.0152788
0.228808	 1.9241e-17	 2.0105e-17	 2.7615e-17	 1.8806e-17	 -8.64e-19	 -0.021959
0.229289	 1.8358e-17	 1.9272e-17	 2.6311e-17	 1.879e-17	 -9.14e-19	 -0.0242891
0.229769	 1.803e-17	 1.8771e-17	 2.5911e-17	 1.8662e-17	 -7.41e-19	 -0.0201353
0.230248	 1.815e-17	 1.8696e-17	 2.5932e-17	 1.8618e-17	 -5.46e-19	 -0.0148184
0.230727	 1.8575e-17	 1.8876e-17	 2.6309e-17	 1.8609e-17	 -3.01e-19	 -0.00803717
0.231204	 1.9173e-17	 1.9245e-17	 2.7082e-17	 1.8403e-17	 -7.2e-20	 -0.00187412
0.231682	 1.9437e-17	 1.9535e-17	 2.7374e-17	 1.8452e-17	 -9.8e-20	 -0.00251463
0.232158	 1.9483e-17	 1.9478e-17	 2.7438e-17	 1.8313e-17	 5e-21	 0.000128333
0.232634	 1.9147e-17	 1.926e-17	 2.7099e-17	 1.8291e-17	 -1.13e-19	 -0.00294217
0.233109	 1.8605e-17	 1.8827e-17	 2.6437e-17	 1.8207e-17	 -2.22e-19	 -0.00593075
0.233583	 1.8211e-17	 1.8424e-17	 2.5931e-17	 1.8159e-17	 -2.13e-19	 -0.00581411
0.234057	 1.8037e-17	 1.8243e-17	 2.5454e-17	 1.8188e-17	 -2.06e-19	 -0.00567806
0.23453	 1.8447e-17	 1.8319e-17	 2.589e-17	 1.8214e-17	 1.28e-19	 0.00348148
0.235002	 1.9443e-17	 1.9068e-17	 2.6997e-17	 1.8344e-17	 3.75e-19	 0.00973748
0.235473	 2.1155e-17	 2.0163e-17	 2.9243e-17	 1.8446e-17	 9.92e-19	 0.0240089
0.235944	 2.3335e-17	 2.1753e-17	 3.1756e-17	 1.855e-17	 1.582e-18	 0.0350869
0.236414	 2.5538e-17	 2.3512e-17	 3.4956e-17	 1.8751e-17	 2.026e-18	 0.0413048
0.236883	 2.7754e-17	 2.5197e-17	 3.781e-17	 1.8867e-17	 2.557e-18	 0.0482899
0.237352	 2.9549e-17	 2.6705e-17	 4.0241e-17	 1.8869e-17	 2.844e-18	 0.0505564
0.23782	 3.0858e-17	 2.7825e-17	 4.214e-17	 1.9075e-17	 3.033e-18	 0.0516845
0.238287	 3.1272e-17	 2.8461e-17	 4.3223e-17	 1.9008e-17	 2.811e-18	 0.0470594
0.238754	 3.1035e-17	 2.8661e-17	 4.3306e-17	 1.895e-17	 2.374e-18	 0.0397682
0.239219	 3.0648e-17	 2.8594e-17	 4.2991e-17	 1.8899e-17	 2.054e-18	 0.0346713
0.239684	 3.0019e-17	 2.8296e-17	 4.2387e-17	 1.8853e-17	 1.723e-18	 0.0295464
0.240148	 2.9626e-17	 2.8214e-17	 4.2094e-17	 1.8921e-17	 1.412e-18	 0.0244122
0.240612	 2.9498e-17	 2.8302e-17	 4.2204e-17	 1.9016e-17	 1.196e-18	 0.020692
0.241075	 2.9908e-17	 2.8751e-17	 4.2642e-17	 1.9e-17	 1.157e-18	 0.0197242
0.241537	 3.0645e-17	 2.9223e-17	 4.3847e-17	 1.9119e-17	 1.422e-18	 0.0237523
0.241998	 3.1739e-17	 3.0137e-17	 4.5029e-17	 1.9093e-17	 1.602e-18	 0.0258905
0.242459	 3.2746e-17	 3.1103e-17	 4.6903e-17	 1.9223e-17	 1.643e-18	 0.0257326
0.242918	 3.3712e-17	 3.19e-17	 4.8286e-17	 1.9183e-17	 1.812e-18	 0.0276169
0.243377	 3.4138e-17	 3.2408e-17	 4.8994e-17	 1.9288e-17	 1.73e-18	 0.0259971
0.243836	 3.4146e-17	 3.2504e-17	 4.9231e-17	 1.9281e-17	 1.642e-18	 0.0246362
0.244293	 3.3518e-17	 3.2159e-17	 4.8401e-17	 1.9277e-17	 1.359e-18	 0.0206922
0.24475	 3.2285e-17	 3.1614e-17	 4.7056e-17	 1.9132e-17	 6.71e-19	 0.0105009
0.245206	 3.0996e-17	 3.0453e-17	 4.5395e-17	 1.9155e-17	 5.43e-19	 0.0088366
0.245662	 2.9327e-17	 2.9316e-17	 4.3186e-17	 1.9147e-17	 1.1e-20	 0.000187576
0.246116	 2.789e-17	 2.8047e-17	 4.1137e-17	 1.9111e-17	 -1.57e-19	 -0.00280673
0.24657	 2.695e-17	 2.7289e-17	 3.9652e-17	 1.92e-17	 -3.39e-19	 -0.00625012
0.247023	 2.6397e-17	 2.6855e-17	 3.9144e-17	 1.9114e-17	 -4.58e-19	 -0.00860062
0.247476	 2.6328e-17	 2.6759e-17	 3.8945e-17	 1.916e-17	 -4.31e-19	 -0.00811875
0.247927	 2.7005e-17	 2.7074e-17	 3.9443e-17	 1.9223e-17	 -6.9e-20	 -0.00127591
0.248378	 2.7843e-17	 2.7764e-17	 4.0678e-17	 1.9371e-17	 7.9e-20	 0.00142068
0.248828	 2.8898e-17	 2.8521e-17	 4.1817e-17	 1.9334e-17	 3.77e-19	 0.00656577
0.249278	 2.9873e-17	 2.9294e-17	 4.3379e-17	 1.9322e-17	 5.79e-19	 0.00978586
0.249726	 3.0785e-17	 2.9859e-17	 4.4594e-17	 1.9303e-17	 9.26e-19	 0.0152694
0.250174	 3.1074e-17	 3.0176e-17	 4.5039e-17	 1.922e-17	 8.98e-19	 0.0146612
0.250621	 3.1065e-17	 3.0225e-17	 4.5055e-17	 1.9204e-17	 8.4e-19	 0.0137053
0.251067	 3.0717e-17	 2.9899e-17	 4.4515e-17	 1.9214e-17	 8.18e-19	 0.0134948
0.251513	 3.0126e-17	 2.951e-17	 4.4002e-17	 1.9088e-17	 6.16e-19	 0.0103293
0.251958	 2.9625e-17	 2.91e-17	 4.3361e-17	 1.9097e-17	 5.25e-19	 0.00893997
0.252402	 2.9159e-17	 2.8722e-17	 4.2649e-17	 1.9069e-17	 4.37e-19	 0.00754997
0.252845	 2.8892e-17	 2.8455e-17	 4.2419e-17	 1.9029e-17	 4.37e-19	 0.00762028
0.253287	 2.9277e-17	 2.8679e-17	 4.2669e-17	 1.9015e-17	 5.98e-19	 0.0103182
0.253729	 2.9667e-17	 2.9103e-17	 4.355e-17	 1.8906e-17	 5.64e-19	 0.00959673
0.25417	 3.0509e-17	 2.9666e-17	 4.4554e-17	 1.9022e-17	 8.43e-19	 0.0140091
0.25461	 3.1461e-17	 3.0192e-17	 4.5713e-17	 1.8816e-17	 1.269e-18	 0.0205829
0.255049	 3.2369e-17	 3.077e-17	 4.727e-17	 1.8834e-17	 1.599e-18	 0.0253251
0.255488	 3.3056e-17	 3.1302e-17	 4.7959e-17	 1.8842e-17	 1.754e-18	 0.0272538
0.255926	 3.3234e-17	 3.148e-17	 4.8349e-17	 1.8737e-17	 1.754e-18	 0.0271039
0.256363	 3.3124e-17	 3.1399e-17	 4.8186e-17	 1.872e-17	 1.725e-18	 0.0267347
0.256799	 3.2455e-17	 3.0863e-17	 4.7063e-17	 1.8642e-17	 1.592e-18	 0.0251429
0.257235	 3.1393e-17	 2.9936e-17	 4.5729e-17	 1.871e-17	 1.457e-18	 0.0237571
0.257669	 2.9924e-17	 2.8925e-17	 4.3775e-17	 1.8571e-17	 9.99e-19	 0.0169756
0.258103	 2.842e-17	 2.7846e-17	 4.1514e-17	 1.8586e-17	 5.74e-19	 0.0102015
0.258536	 2.6829e-17	 2.6413e-17	 3.953e-17	 1.8474e-17	 4.16e-19	 0.00781338
0.258969	 2.5489e-17	 2.5305e-17	 3.7426e-17	 1.8469e-17	 1.84e-19	 0.00362248
0.2594	 2.4352e-17	 2.4195e-17	 3.576e-17	 1.8365e-17	 1.57e-19	 0.00323398
0.259831	 2.353e-17	 2.3484e-17	 3.4274e-17	 1.838e-17	 4.6e-20	 0.000978432
0.260261	 2.285e-17	 2.2965e-17	 3.3391e-17	 1.826e-17	 -1.15e-19	 -0.00251009
0.26069	 2.2563e-17	 2.2453e-17	 3.2908e-17	 1.8275e-17	 1.1e-19	 0.00244358
0.261118	 2.2299e-17	 2.2075e-17	 3.2337e-17	 1.8168e-17	 2.24e-19	 0.005048
0.261546	 2.2058e-17	 2.1851e-17	 3.1786e-17	 1.8131e-17	 2.07e-19	 0.0047143
0.261973	 2.1714e-17	 2.1442e-17	 3.1382e-17	 1.8026e-17	 2.72e-19	 0.00630272
0.262399	 2.1328e-17	 2.1008e-17	 3.0554e-17	 1.7954e-17	 3.2e-19	 0.00755858
0.262824	 2.0684e-17	 2.037e-17	 2.9645e-17	 1.7947e-17	 3.14e-19	 0.00764846
0.263248	 1.9819e-17	 1.9793e-17	 2.8294e-17	 1.7919e-17	 2.6e-20	 0.000656367
0.263672	 1.9012e-17	 1.8939e-17	 2.7126e-17	 1.7825e-17	 7.3e-20	 0.00192353
0.264094	 1.8121e-17	 1.8211e-17	 2.5797e-17	 1.7877e-17	 -9e-20	 -0.00247716
0.264516	 1.7392e-17	 1.7554e-17	 2.4739e-17	 1.7779e-17	 -1.62e-19	 -0.00463572
0.264938	 1.681e-17	 1.6959e-17	 2.3933e-17	 1.7785e-17	 -1.49e-19	 -0.00441233
0.265358	 1.6466e-17	 1.6459e-17	 2.3108e-17	 1.7673e-17	 7e-21	 0.000212604
0.265778	 1.6146e-17	 1.623e-17	 2.2859e-17	 1.768e-17	 -8.4e-20	 -0.00259451
0.266196	 1.6124e-17	 1.6048e-17	 2.2782e-17	 1.7611e-17	 7.6e-20	 0.0023623
0.266614	 1.6309e-17	 1.615e-17	 2.2979e-17	 1.751e-17	 1.59e-19	 0.00489849
0.267031	 1.6573e-17	 1.622e-17	 2.3244e-17	 1.7412e-17	 3.53e-19	 0.0107645
0.267448	 1.6728e-17	 1.6405e-17	 2.3447e-17	 1.7396e-17	 3.23e-19	 0.00974859
0.267863	 1.6848e-17	 1.6555e-17	 2.3689e-17	 1.7351e-17	 2.93e-19	 0.00877167
0.268278	 1.6983e-17	 1.6533e-17	 2.373e-17	 1.7205e-17	 4.5e-19	 0.0134264
0.268692	 1.6999e-17	 1.6569e-17	 2.3711e-17	 1.7363e-17	 4.3e-19	 0.0128098
0.269105	 1.6787e-17	 1.6283e-17	 2.3586e-17	 1.7263e-17	 5.04e-19	 0.0152404
0.269517	 1.6497e-17	 1.5995e-17	 2.309e-17	 1.7291e-17	 5.02e-19	 0.01545
0.269928	 1.6059e-17	 1.5733e-17	 2.2586e-17	 1.7402e-17	 3.26e-19	 0.0102542
0.270339	 1.574e-17	 1.5469e-17	 2.21e-17	 1.7355e-17	 2.71e-19	 0.00868339
0.270749	 1.536e-17	 1.509e-17	 2.1638e-17	 1.7279e-17	 2.7e-19	 0.008867
0.271157	 1.5084e-17	 1.4855e-17	 2.1316e-17	 1.724e-17	 2.29e-19	 0.00764889
0.271566	 1.4856e-17	 1.4639e-17	 2.0984e-17	 1.7189e-17	 2.17e-19	 0.00735718
0.271973	 1.4821e-17	 1.456e-17	 2.0892e-17	 1.7167e-17	 2.61e-19	 0.00888329
0.272379	 1.4745e-17	 1.4521e-17	 2.0754e-17	 1.7112e-17	 2.24e-19	 0.00765393
0.272785	 1.4766e-17	 1.4656e-17	 2.0914e-17	 1.7136e-17	 1.1e-19	 0.0037387
0.27319	 1.4765e-17	 1.4578e-17	 2.0927e-17	 1.7082e-17	 1.87e-19	 0.0063729
0.273594	 1.4901e-17	 1.4573e-17	 2.0822e-17	 1.7016e-17	 3.28e-19	 0.0111285
0.273997	 1.482e-17	 1.4513e-17	 2.0756e-17	 1.7045e-17	 3.07e-19	 0.010466
0.274399	 1.4633e-17	 1.4436e-17	 2.0526e-17	 1.6964e-17	 1.97e-19	 0.00677698
0.2748	 1.4594e-17	 1.4318e-17	 2.041e-17	 1.7017e-17	 2.76e-19	 0.00954621
0.275201	 1.4336e-17	 1.4143e-17	 2.0014e-17	 1.7008e-17	 1.93e-19	 0.00677692
0.275601	 1.4109e-17	 1.3965e-17	 1.9695e-17	 1.7088e-17	 1.44e-19	 0.0051293
0.276	 1.3962e-17	 1.3792e-17	 1.949e-17	 1.706e-17	 1.7e-19	 0.00612524
0.276398	 1.3727e-17	 1.3584e-17	 1.9255e-17	 1.7082e-17	 1.43e-19	 0.00523599
0.276795	 1.3632e-17	 1.3456e-17	 1.8966e-17	 1.7107e-17	 1.76e-19	 0.00649734
0.277191	 1.3582e-17	 1.3393e-17	 1.9011e-17	 1.7114e-17	 1.89e-19	 0.00700649
0.277587	 1.3591e-17	 1.341e-17	 1.902e-17	 1.7058e-17	 1.81e-19	 0.00670346
0.277982	 1.3715e-17	 1.3483e-17	 1.9314e-17	 1.6977e-17	 2.32e-19	 0.00853004
0.278376	 1.4104e-17	 1.3658e-17	 1.9557e-17	 1.7008e-17	 4.46e-19	 0.0160651
0.278769	 1.4392e-17	 1.3861e-17	 1.9911e-17	 1.6904e-17	 5.31e-19	 0.0187945
0.279161	 1.4584e-17	 1.4047e-17	 2.0452e-17	 1.697e-17	 5.37e-19	 0.0187559
0.279552	 1.5196e-17	 1.4387e-17	 2.0765e-17	 1.6958e-17	 8.09e-19	 0.0273468
0.279942	 1.5593e-17	 1.4514e-17	 2.1014e-17	 1.7018e-17	 1.079e-18	 0.0358388
0.280332	 1.5868e-17	 1.462e-17	 2.1277e-17	 1.7031e-17	 1.248e-18	 0.0409341
0.280721	 1.6255e-17	 1.4859e-17	 2.1556e-17	 1.7161e-17	 1.396e-18	 0.0448673
0.281109	 1.6488e-17	 1.4934e-17	 2.1716e-17	 1.7066e-17	 1.554e-18	 0.0494558
0.281496	 1.6707e-17	 1.5042e-17	 2.1855e-17	 1.7068e-17	 1.665e-18	 0.0524426
0.281882	 1.6883e-17	 1.4969e-17	 2.191e-17	 1.6945e-17	 1.914e-18	 0.0600904
0.282267	 1.698e-17	 1.5189e-17	 2.2317e-17	 1.7059e-17	 1.791e-18	 0.0556747
0.282652	 1.7291e-17	 1.548e-17	 2.2899e-17	 1.7054e-17	 1.811e-18	 0.0552623
0.283035	 1.7534e-17	 1.5941e-17	 2.3725e-17	 1.7005e-17	 1.593e-18	 0.0475878
0.283418	 1.7934e-17	 1.6552e-17	 2.4492e-17	 1.7108e-17	 1.382e-18	 0.0400742
0.2838	 1.8514e-17	 1.7456e-17	 2.5641e-17	 1.7146e-17	 1.058e-18	 0.0294134
0.284181	 1.9029e-17	 1.8657e-17	 2.7791e-17	 1.7087e-17	 3.72e-19	 0.00987104
0.284561	 1.954e-17	 1.9766e-17	 3.0184e-17	 1.7186e-17	 -2.26e-19	 -0.00574976
0.28494	 2.0044e-17	 2.0279e-17	 3.1332e-17	 1.724e-17	 -2.35e-19	 -0.00582794
0.285319	 2.0352e-17	 2.0692e-17	 3.2101e-17	 1.7325e-17	 -3.4e-19	 -0.00828379
0.285696	 2.0521e-17	 2.0885e-17	 3.2293e-17	 1.7313e-17	 -3.64e-19	 -0.008791
0.286073	 2.0556e-17	 2.1049e-17	 3.2653e-17	 1.7486e-17	 -4.93e-19	 -0.0118495
0.286449	 2.0497e-17	 2.0956e-17	 3.2318e-17	 1.7415e-17	 -4.59e-19	 -0.0110728
0.286824	 2.0236e-17	 2.0786e-17	 3.1864e-17	 1.739e-17	 -5.5e-19	 -0.0134074
0.287198	 1.9851e-17	 2.0469e-17	 3.1318e-17	 1.7482e-17	 -6.18e-19	 -0.0153274
0.287571	 1.9482e-17	 2.0033e-17	 3.0542e-17	 1.7353e-17	 -5.51e-19	 -0.0139441
0.287943	 1.9093e-17	 1.9727e-17	 2.9874e-17	 1.753e-17	 -6.34e-19	 -0.0163318
0.288315	 1.8775e-17	 1.9516e-17	 2.915e-17	 1.7452e-17	 -7.41e-19	 -0.0193518
0.288685	 1.8542e-17	 1.9156e-17	 2.8726e-17	 1.7514e-17	 -6.14e-19	 -0.0162873
0.289055	 1.8484e-17	 1.8984e-17	 2.849e-17	 1.7434e-17	 -5e-19	 -0.0133447
0.289424	 1.8538e-17	 1.9038e-17	 2.871e-17	 1.7538e-17	 -5e-19	 -0.0133064
0.289792	 1.8527e-17	 1.9093e-17	 2.8737e-17	 1.7567e-17	 -5.66e-19	 -0.0150452
0.290159	 1.8757e-17	 1.9268e-17	 2.9183e-17	 1.759e-17	 -5.11e-19	 -0.0134385
0.290525	 1.8944e-17	 1.9706e-17	 2.957e-17	 1.7804e-17	 -7.62e-19	 -0.0197154
0.29089	 1.9226e-17	 1.9894e-17	 3.0273e-17	 1.816e-17	 -6.68e-19	 -0.0170757
0.291255	 1.9498e-17	 2.009e-17	 3.0578e-17	 1.8203e-17	 -5.92e-19	 -0.014954
0.291618	 1.9697e-17	 2.0265e-17	 3.0879e-17	 1.8364e-17	 -5.68e-19	 -0.0142135
0.291981	 1.9845e-17	 2.0532e-17	 3.1246e-17	 1.8361e-17	 -6.87e-19	 -0.0170146
0.292342	 1.9904e-17	 2.0541e-17	 3.1093e-17	 1.844e-17	 -6.37e-19	 -0.0157498
0.292703	 1.9776e-17	 2.0425e-17	 3.112e-17	 1.8447e-17	 -6.49e-19	 -0.0161439
0.293063	 1.9749e-17	 2.0325e-17	 3.0768e-17	 1.8481e-17	 -5.76e-19	 -0.0143734
0.293422	 1.9582e-17	 2.02e-17	 3.0582e-17	 1.8482e-17	 -6.18e-19	 -0.0155347
0.29378	 1.9411e-17	 2.0068e-17	 3.0362e-17	 1.8456e-17	 -6.57e-19	 -0.0166418
0.294138	 1.9416e-17	 1.993e-17	 3.0123e-17	 1.8298e-17	 -5.14e-19	 -0.0130636
0.294494	 1.9262e-17	 1.988e-17	 3.0105e-17	 1.839e-17	 -6.18e-19	 -0.0157887
0.294849	 1.9316e-17	 1.9986e-17	 3.0228e-17	 1.8481e-17	 -6.7e-19	 -0.0170475
0.295204	 1.9526e-17	 2.0144e-17	 3.0535e-17	 1.8452e-17	 -6.18e-19	 -0.0155785
0.295558	 1.9873e-17	 2.0467e-17	 3.0976e-17	 1.8527e-17	 -5.94e-19	 -0.0147248
0.29591	 2.0389e-17	 2.0803e-17	 3.1814e-17	 1.8551e-17	 -4.14e-19	 -0.0100505
0.296262	 2.0811e-17	 2.1272e-17	 3.254e-17	 1.8547e-17	 -4.61e-19	 -0.0109545
0.296613	 2.1208e-17	 2.1785e-17	 3.3247e-17	 1.8594e-17	 -5.77e-19	 -0.0134208
0.296963	 2.1703e-17	 2.2285e-17	 3.4061e-17	 1.8755e-17	 -5.82e-19	 -0.0132309
0.297312	 2.2141e-17	 2.2741e-17	 3.4896e-17	 1.8783e-17	 -6e-19	 -0.0133684
0.297661	 2.2416e-17	 2.3054e-17	 3.5323e-17	 1.8998e-17	 -6.38e-19	 -0.0140312
0.298008	 2.2705e-17	 2.3257e-17	 3.5564e-17	 1.9147e-17	 -5.52e-19	 -0.0120099
0.298354	 2.2674e-17	 2.3479e-17	 3.552e-17	 1.923e-17	 -8.05e-19	 -0.017442
0.2987	 2.2611e-17	 2.3367e-17	 3.5518e-17	 1.9206e-17	 -7.56e-19	 -0.0164426
0.299044	 2.2468e-17	 2.3164e-17	 3.5129e-17	 1.9286e-17	 -6.96e-19	 -0.0152525
0.299388	 2.2077e-17	 2.2911e-17	 3.4573e-17	 1.9266e-17	 -8.34e-19	 -0.0185383
0.299731	 2.1963e-17	 2.2567e-17	 3.4071e-17	 1.9416e-17	 -6.04e-19	 -0.0135639
0.300073	 2.1435e-17	 2.2194e-17	 3.3238e-17	 1.9249e-17	 -7.59e-19	 -0.0173967
0.300414	 2.1059e-17	 2.1792e-17	 3.2695e-17	 1.9193e-17	 -7.33e-19	 -0.0171058
0.300754	 2.0635e-17	 2.1456e-17	 3.189e-17	 1.9118e-17	 -8.21e-19	 -0.0195054
0.301093	 2.0415e-17	 2.1138e-17	 3.1306e-17	 1.9058e-17	 -7.23e-19	 -0.0173995
0.301431	 2.0225e-17	 2.0875e-17	 3.0854e-17	 1.9087e-17	 -6.5e-19	 -0.0158151
0.301768	 1.9992e-17	 2.0657e-17	 3.062e-17	 1.9024e-17	 -6.65e-19	 -0.0163596
0.302105	 1.9925e-17	 2.0451e-17	 3.0552e-17	 1.9124e-17	 -5.26e-19	 -0.0130275
0.30244	 1.9901e-17	 2.0381e-17	 3.0401e-17	 1.8988e-17	 -4.8e-19	 -0.011916
0.302775	 1.9831e-17	 2.0464e-17	 3.0335e-17	 1.9072e-17	 -6.33e-19	 -0.0157091
0.303108	 1.9808e-17	 2.0408e-17	 3.033e-17	 1.9048e-17	 -6e-19	 -0.0149194
0.303441	 1.9762e-17	 2.0378e-17	 3.0112e-17	 1.9021e-17	 -6.16e-19	 -0.0153463
0.303773	 1.97e-17	 2.0252e-17	 2.9897e-17	 1.9082e-17	 -5.52e-19	 -0.0138166
0.304104	 1.9573e-17	 2.0118e-17	 2.9775e-17	 1.9116e-17	 -5.45e-19	 -0.0137311
0.304434	 1.9405e-17	 1.9897e-17	 2.9383e-17	 1.919e-17	 -4.92e-19	 -0.0125184
0.304763	 1.9019e-17	 1.958e-17	 2.8872e-17	 1.9133e-17	 -5.61e-19	 -0.0145341
0.305091	 1.8857e-17	 1.9272e-17	 2.8263e-17	 1.9051e-17	 -4.15e-19	 -0.0108841
0.305418	 1.8453e-17	 1.8925e-17	 2.7518e-17	 1.8963e-17	 -4.72e-19	 -0.0126277
0.305744	 1.804e-17	 1.8516e-17	 2.6901e-17	 1.8875e-17	 -4.76e-19	 -0.0130211
0.306069	 1.7646e-17	 1.8125e-17	 2.6233e-17	 1.8659e-17	 -4.79e-19	 -0.0133907
0.306394	 1.714e-17	 1.7639e-17	 2.5381e-17	 1.8686e-17	 -4.99e-19	 -0.0143477
0.306717	 1.6819e-17	 1.7264e-17	 2.4841e-17	 1.8398e-17	 -4.45e-19	 -0.0130564
0.307039	 1.6504e-17	 1.6897e-17	 2.4345e-17	 1.8364e-17	 -3.93e-19	 -0.0117661
0.307361	 1.6356e-17	 1.6619e-17	 2.4013e-17	 1.8227e-17	 -2.63e-19	 -0.00797574
0.307681	 1.6152e-17	 1.6466e-17	 2.3628e-17	 1.8233e-17	 -3.14e-19	 -0.00962659
0.308001	 1.6095e-17	 1.6438e-17	 2.3568e-17	 1.8249e-17	 -3.43e-19	 -0.0105431
0.30832	 1.6077e-17	 1.6367e-17	 2.3509e-17	 1.8169e-17	 -2.9e-19	 -0.00893848
0.308638	 1.6105e-17	 1.6302e-17	 2.3611e-17	 1.8105e-17	 -1.97e-19	 -0.00607893
0.308954	 1.6236e-17	 1.6454e-17	 2.3627e-17	 1.8048e-17	 -2.18e-19	 -0.00666871
0.30927	 1.6235e-17	 1.6439e-17	 2.3821e-17	 1.8164e-17	 -2.04e-19	 -0.0062435
0.309585	 1.631e-17	 1.6505e-17	 2.392e-17	 1.8106e-17	 -1.95e-19	 -0.0059424
0.309899	 1.6419e-17	 1.6606e-17	 2.4121e-17	 1.8154e-17	 -1.87e-19	 -0.00566238
0.310212	 1.6465e-17	 1.6636e-17	 2.4127e-17	 1.8157e-17	 -1.71e-19	 -0.00516601
0.310524	 1.649e-17	 1.6575e-17	 2.4145e-17	 1.8059e-17	 -8.5e-20	 -0.00257069
0.310836	 1.6406e-17	 1.659e-17	 2.4069e-17	 1.8161e-17	 -1.84e-19	 -0.00557643
0.311146	 1.6349e-17	 1.64e-17	 2.3908e-17	 1.8189e-17	 -5.1e-20	 -0.0015573
0.311455	 1.6114e-17	 1.6335e-17	 2.3528e-17	 1.8165e-17	 -2.21e-19	 -0.00681069
0.311763	 1.6059e-17	 1.6174e-17	 2.3325e-17	 1.8059e-17	 -1.15e-19	 -0.00356777
0.312071	 1.5895e-17	 1.5978e-17	 2.3077e-17	 1.7915e-17	 -8.3e-20	 -0.00260408
0.312377	 1.5724e-17	 1.5879e-17	 2.2748e-17	 1.7927e-17	 -1.55e-19	 -0.0049046
0.312683	 1.5534e-17	 1.5632e-17	 2.2553e-17	 1.7952e-17	 -9.8e-20	 -0.00314445
0.312987	 1.5449e-17	 1.5486e-17	 2.2296e-17	 1.7845e-17	 -3.7e-20	 -0.00119606
0.313291	 1.5219e-17	 1.5365e-17	 2.2141e-17	 1.7964e-17	 -1.46e-19	 -0.00477374
0.313593	 1.5174e-17	 1.5367e-17	 2.1999e-17	 1.7872e-17	 -1.93e-19	 -0.00631937
0.313895	 1.5186e-17	 1.5313e-17	 2.1833e-17	 1.768e-17	 -1.27e-19	 -0.00416407
0.314196	 1.5149e-17	 1.5229e-17	 2.1841e-17	 1.7776e-17	 -8e-20	 -0.00263348
0.314496	 1.5208e-17	 1.5238e-17	 2.1809e-17	 1.7829e-17	 -3e-20	 -0.000985351
0.314794	 1.5237e-17	 1.5305e-17	 2.1848e-17	 1.782e-17	 -6.8e-20	 -0.00222644
0.315092	 1.5262e-17	 1.5298e-17	 2.1853e-17	 1.7728e-17	 -3.6e-20	 -0.00117801
0.315389	 1.5206e-17	 1.5197e-17	 2.2022e-17	 1.7756e-17	 9e-21	 0.000296023
0.315685	 1.5328e-17	 1.5275e-17	 2.1959e-17	 1.7876e-17	 5.3e-20	 0.00173186
0.31598	 1.5339e-17	 1.5371e-17	 2.188e-17	 1.7766e-17	 -3.2e-20	 -0.00104201
0.316274	 1.5174e-17	 1.5321e-17	 2.1862e-17	 1.7794e-17	 -1.47e-19	 -0.00482046
