Q 	 ICP 	  ICN 	 ILH 	 ILV 	 IXMCDR  
5.34655e-07	 3.4474e-11	 3.6234e-11	 3.5467e-11	 3.7193e-11	 -1.76e-12	 -0.0248911
0.00125092	 2.8148e-13	 2.9906e-13	 2.9151e-13	 3.0685e-13	 -1.758e-14	 -0.0302822
0.00250128	 7.6985e-13	 8.1995e-13	 8.2046e-13	 8.5043e-13	 -5.01e-14	 -0.0315134
0.00375163	 1.5425e-12	 1.6259e-12	 1.6255e-12	 1.6781e-12	 -8.34e-14	 -0.0263224
0.00500197	 2.4012e-12	 2.5043e-12	 2.5088e-12	 2.5728e-12	 -1.031e-13	 -0.0210172
0.00625236	 3.2005e-12	 3.352e-12	 3.3893e-12	 3.4703e-12	 -1.515e-13	 -0.0231209
0.00750266	 4.0989e-12	 4.2498e-12	 4.2023e-12	 4.3232e-12	 -1.509e-13	 -0.0180747
0.00875294	 4.978e-12	 5.1291e-12	 5.151e-12	 5.2619e-12	 -1.511e-13	 -0.0149499
0.0100032	 5.5866e-12	 5.8651e-12	 5.9023e-12	 6.0591e-12	 -2.785e-13	 -0.0243195
0.0112534	 6.348e-12	 6.668e-12	 6.617e-12	 6.8127e-12	 -3.2e-13	 -0.0245851
0.0125036	 7.0193e-12	 7.3666e-12	 7.2958e-12	 7.5415e-12	 -3.473e-13	 -0.0241417
0.0137538	 7.657e-12	 8.0513e-12	 7.9675e-12	 8.134e-12	 -3.943e-13	 -0.0251014
0.0150039	 8.3985e-12	 8.8193e-12	 8.2772e-12	 9.0353e-12	 -4.208e-13	 -0.0244398
0.0162539	 8.9017e-12	 9.4092e-12	 9.3274e-12	 9.6317e-12	 -5.075e-13	 -0.0277157
0.017504	 9.4562e-12	 1.0008e-11	 9.863e-12	 1.0231e-11	 -5.518e-13	 -0.0283495
0.0187539	 9.9103e-12	 1.0493e-11	 1.0328e-11	 1.073e-11	 -5.827e-13	 -0.0285591
0.0200038	 1.03e-11	 1.0919e-11	 1.0741e-11	 1.1157e-11	 -6.19e-13	 -0.029172
0.0212537	 1.0782e-11	 1.0849e-11	 1.1249e-11	 1.1656e-11	 -6.7e-14	 -0.00309741
0.0225034	 1.0949e-11	 1.1575e-11	 1.1438e-11	 1.1892e-11	 -6.26e-13	 -0.0277926
0.0237532	 1.1219e-11	 1.1904e-11	 1.172e-11	 1.2158e-11	 -6.85e-13	 -0.0296242
0.0250028	 1.1187e-11	 1.2213e-11	 1.1993e-11	 1.2457e-11	 -1.026e-12	 -0.0438462
0.0262524	 1.169e-11	 1.2484e-11	 1.2219e-11	 1.2736e-11	 -7.94e-13	 -0.0328452
0.0275018	 1.2045e-11	 1.2841e-11	 1.2573e-11	 1.3037e-11	 -7.96e-13	 -0.0319859
0.0287512	 1.1946e-11	 1.2757e-11	 1.2443e-11	 1.2922e-11	 -8.11e-13	 -0.03283
0.0300005	 1.1845e-11	 1.2763e-11	 1.237e-11	 1.2892e-11	 -9.18e-13	 -0.0373049
0.0312498	 1.181e-11	 1.2778e-11	 1.2326e-11	 1.2808e-11	 -9.68e-13	 -0.0393688
0.0324989	 1.1808e-11	 1.2796e-11	 1.2261e-11	 1.2782e-11	 -9.88e-13	 -0.0401561
0.0337479	 1.1972e-11	 1.2975e-11	 1.2412e-11	 1.2902e-11	 -1.003e-12	 -0.0402052
0.0349968	 1.1747e-11	 1.2775e-11	 1.214e-11	 1.2653e-11	 -1.028e-12	 -0.0419215
0.0362456	 1.1508e-11	 1.2547e-11	 1.1935e-11	 1.2408e-11	 -1.039e-12	 -0.0431927
0.0374944	 1.1353e-11	 1.2325e-11	 1.179e-11	 1.2664e-11	 -9.72e-13	 -0.0410508
0.0387429	 1.1793e-11	 1.2677e-11	 1.2092e-11	 1.2613e-11	 -8.84e-13	 -0.0361259
0.0399914	 1.1995e-11	 1.277e-11	 1.218e-11	 1.2631e-11	 -7.75e-13	 -0.0312942
0.0412398	 1.1749e-11	 1.2497e-11	 1.1827e-11	 1.222e-11	 -7.48e-13	 -0.0308504
0.042488	 1.1411e-11	 1.2173e-11	 1.1476e-11	 1.193e-11	 -7.62e-13	 -0.03231
0.0437361	 1.1002e-11	 1.1825e-11	 1.1101e-11	 1.1585e-11	 -8.23e-13	 -0.0360538
0.044984	 1.0617e-11	 1.1476e-11	 1.0742e-11	 1.1214e-11	 -8.59e-13	 -0.0388811
0.0462319	 1.0438e-11	 1.1208e-11	 1.0556e-11	 1.1008e-11	 -7.7e-13	 -0.0355724
0.0474796	 9.934e-12	 1.0667e-11	 1.0062e-11	 1.0481e-11	 -7.33e-13	 -0.0355808
0.0487271	 9.5377e-12	 1.0232e-11	 9.6424e-12	 1.0046e-11	 -6.943e-13	 -0.0351194
0.0499745	 9.1377e-12	 9.8056e-12	 9.2719e-12	 9.6255e-12	 -6.679e-13	 -0.0352578
0.0512217	 8.7449e-12	 9.4263e-12	 8.9031e-12	 9.2038e-12	 -6.814e-13	 -0.0374989
0.0524688	 8.4472e-12	 9.1191e-12	 8.6107e-12	 8.8671e-12	 -6.719e-13	 -0.0382494
0.0537157	 7.924e-12	 8.5818e-12	 8.1203e-12	 8.375e-12	 -6.578e-13	 -0.0398527
0.0549625	 7.5018e-12	 8.1246e-12	 7.6686e-12	 7.9243e-12	 -6.228e-13	 -0.0398556
0.0562091	 7.0673e-12	 7.6588e-12	 7.2354e-12	 7.4797e-12	 -5.915e-13	 -0.0401668
0.0574555	 6.657e-12	 7.2299e-12	 6.7995e-12	 7.0487e-12	 -5.729e-13	 -0.0412547
0.0587018	 6.3476e-12	 6.8256e-12	 6.4533e-12	 6.6687e-12	 -4.78e-13	 -0.0362858
0.0599478	 5.8619e-12	 6.3289e-12	 5.9582e-12	 6.164e-12	 -4.67e-13	 -0.0383076
0.0611937	 5.4401e-12	 5.8715e-12	 5.528e-12	 5.7001e-12	 -4.314e-13	 -0.0381378
0.0624388	 5.0364e-12	 5.4143e-12	 5.1059e-12	 5.2631e-12	 -3.779e-13	 -0.0361603
0.0636843	 4.6511e-12	 4.9885e-12	 4.7175e-12	 4.8476e-12	 -3.374e-13	 -0.0350015
0.0649296	 4.1931e-12	 4.6074e-12	 4.3751e-12	 4.4765e-12	 -4.143e-13	 -0.0470769
0.0661747	 3.9122e-12	 4.1581e-12	 3.9567e-12	 4.0426e-12	 -2.459e-13	 -0.0304697
0.0674196	 3.5529e-12	 3.7599e-12	 3.5842e-12	 3.6524e-12	 -2.07e-13	 -0.0283065
0.0686644	 3.2122e-12	 3.3832e-12	 3.2387e-12	 3.2775e-12	 -1.71e-13	 -0.0259272
0.0699089	 2.8928e-12	 3.0347e-12	 2.9117e-12	 2.9403e-12	 -1.419e-13	 -0.0239393
0.0711531	 2.5389e-12	 2.6574e-12	 2.6275e-12	 2.645e-12	 -1.185e-13	 -0.0228047
0.0723972	 2.3182e-12	 2.4149e-12	 2.3216e-12	 2.333e-12	 -9.67e-14	 -0.0204306
0.0736411	 2.0526e-12	 2.1324e-12	 2.0566e-12	 2.0507e-12	 -7.98e-14	 -0.0190681
0.0748847	 1.8137e-12	 1.8806e-12	 1.8208e-12	 1.8098e-12	 -6.69e-14	 -0.018109
0.0761281	 1.6024e-12	 1.661e-12	 1.5876e-12	 1.5942e-12	 -5.86e-14	 -0.0179567
0.0773712	 1.4274e-12	 1.4803e-12	 1.4342e-12	 1.3747e-12	 -5.29e-14	 -0.0181931
0.0786142	 1.2555e-12	 1.3081e-12	 1.2683e-12	 1.2493e-12	 -5.26e-14	 -0.020518
0.0798569	 1.1171e-12	 1.1729e-12	 1.1363e-12	 1.113e-12	 -5.58e-14	 -0.0243668
0.0810993	 1.0033e-12	 1.063e-12	 1.029e-12	 1.0031e-12	 -5.97e-14	 -0.0288922
0.0823415	 9.1213e-13	 9.7969e-13	 9.4455e-13	 9.1865e-13	 -6.756e-14	 -0.0357116
0.0835835	 8.4644e-13	 9.2e-13	 8.8298e-13	 8.5671e-13	 -7.356e-14	 -0.0416431
0.0848252	 7.8467e-13	 8.6557e-13	 8.2594e-13	 8.0017e-13	 -8.09e-14	 -0.0490232
0.0860666	 7.4101e-13	 8.3028e-13	 7.866e-13	 7.6025e-13	 -8.927e-14	 -0.0568132
0.0873078	 7.1032e-13	 8.0538e-13	 7.5928e-13	 7.3337e-13	 -9.506e-14	 -0.0627169
0.0885487	 6.9e-13	 7.9125e-13	 7.4218e-13	 7.165e-13	 -1.0125e-13	 -0.0683544
0.0897893	 6.7972e-13	 7.8466e-13	 7.3248e-13	 7.0787e-13	 -1.0494e-13	 -0.0716617
0.0910297	 6.6477e-13	 7.7313e-13	 7.1919e-13	 6.9353e-13	 -1.0836e-13	 -0.0753599
0.0922698	 6.5654e-13	 7.6506e-13	 7.0951e-13	 6.8397e-13	 -1.0852e-13	 -0.0763365
0.0935096	 6.4887e-13	 7.5518e-13	 6.9927e-13	 6.7489e-13	 -1.0631e-13	 -0.0757167
0.0947491	 6.4126e-13	 7.4278e-13	 6.856e-13	 6.599e-13	 -1.0152e-13	 -0.0733505
0.0959883	 6.3593e-13	 7.2718e-13	 6.7491e-13	 6.527e-13	 -9.125e-14	 -0.0669425
0.0972273	 6.1836e-13	 7.0068e-13	 6.5335e-13	 6.3162e-13	 -8.232e-14	 -0.062409
0.0984659	 5.9909e-13	 6.7036e-13	 6.2805e-13	 6.072e-13	 -7.127e-14	 -0.0561424
0.0997043	 5.7662e-13	 6.3594e-13	 5.9779e-13	 5.7896e-13	 -5.932e-14	 -0.0489213
0.100942	 5.4887e-13	 5.9064e-13	 5.5933e-13	 5.4491e-13	 -4.177e-14	 -0.0366561
0.10218	 5.1969e-13	 5.5076e-13	 5.1875e-13	 5.0852e-13	 -3.107e-14	 -0.0290252
0.103417	 4.7917e-13	 5.0045e-13	 4.7493e-13	 4.6682e-13	 -2.128e-14	 -0.0217227
0.104655	 4.3717e-13	 4.4871e-13	 4.2787e-13	 4.2136e-13	 -1.154e-14	 -0.0130266
0.105891	 3.9312e-13	 3.9583e-13	 3.785e-13	 3.7321e-13	 -2.71e-15	 -0.00343495
0.107128	 3.4645e-13	 3.4282e-13	 3.2736e-13	 3.2697e-13	 3.63e-15	 0.00526644
0.108364	 3.0284e-13	 2.9126e-13	 2.8223e-13	 2.8153e-13	 1.158e-14	 0.0194917
0.1096	 2.5721e-13	 2.4279e-13	 2.3504e-13	 2.3487e-13	 1.442e-14	 0.02884
0.110835	 2.1518e-13	 1.9779e-13	 1.9157e-13	 1.9195e-13	 1.739e-14	 0.0421096
0.11207	 1.7571e-13	 1.5631e-13	 1.5161e-13	 1.5329e-13	 1.94e-14	 0.0584302
0.113305	 1.3827e-13	 1.1854e-13	 1.1776e-13	 1.1915e-13	 1.973e-14	 0.0768272
0.11454	 1.0738e-13	 8.7375e-14	 8.8971e-14	 8.9867e-14	 2.0005e-14	 0.102719
0.115774	 7.9979e-14	 6.1078e-14	 6.3902e-14	 6.4955e-14	 1.8901e-14	 0.133995
0.117007	 5.6802e-14	 4.0279e-14	 4.3863e-14	 4.4866e-14	 1.6523e-14	 0.170198
0.118241	 3.8678e-14	 2.4442e-14	 2.8289e-14	 2.9145e-14	 1.4236e-14	 0.225539
0.119474	 2.463e-14	 1.3565e-14	 1.7173e-14	 1.7517e-14	 1.1065e-14	 0.289698
0.120707	 1.4784e-14	 7.1376e-15	 1e-14	 9.8066e-15	 7.6464e-15	 0.348807
0.121939	 8.4937e-15	 4.6103e-15	 6.3622e-15	 5.6639e-15	 3.8834e-15	 0.296352
0.123171	 5.5929e-15	 5.5711e-15	 5.6862e-15	 4.4468e-15	 2.18e-17	 0.00195271
0.124402	 5.6784e-15	 9.5114e-15	 7.4482e-15	 5.8519e-15	 -3.833e-15	 -0.25234
0.125634	 8.2467e-15	 1.5777e-14	 1.1053e-14	 9.4488e-15	 -7.5303e-15	 -0.313453
0.126864	 1.3019e-14	 2.4143e-14	 1.5914e-14	 1.4808e-14	 -1.1124e-14	 -0.299338
0.128095	 1.9305e-14	 3.3351e-14	 2.2795e-14	 2.1013e-14	 -1.4046e-14	 -0.26675
0.129325	 2.6796e-14	 4.3711e-14	 2.9881e-14	 2.8441e-14	 -1.6915e-14	 -0.239905
0.130554	 3.4621e-14	 5.3769e-14	 3.7508e-14	 3.5761e-14	 -1.9148e-14	 -0.216631
0.131784	 4.2773e-14	 6.3538e-14	 4.4761e-14	 4.257e-14	 -2.0765e-14	 -0.195323
0.133012	 5.1368e-14	 7.3388e-14	 5.2685e-14	 5.0233e-14	 -2.202e-14	 -0.176505
0.134241	 5.8263e-14	 8.1133e-14	 1.1563e-14	 5.6244e-14	 -2.287e-14	 -0.164065
0.135469	 6.4824e-14	 8.7702e-14	 6.3671e-14	 6.1486e-14	 -2.2878e-14	 -0.149994
0.136696	 6.9365e-14	 9.2711e-14	 6.7107e-14	 6.5068e-14	 -2.3346e-14	 -0.144044
0.137924	 7.2475e-14	 9.6023e-14	 6.9411e-14	 6.706e-14	 -2.3548e-14	 -0.139752
0.13915	 7.4712e-14	 9.8295e-14	 7.1402e-14	 6.9027e-14	 -2.3583e-14	 -0.136312
0.140377	 7.4246e-14	 9.7841e-14	 7.0984e-14	 6.9096e-14	 -2.3595e-14	 -0.137111
0.141603	 7.2701e-14	 9.5967e-14	 6.9777e-14	 6.8344e-14	 -2.3266e-14	 -0.13794
0.142828	 7.0114e-14	 9.2939e-14	 6.7515e-14	 6.5989e-14	 -2.2825e-14	 -0.139985
0.144053	 6.6026e-14	 8.9381e-14	 6.4631e-14	 6.2742e-14	 -2.3355e-14	 -0.150283
0.145278	 6.2616e-14	 8.4907e-14	 6.1734e-14	 5.9579e-14	 -2.2291e-14	 -0.151102
0.146502	 5.8093e-14	 7.9103e-14	 5.726e-14	 5.5633e-14	 -2.101e-14	 -0.153139
0.147726	 5.3332e-14	 7.3143e-14	 5.2477e-14	 5.1771e-14	 -1.9811e-14	 -0.15664
0.148949	 4.8642e-14	 6.7363e-14	 4.8174e-14	 4.7564e-14	 -1.8721e-14	 -0.161381
0.150172	 4.4403e-14	 6.1667e-14	 4.3987e-14	 4.3494e-14	 -1.7264e-14	 -0.16276
0.151394	 4.0791e-14	 5.6578e-14	 4.0022e-14	 3.9894e-14	 -1.5787e-14	 -0.162136
0.152616	 3.6849e-14	 5.0842e-14	 3.614e-14	 3.6159e-14	 -1.3993e-14	 -0.159572
0.153837	 3.3271e-14	 4.5593e-14	 3.2477e-14	 3.2515e-14	 -1.2322e-14	 -0.156244
0.155058	 2.9736e-14	 4.038e-14	 2.8906e-14	 2.8793e-14	 -1.0644e-14	 -0.151806
0.156279	 2.5935e-14	 3.5488e-14	 2.5353e-14	 2.5412e-14	 -9.553e-15	 -0.155528
0.157499	 2.2686e-14	 3.089e-14	 2.2149e-14	 2.2287e-14	 -8.204e-15	 -0.153128
0.158718	 1.938e-14	 2.638e-14	 1.895e-14	 1.9134e-14	 -7e-15	 -0.152972
0.159937	 1.6391e-14	 2.219e-14	 1.6019e-14	 1.6374e-14	 -5.799e-15	 -0.150307
0.161156	 1.3739e-14	 1.8437e-14	 1.34e-14	 1.3726e-14	 -4.698e-15	 -0.146009
0.162374	 1.1352e-14	 1.5193e-14	 1.107e-14	 1.1423e-14	 -3.841e-15	 -0.144698
0.163592	 9.0958e-15	 1.2383e-14	 9.0368e-15	 9.4252e-15	 -3.2872e-15	 -0.153044
0.164809	 7.3432e-15	 9.8541e-15	 6.7475e-15	 7.0912e-15	 -2.5109e-15	 -0.146005
0.166025	 5.6977e-15	 7.7257e-15	 5.2424e-15	 5.6292e-15	 -2.028e-15	 -0.151079
0.167241	 4.2977e-15	 5.9739e-15	 3.9754e-15	 4.3508e-15	 -1.6762e-15	 -0.163188
0.168457	 3.1601e-15	 4.5777e-15	 2.9504e-15	 3.3252e-15	 -1.4176e-15	 -0.183205
0.169672	 2.3004e-15	 3.5385e-15	 2.1802e-15	 2.5401e-15	 -1.2381e-15	 -0.212043
0.170886	 1.664e-15	 2.8177e-15	 1.6317e-15	 1.9561e-15	 -1.1537e-15	 -0.257425
0.172101	 1.2277e-15	 2.3963e-15	 1.2784e-15	 1.5655e-15	 -1.1686e-15	 -0.322461
0.173314	 8.7381e-16	 2.2164e-15	 1.0758e-15	 1.327e-15	 -1.34259e-15	 -0.434466
0.174527	 6.818e-16	 2.238e-15	 9.9257e-16	 1.2046e-15	 -1.5562e-15	 -0.532982
0.175739	 5.6402e-16	 2.4747e-15	 1.0221e-15	 1.1919e-15	 -1.91068e-15	 -0.628778
0.176951	 5.2308e-16	 2.8588e-15	 1.1463e-15	 1.2633e-15	 -2.33572e-15	 -0.690657
0.178163	 5.6874e-16	 3.408e-15	 1.3834e-15	 1.43e-15	 -2.83926e-15	 -0.713967
0.179373	 7.0129e-16	 4.0764e-15	 1.7137e-15	 1.6884e-15	 -3.37511e-15	 -0.706431
0.180584	 9.3212e-16	 4.898e-15	 2.1518e-15	 2.0269e-15	 -3.96588e-15	 -0.68024
0.181793	 1.2441e-15	 5.8902e-15	 2.7068e-15	 2.4707e-15	 -4.6461e-15	 -0.651234
0.183003	 1.7471e-15	 6.9443e-15	 3.3338e-15	 2.9827e-15	 -5.1972e-15	 -0.59797
0.184211	 2.3409e-15	 8.122e-15	 4.0968e-15	 3.5767e-15	 -5.7811e-15	 -0.552533
0.185419	 3.0706e-15	 9.4014e-15	 4.9584e-15	 4.2674e-15	 -6.3308e-15	 -0.507601
0.186627	 3.948e-15	 1.0758e-14	 5.9277e-15	 5.0335e-15	 -6.81e-15	 -0.463076
0.187834	 4.9475e-15	 1.1853e-14	 7.0314e-15	 5.84e-15	 -6.9055e-15	 -0.411029
0.18904	 6.2186e-15	 1.3426e-14	 8.4815e-15	 6.6069e-15	 -7.2074e-15	 -0.36689
0.190246	 7.2208e-15	 1.4553e-14	 9.5342e-15	 7.3134e-15	 -7.3322e-15	 -0.336744
0.191451	 8.0993e-15	 1.5472e-14	 1.0432e-14	 8.3274e-15	 -7.3727e-15	 -0.312783
0.192655	 8.7766e-15	 1.6173e-14	 1.1071e-14	 8.8292e-15	 -7.3964e-15	 -0.296454
0.193859	 9.4288e-15	 1.6693e-14	 1.1664e-14	 9.3702e-15	 -7.2642e-15	 -0.27809
0.195063	 9.8428e-15	 1.6938e-14	 1.1991e-14	 9.6232e-15	 -7.0952e-15	 -0.264936
0.196266	 1.0248e-14	 1.7064e-14	 1.2332e-14	 9.7913e-15	 -6.816e-15	 -0.249561
0.197468	 1.0566e-14	 1.7179e-14	 1.2524e-14	 9.9708e-15	 -6.613e-15	 -0.238349
0.19867	 1.0836e-14	 1.7177e-14	 1.2662e-14	 1.0097e-14	 -6.341e-15	 -0.226359
0.199871	 1.1037e-14	 1.6991e-14	 1.2808e-14	 1.0229e-14	 -5.954e-15	 -0.21243
0.201071	 1.0991e-14	 1.6583e-14	 1.263e-14	 1.0076e-14	 -5.592e-15	 -0.2028
0.202271	 1.0776e-14	 1.614e-14	 1.237e-14	 9.8767e-15	 -5.364e-15	 -0.199287
0.20347	 1.0525e-14	 1.5513e-14	 1.1941e-14	 9.5742e-15	 -4.988e-15	 -0.191566
0.204668	 1.0155e-14	 1.4753e-14	 1.14e-14	 9.2478e-15	 -4.598e-15	 -0.184599
0.205866	 9.8805e-15	 1.4154e-14	 1.0983e-14	 8.9593e-15	 -4.2735e-15	 -0.177807
0.207064	 9.5161e-15	 1.3399e-14	 1.0442e-14	 8.5719e-15	 -3.8829e-15	 -0.169447
0.20826	 9.2738e-15	 1.2781e-14	 1.0031e-14	 8.2585e-15	 -3.5072e-15	 -0.159022
0.209456	 9.003e-15	 1.2105e-14	 9.6337e-15	 7.9623e-15	 -3.102e-15	 -0.146958
0.210652	 8.6859e-15	 1.1465e-14	 9.1867e-15	 7.6462e-15	 -2.7791e-15	 -0.137914
0.211847	 8.4099e-15	 1.0893e-14	 8.7965e-15	 7.3301e-15	 -2.4831e-15	 -0.128639
0.213041	 7.9233e-15	 1.0147e-14	 8.1965e-15	 6.8524e-15	 -2.2237e-15	 -0.123058
0.214234	 7.3809e-15	 9.3754e-15	 7.5827e-15	 6.3735e-15	 -1.9945e-15	 -0.11903
0.215427	 6.7516e-15	 8.6237e-15	 6.9456e-15	 5.8458e-15	 -1.8721e-15	 -0.12176
0.216619	 6.0962e-15	 7.848e-15	 6.3104e-15	 5.3182e-15	 -1.7518e-15	 -0.125629
0.217811	 5.5286e-15	 7.1997e-15	 5.753e-15	 4.8681e-15	 -1.6711e-15	 -0.13129
0.219002	 4.961e-15	 6.5719e-15	 5.189e-15	 4.3912e-15	 -1.6109e-15	 -0.139679
0.220192	 4.4685e-15	 6.0535e-15	 4.7379e-15	 4.0046e-15	 -1.585e-15	 -0.150637
0.221381	 4.0451e-15	 5.6372e-15	 4.3588e-15	 3.6766e-15	 -1.5921e-15	 -0.164434
0.22257	 3.6928e-15	 5.3149e-15	 4.0547e-15	 3.3846e-15	 -1.6221e-15	 -0.180079
0.223758	 3.401e-15	 5.0602e-15	 3.8225e-15	 3.1541e-15	 -1.6592e-15	 -0.196095
0.224946	 3.0838e-15	 4.7883e-15	 3.5685e-15	 2.9007e-15	 -1.7045e-15	 -0.216524
0.226132	 2.8177e-15	 4.5483e-15	 3.3625e-15	 2.6895e-15	 -1.7306e-15	 -0.234944
0.227319	 2.5586e-15	 4.3416e-15	 3.1819e-15	 2.4891e-15	 -1.783e-15	 -0.258398
0.228504	 2.3399e-15	 4.1338e-15	 3.0077e-15	 2.3101e-15	 -1.7939e-15	 -0.277106
0.229689	 2.1643e-15	 3.9942e-15	 2.9058e-15	 2.1976e-15	 -1.8299e-15	 -0.297134
0.230873	 2.0166e-15	 3.8398e-15	 2.7723e-15	 2.0758e-15	 -1.8232e-15	 -0.311318
0.232056	 1.929e-15	 3.7647e-15	 2.7145e-15	 2.0131e-15	 -1.8357e-15	 -0.322409
0.233239	 1.894e-15	 3.739e-15	 2.6955e-15	 1.9888e-15	 -1.845e-15	 -0.327534
0.23442	 1.8898e-15	 3.7447e-15	 2.729e-15	 1.9951e-15	 -1.8549e-15	 -0.329204
0.235602	 1.935e-15	 3.7878e-15	 2.7864e-15	 2.0395e-15	 -1.8528e-15	 -0.323758
0.236782	 1.9572e-15	 3.7782e-15	 2.8044e-15	 2.0363e-15	 -1.821e-15	 -0.317502
0.237962	 1.9755e-15	 3.7626e-15	 2.8209e-15	 2.0376e-15	 -1.7871e-15	 -0.311445
0.239141	 1.9661e-15	 3.7184e-15	 2.8128e-15	 2.0247e-15	 -1.7523e-15	 -0.308259
0.240319	 1.9385e-15	 3.6331e-15	 2.7565e-15	 1.9915e-15	 -1.6946e-15	 -0.30415
0.241497	 1.9138e-15	 3.5602e-15	 2.7174e-15	 1.9703e-15	 -1.6464e-15	 -0.300767
0.242673	 1.8673e-15	 3.4476e-15	 2.6325e-15	 1.9261e-15	 -1.5803e-15	 -0.297334
0.24385	 1.8547e-15	 3.3715e-15	 2.593e-15	 1.9015e-15	 -1.5168e-15	 -0.29023
0.245025	 1.8747e-15	 3.3202e-15	 2.5794e-15	 1.8992e-15	 -1.4455e-15	 -0.278254
0.246199	 1.9118e-15	 3.2899e-15	 2.5758e-15	 1.9067e-15	 -1.3781e-15	 -0.264933
0.247373	 1.9444e-15	 3.2535e-15	 2.5853e-15	 1.906e-15	 -1.3091e-15	 -0.251852
0.248546	 1.9227e-15	 3.1462e-15	 2.5312e-15	 1.8526e-15	 -1.2235e-15	 -0.241374
0.249719	 1.8548e-15	 2.9968e-15	 2.4326e-15	 1.7713e-15	 -1.142e-15	 -0.235386
0.25089	 1.7225e-15	 2.6208e-15	 2.2731e-15	 1.6526e-15	 -8.983e-16	 -0.206824
0.252061	 1.5562e-15	 2.3963e-15	 2.0686e-15	 1.408e-15	 -8.401e-16	 -0.212549
0.253231	 1.3628e-15	 2.1544e-15	 1.8395e-15	 1.2763e-15	 -7.916e-16	 -0.225065
0.2544	 1.1596e-15	 1.8928e-15	 1.4935e-15	 1.1193e-15	 -7.332e-16	 -0.240204
0.255569	 9.2336e-16	 1.6714e-15	 1.3018e-15	 9.8762e-16	 -7.4804e-16	 -0.288289
0.256736	 8.0084e-16	 1.4868e-15	 1.1361e-15	 8.7866e-16	 -6.8596e-16	 -0.299855
0.257903	 6.9927e-16	 1.333e-15	 1.0027e-15	 7.8997e-16	 -6.3373e-16	 -0.311834
0.25907	 6.1648e-16	 1.2031e-15	 8.9209e-16	 7.1408e-16	 -5.8662e-16	 -0.322393
0.260235	 5.3093e-16	 1.0682e-15	 7.7688e-16	 6.318e-16	 -5.3727e-16	 -0.335976
0.261399	 4.495e-16	 9.4193e-16	 6.6999e-16	 5.5593e-16	 -4.9243e-16	 -0.353902
0.262563	 3.7071e-16	 8.1854e-16	 5.6608e-16	 4.817e-16	 -4.4783e-16	 -0.376565
0.263726	 3.0749e-16	 7.1123e-16	 4.7706e-16	 4.2015e-16	 -4.0374e-16	 -0.396321
0.264888	 2.6982e-16	 6.3129e-16	 4.1573e-16	 3.771e-16	 -3.6147e-16	 -0.401139
0.26605	 2.6087e-16	 5.7889e-16	 3.8276e-16	 3.5182e-16	 -3.1802e-16	 -0.378703
0.26721	 2.8221e-16	 5.6281e-16	 3.8638e-16	 3.5046e-16	 -2.806e-16	 -0.332063
0.26837	 3.23e-16	 5.7422e-16	 4.1105e-16	 3.6326e-16	 -2.5122e-16	 -0.279998
0.269529	 3.6765e-16	 5.9987e-16	 4.4854e-16	 3.8226e-16	 -2.3222e-16	 -0.240016
0.270687	 4.0491e-16	 6.2947e-16	 4.8293e-16	 3.9972e-16	 -2.2456e-16	 -0.217096
0.271844	 4.184e-16	 6.4113e-16	 4.9684e-16	 4.0217e-16	 -2.2273e-16	 -0.210216
0.273001	 4.1402e-16	 6.4233e-16	 4.9807e-16	 3.966e-16	 -2.2831e-16	 -0.216131
0.274156	 3.9648e-16	 6.2992e-16	 4.8487e-16	 3.8245e-16	 -2.3344e-16	 -0.227436
0.275311	 3.7451e-16	 6.1322e-16	 4.6756e-16	 3.6809e-16	 -2.3871e-16	 -0.241675
0.276465	 3.5692e-16	 6.0167e-16	 4.5403e-16	 3.5583e-16	 -2.4475e-16	 -0.255323
0.277618	 3.4629e-16	 5.9377e-16	 4.4535e-16	 3.4566e-16	 -2.4748e-16	 -0.26326
0.27877	 3.4671e-16	 6.023e-16	 4.5087e-16	 3.4582e-16	 -2.5559e-16	 -0.269323
0.279922	 3.5481e-16	 6.249e-16	 4.6934e-16	 3.5259e-16	 -2.7009e-16	 -0.275684
0.281072	 3.6824e-16	 6.5723e-16	 4.9448e-16	 3.6346e-16	 -2.8899e-16	 -0.281812
0.282222	 3.8008e-16	 6.9423e-16	 5.2428e-16	 3.7453e-16	 -3.1415e-16	 -0.29242
0.283371	 3.8033e-16	 7.1882e-16	 5.408e-16	 3.7755e-16	 -3.3849e-16	 -0.307956
0.284519	 3.7262e-16	 7.3541e-16	 5.5349e-16	 3.7641e-16	 -3.6279e-16	 -0.327419
0.285666	 3.575e-16	 7.4039e-16	 5.5389e-16	 3.6956e-16	 -3.8289e-16	 -0.348751
0.286812	 3.3945e-16	 7.3984e-16	 5.4885e-16	 3.6272e-16	 -4.0039e-16	 -0.370975
0.287957	 3.2764e-16	 7.392e-16	 5.4631e-16	 3.5878e-16	 -4.1156e-16	 -0.385775
0.289102	 3.2361e-16	 7.4025e-16	 5.4481e-16	 3.5761e-16	 -4.1664e-16	 -0.39163
0.290245	 3.3895e-16	 7.6135e-16	 5.6479e-16	 3.6923e-16	 -4.224e-16	 -0.383895
0.291388	 3.7376e-16	 8.0894e-16	 6.0753e-16	 3.952e-16	 -4.3518e-16	 -0.367955
0.29253	 4.2793e-16	 8.7653e-16	 6.7453e-16	 4.3202e-16	 -4.486e-16	 -0.343897
0.293671	 4.9399e-16	 9.6511e-16	 7.6214e-16	 4.7747e-16	 -4.7112e-16	 -0.322884
0.294811	 5.5589e-16	 1.0444e-15	 8.4311e-16	 5.1572e-16	 -4.8851e-16	 -0.305263
0.29595	 6.1215e-16	 1.1191e-15	 9.2155e-16	 5.5261e-16	 -5.0695e-16	 -0.292823
0.297088	 6.567e-16	 1.1791e-15	 9.8531e-16	 5.8037e-16	 -5.224e-16	 -0.284563
0.298226	 6.9037e-16	 1.2218e-15	 1.0344e-15	 6.0226e-16	 -5.3143e-16	 -0.27792
0.299362	 7.1892e-16	 1.2567e-15	 1.0775e-15	 6.2147e-16	 -5.3778e-16	 -0.272208
0.300497	 7.3992e-16	 1.2745e-15	 1.0999e-15	 6.3175e-16	 -5.3458e-16	 -0.265377
0.301632	 7.7238e-16	 1.3054e-15	 1.1372e-15	 6.4844e-16	 -5.3302e-16	 -0.256533
0.302766	 8.189e-16	 1.3477e-15	 1.1882e-15	 6.7193e-16	 -5.288e-16	 -0.244069
0.303898	 8.7565e-16	 1.402e-15	 1.2533e-15	 7.0097e-16	 -5.2635e-16	 -0.231093
0.30503	 9.3558e-16	 1.4635e-15	 1.3246e-15	 7.339e-16	 -5.2792e-16	 -0.220051
0.306161	 9.7485e-16	 1.4998e-15	 1.3719e-15	 7.4818e-16	 -5.2495e-16	 -0.212131
0.307291	 9.9705e-16	 1.5194e-15	 1.4045e-15	 7.5515e-16	 -5.2235e-16	 -0.207574
0.30842	 9.9154e-16	 1.5087e-15	 1.398e-15	 7.4443e-16	 -5.1716e-16	 -0.206844
0.309548	 9.5211e-16	 1.4655e-15	 1.3585e-15	 7.1817e-16	 -5.1339e-16	 -0.212354
0.310675	 8.9606e-16	 1.4001e-15	 1.2911e-15	 6.7974e-16	 -5.0404e-16	 -0.219514
0.311802	 8.172e-16	 1.3048e-15	 1.1954e-15	 6.2811e-16	 -4.876e-16	 -0.229783
0.312927	 7.4289e-16	 1.2127e-15	 1.0987e-15	 5.797e-16	 -4.6981e-16	 -0.24024
0.314051	 6.8021e-16	 1.1288e-15	 1.0132e-15	 5.3971e-16	 -4.4859e-16	 -0.247975
0.315175	 6.3102e-16	 1.0592e-15	 9.4379e-16	 5.0753e-16	 -4.2818e-16	 -0.253328
0.316297	 5.9793e-16	 1.0097e-15	 8.9273e-16	 4.8458e-16	 -4.1177e-16	 -0.256135
0.317418	 5.6862e-16	 9.6014e-16	 8.4699e-16	 4.6184e-16	 -3.9152e-16	 -0.256103
0.318539	 5.4209e-16	 9.191e-16	 8.092e-16	 4.4067e-16	 -3.7701e-16	 -0.258016
0.319658	 5.117e-16	 8.7571e-16	 7.6707e-16	 4.1767e-16	 -3.6401e-16	 -0.262367
0.320777	 4.7526e-16	 8.2693e-16	 7.1949e-16	 3.9071e-16	 -3.5167e-16	 -0.27006
0.321894	 4.3246e-16	 7.7045e-16	 6.6509e-16	 3.6196e-16	 -3.3799e-16	 -0.280977
0.323011	 3.8259e-16	 7.0324e-16	 5.9778e-16	 3.2882e-16	 -3.2065e-16	 -0.295304
0.324126	 3.3817e-16	 6.4042e-16	 5.3688e-16	 2.9929e-16	 -3.0225e-16	 -0.308863
0.325241	 3.0307e-16	 5.8695e-16	 4.8438e-16	 2.7495e-16	 -2.8388e-16	 -0.318959
0.326355	 2.8014e-16	 5.4824e-16	 4.4754e-16	 2.5951e-16	 -2.681e-16	 -0.323644
0.327467	 2.7117e-16	 5.2598e-16	 4.3025e-16	 2.5247e-16	 -2.5481e-16	 -0.319651
0.328579	 2.7068e-16	 5.1383e-16	 4.2287e-16	 2.4745e-16	 -2.4315e-16	 -0.309939
0.329689	 2.7802e-16	 5.1384e-16	 4.2933e-16	 2.4788e-16	 -2.3582e-16	 -0.297805
0.330799	 2.8677e-16	 5.1874e-16	 4.407e-16	 2.4788e-16	 -2.3197e-16	 -0.287979
0.331907	 2.9287e-16	 5.2324e-16	 4.5155e-16	 2.4611e-16	 -2.3037e-16	 -0.282278
0.333015	 2.9261e-16	 5.2197e-16	 4.5795e-16	 2.4153e-16	 -2.2936e-16	 -0.281568
0.334122	 2.8135e-16	 5.0638e-16	 4.4776e-16	 2.2989e-16	 -2.2503e-16	 -0.285669
0.335227	 2.6495e-16	 4.8387e-16	 4.3015e-16	 2.1619e-16	 -2.1892e-16	 -0.292353
0.336332	 2.4498e-16	 4.548e-16	 4.0575e-16	 2.0165e-16	 -2.0982e-16	 -0.299837
0.337435	 2.2446e-16	 4.2516e-16	 3.7976e-16	 1.8753e-16	 -2.007e-16	 -0.30895
0.338538	 2.0845e-16	 3.9926e-16	 3.5714e-16	 1.7631e-16	 -1.9081e-16	 -0.313982
0.339639	 1.9563e-16	 3.7648e-16	 3.3592e-16	 1.6632e-16	 -1.8085e-16	 -0.316111
0.340739	 1.8962e-16	 3.6136e-16	 3.2535e-16	 1.5986e-16	 -1.7174e-16	 -0.311699
0.341839	 1.8651e-16	 3.5187e-16	 3.1984e-16	 1.5522e-16	 -1.6536e-16	 -0.307144
0.342937	 1.8462e-16	 3.4398e-16	 3.1592e-16	 1.6088e-16	 -1.5936e-16	 -0.301476
0.344034	 1.8046e-16	 3.333e-16	 3.1021e-16	 1.3945e-16	 -1.5284e-16	 -0.297493
0.345131	 1.6909e-16	 3.128e-16	 2.9326e-16	 1.2982e-16	 -1.4371e-16	 -0.298222
0.346226	 1.5187e-16	 2.8568e-16	 2.6877e-16	 1.1797e-16	 -1.3381e-16	 -0.305816
0.34732	 1.3022e-16	 2.5454e-16	 2.3696e-16	 1.0422e-16	 -1.2432e-16	 -0.323111
0.348413	 1.1402e-16	 2.1061e-16	 2.0041e-16	 9.0843e-17	 -9.659e-17	 -0.297539
0.349505	 8.2455e-17	 1.7796e-16	 1.6432e-16	 7.8536e-17	 -9.5505e-17	 -0.366742
0.350596	 6.4972e-17	 1.4911e-16	 1.449e-16	 6.9103e-17	 -8.4138e-17	 -0.393018
0.351686	 5.4073e-17	 1.289e-16	 1.0818e-16	 6.324e-17	 -7.4827e-17	 -0.408951
0.352775	 4.9367e-17	 1.1713e-16	 9.6245e-17	 6.0553e-17	 -6.7763e-17	 -0.406992
0.353862	 4.9667e-17	 1.1191e-16	 9.1799e-17	 5.995e-17	 -6.2243e-17	 -0.385222
0.354949	 5.1966e-17	 1.1044e-16	 9.2187e-17	 6.0286e-17	 -5.8474e-17	 -0.360048
0.356034	 5.3888e-17	 1.0913e-16	 9.2527e-17	 5.9726e-17	 -5.5242e-17	 -0.338871
0.357119	 5.3871e-17	 1.0566e-16	 9.095e-17	 5.8318e-17	 -5.1789e-17	 -0.324633
0.358202	 5.207e-17	 1e-16	 8.7058e-17	 5.5643e-17	 -4.793e-17	 -0.315184
0.359285	 4.8708e-17	 9.312e-17	 8.1144e-17	 5.2808e-17	 -4.4412e-17	 -0.31314
0.360366	 4.614e-17	 8.645e-17	 7.599e-17	 5.0378e-17	 -4.031e-17	 -0.30402
0.361446	 4.5653e-17	 8.1742e-17	 7.2583e-17	 4.8782e-17	 -3.6089e-17	 -0.283284
0.362525	 4.7845e-17	 8.0912e-17	 7.3957e-17	 4.8778e-17	 -3.3067e-17	 -0.256817
0.363603	 5.3069e-17	 8.4332e-17	 7.9535e-17	 5.0202e-17	 -3.1263e-17	 -0.227531
0.36468	 5.9234e-17	 8.9863e-17	 8.7579e-17	 5.2238e-17	 -3.0629e-17	 -0.20543
0.365755	 6.5125e-17	 9.6131e-17	 9.6041e-17	 5.3832e-17	 -3.1006e-17	 -0.192278
0.36683	 6.8148e-17	 1.006e-16	 1.0156e-16	 5.4475e-17	 -3.2452e-17	 -0.19231
0.367903	 6.7819e-17	 1.0152e-16	 1.025e-16	 5.3579e-17	 -3.3701e-17	 -0.199015
0.368976	 6.3893e-17	 9.858e-17	 9.9036e-17	 5.1329e-17	 -3.4687e-17	 -0.213494
0.370047	 5.7556e-17	 9.2144e-17	 9.1738e-17	 4.8019e-17	 -3.4588e-17	 -0.231049
0.371117	 5.0543e-17	 8.4575e-17	 8.2778e-17	 4.4619e-17	 -3.4032e-17	 -0.251869
0.372186	 4.4419e-17	 7.6748e-17	 7.3588e-17	 4.1675e-17	 -3.2329e-17	 -0.266814
0.373254	 4.0909e-17	 7.1203e-17	 6.7891e-17	 3.9996e-17	 -3.0294e-17	 -0.270212
0.37432	 4.0792e-17	 6.9325e-17	 6.6186e-17	 3.9685e-17	 -2.8533e-17	 -0.259115
0.375386	 4.359e-17	 7.0955e-17	 6.8663e-17	 4.0717e-17	 -2.7365e-17	 -0.238902
0.37645	 4.7882e-17	 7.5541e-17	 7.412e-17	 4.2463e-17	 -2.7659e-17	 -0.224099
0.377514	 5.269e-17	 8.1049e-17	 8.0959e-17	 4.4235e-17	 -2.8359e-17	 -0.212047
0.378576	 5.6573e-17	 8.6702e-17	 8.6686e-17	 4.5737e-17	 -3.0129e-17	 -0.210288
0.379637	 5.874e-17	 9.1008e-17	 9.1192e-17	 4.656e-17	 -3.2268e-17	 -0.215482
0.380696	 5.9437e-17	 9.3388e-17	 9.3673e-17	 4.683e-17	 -3.3951e-17	 -0.222156
0.381755	 5.9119e-17	 9.4488e-17	 9.3885e-17	 4.707e-17	 -3.5369e-17	 -0.230256
0.382813	 5.8263e-17	 9.3977e-17	 9.363e-17	 4.6708e-17	 -3.5714e-17	 -0.23459
0.383869	 5.9122e-17	 9.483e-17	 9.4322e-17	 4.7318e-17	 -3.5708e-17	 -0.231942
0.384924	 6.2035e-17	 9.8163e-17	 9.8387e-17	 4.8493e-17	 -3.6128e-17	 -0.225521
0.385978	 6.7737e-17	 1.0452e-16	 1.0615e-16	 5.1045e-17	 -3.6783e-17	 -0.213536
0.387031	 7.6212e-17	 1.1451e-16	 1.1869e-16	 5.4195e-17	 -3.8298e-17	 -0.200805
0.388082	 8.5813e-17	 1.2662e-16	 1.3333e-16	 5.7504e-17	 -4.0807e-17	 -0.192094
0.389133	 9.5155e-17	 1.4046e-16	 1.4959e-16	 6.0844e-17	 -4.5305e-17	 -0.192284
0.390182	 1.0387e-16	 1.5355e-16	 1.6513e-16	 6.3251e-17	 -4.968e-17	 -0.192992
0.39123	 1.1007e-16	 1.6454e-16	 1.7866e-16	 6.5221e-17	 -5.447e-17	 -0.198354
0.392277	 1.1316e-16	 1.7268e-16	 1.8717e-16	 6.5875e-17	 -5.952e-17	 -0.208228
0.393323	 1.1211e-16	 1.7466e-16	 1.8979e-16	 6.4965e-17	 -6.255e-17	 -0.218119
0.394367	 1.0948e-16	 1.7392e-16	 1.8832e-16	 6.3366e-17	 -6.444e-17	 -0.227382
0.39541	 1.0471e-16	 1.706e-16	 1.8457e-16	 6.1782e-17	 -6.589e-17	 -0.23933
0.396452	 1.0078e-16	 1.6688e-16	 1.7991e-16	 6.0486e-17	 -6.61e-17	 -0.246955
0.397493	 9.7666e-17	 1.645e-16	 1.7646e-16	 5.9498e-17	 -6.6834e-17	 -0.25493
0.398533	 9.6635e-17	 1.6311e-16	 1.7492e-16	 5.9278e-17	 -6.6475e-17	 -0.255924
0.399571	 9.7551e-17	 1.6434e-16	 1.7667e-16	 5.9536e-17	 -6.6789e-17	 -0.255026
0.400608	 1.0028e-16	 1.6773e-16	 1.8127e-16	 6.0012e-17	 -6.745e-17	 -0.25167
0.401644	 1.0325e-16	 1.7191e-16	 1.8662e-16	 6.0531e-17	 -6.866e-17	 -0.249528
0.402679	 1.0546e-16	 1.7505e-16	 1.9137e-16	 6.0546e-17	 -6.959e-17	 -0.248084
0.403713	 1.0466e-16	 1.7502e-16	 1.9141e-16	 5.9627e-17	 -7.036e-17	 -0.251573
0.404745	 1.0191e-16	 1.7193e-16	 1.8764e-16	 5.7946e-17	 -7.002e-17	 -0.255697
0.405776	 9.6407e-17	 1.6537e-16	 1.7987e-16	 5.5839e-17	 -6.8963e-17	 -0.263442
0.406806	 8.9625e-17	 1.5659e-16	 1.6884e-16	 5.3625e-17	 -6.6965e-17	 -0.271978
0.407835	 8.2672e-17	 1.4647e-16	 1.569e-16	 5.1508e-17	 -6.3798e-17	 -0.278421
0.408862	 7.6196e-17	 1.3685e-16	 1.4495e-16	 4.9917e-17	 -6.0654e-17	 -0.284699
0.409888	 7.2476e-17	 1.3017e-16	 1.3621e-16	 4.8882e-17	 -5.7694e-17	 -0.284703
0.410913	 7.1416e-17	 1.2609e-16	 1.324e-16	 4.8736e-17	 -5.4674e-17	 -0.276822
0.411936	 7.295e-17	 1.2568e-16	 1.3299e-16	 4.9301e-17	 -5.273e-17	 -0.265468
0.412959	 7.6562e-17	 1.2833e-16	 1.368e-16	 5.0258e-17	 -5.1768e-17	 -0.25266
0.41398	 8.0154e-17	 1.3084e-16	 1.4163e-16	 5.0553e-17	 -5.0686e-17	 -0.240225
0.415	 8.3197e-17	 1.3357e-16	 1.4598e-16	 5.0776e-17	 -5.0373e-17	 -0.232383
0.416018	 8.4561e-17	 1.3422e-16	 1.4836e-16	 5.0481e-17	 -4.9659e-17	 -0.22698
0.417036	 8.3588e-17	 1.3357e-16	 1.4783e-16	 4.9346e-17	 -4.9982e-17	 -0.230164
0.418052	 8.1118e-17	 1.2978e-16	 1.4433e-16	 4.7941e-17	 -4.8662e-17	 -0.230737
0.419066	 7.6524e-17	 1.2354e-16	 1.372e-16	 4.6018e-17	 -4.7016e-17	 -0.235005
0.42008	 7.1808e-17	 1.1675e-16	 1.2884e-16	 4.4287e-17	 -4.4942e-17	 -0.238346
0.421092	 6.7702e-17	 1.103e-16	 1.2148e-16	 4.276e-17	 -4.2598e-17	 -0.239312
0.422103	 6.4592e-17	 1.0503e-16	 1.1586e-16	 4.1584e-17	 -4.0438e-17	 -0.238401
0.423113	 6.2966e-17	 1.0152e-16	 1.1243e-16	 4.0831e-17	 -3.8554e-17	 -0.234391
0.424121	 6.2346e-17	 9.9311e-17	 1.1056e-16	 4.0156e-17	 -3.6965e-17	 -0.228663
0.425128	 6.249e-17	 9.8786e-17	 1.1084e-16	 3.9602e-17	 -3.6296e-17	 -0.225055
0.426134	 6.2687e-17	 9.834e-17	 1.1131e-16	 3.8944e-17	 -3.5653e-17	 -0.22141
0.427138	 6.2507e-17	 9.7412e-17	 1.1148e-16	 6.726e-17	 -3.4905e-17	 -0.218267
0.428141	 6.11e-17	 9.559e-17	 1.1003e-16	 3.6747e-17	 -3.449e-17	 -0.220116
0.429143	 5.7893e-17	 9.1654e-17	 1.0572e-16	 3.5182e-17	 -3.3761e-17	 -0.225755
0.430144	 5.3505e-17	 8.6241e-17	 9.913e-17	 3.3354e-17	 -3.2736e-17	 -0.234254
0.431143	 4.8331e-17	 7.9419e-17	 9.0811e-17	 3.1534e-17	 -3.1088e-17	 -0.24335
0.432141	 4.2901e-17	 7.1729e-17	 8.1358e-17	 2.9884e-17	 -2.8828e-17	 -0.251487
0.433138	 3.7575e-17	 6.413e-17	 7.2243e-17	 2.8223e-17	 -2.6555e-17	 -0.261098
0.434133	 3.303e-17	 5.6987e-17	 6.3379e-17	 2.7151e-17	 -2.3957e-17	 -0.266139
0.435127	 2.9625e-17	 5.1222e-17	 5.6498e-17	 2.6216e-17	 -2.1597e-17	 -0.267134
0.43612	 4.016e-17	 4.6981e-17	 5.1497e-17	 2.5561e-17	 -6.821e-18	 -0.0782754
0.437111	 2.6226e-17	 4.4241e-17	 4.8516e-17	 2.5095e-17	 -1.8015e-17	 -0.255652
0.438101	 2.5666e-17	 4.254e-17	 4.6866e-17	 2.4817e-17	 -1.6874e-17	 -0.247398
0.43909	 2.5366e-17	 4.1375e-17	 4.5916e-17	 2.4436e-17	 -1.6009e-17	 -0.239868
0.440077	 2.4988e-17	 4.0171e-17	 4.4816e-17	 2.395e-17	 -1.5183e-17	 -0.233015
0.441063	 2.4225e-17	 3.8623e-17	 4.3441e-17	 2.3469e-17	 -1.4398e-17	 -0.229092
0.442047	 2.3228e-17	 3.667e-17	 4.1333e-17	 2.3001e-17	 -1.3442e-17	 -0.224415
0.443031	 2.1815e-17	 3.41e-17	 5.6416e-17	 2.2354e-17	 -1.2285e-17	 -0.219708
0.444013	 2.026e-17	 3.1493e-17	 3.568e-17	 2.185e-17	 -1.1233e-17	 -0.21705
0.444993	 1.8909e-17	 2.8707e-17	 3.2767e-17	 2.1515e-17	 -9.798e-18	 -0.205771
0.445972	 1.8196e-17	 3.944e-17	 3.0449e-17	 2.1131e-17	 -2.1244e-17	 -0.368589
0.44695	 1.7887e-17	 2.5381e-17	 2.9093e-17	 2.1066e-17	 -7.494e-18	 -0.1732
0.447927	 1.8323e-17	 2.4958e-17	 2.9247e-17	 2.1045e-17	 -6.635e-18	 -0.153301
0.448902	 1.9218e-17	 2.5281e-17	 3.0164e-17	 2.0984e-17	 -6.063e-18	 -0.13625
0.449876	 2.0271e-17	 2.6204e-17	 3.1846e-17	 2.0878e-17	 -5.933e-18	 -0.12766
0.450848	 2.1337e-17	 2.7135e-17	 3.3828e-17	 2.0814e-17	 -5.798e-18	 -0.119615
0.451819	 2.2082e-17	 2.805e-17	 3.5017e-17	 2.0774e-17	 -5.968e-18	 -0.119046
0.452789	 2.2193e-17	 2.8248e-17	 3.5723e-17	 2.0432e-17	 -6.055e-18	 -0.120041
0.453757	 2.1707e-17	 2.7752e-17	 3.5053e-17	 2.0088e-17	 -6.045e-18	 -0.122222
0.454724	 2.0762e-17	 2.654e-17	 3.3602e-17	 1.9723e-17	 -5.778e-18	 -0.122151
0.455689	 1.9677e-17	 2.4969e-17	 3.1712e-17	 1.9362e-17	 -5.292e-18	 -0.118532
0.456654	 1.8356e-17	 2.3318e-17	 2.9527e-17	 1.9131e-17	 -4.962e-18	 -0.119067
0.457616	 1.7337e-17	 2.1776e-17	 2.7758e-17	 1.8878e-17	 -4.439e-18	 -0.113492
0.458578	 1.6734e-17	 2.0743e-17	 2.632e-17	 1.8643e-17	 -4.009e-18	 -0.106972
0.459538	 1.6523e-17	 2.0147e-17	 2.588e-17	 1.8421e-17	 -3.624e-18	 -0.0988274
0.460496	 1.6674e-17	 2.006e-17	 2.6015e-17	 1.8574e-17	 -3.386e-18	 -0.0921762
0.461453	 1.7042e-17	 2.0332e-17	 2.6524e-17	 1.847e-17	 -3.29e-18	 -0.0880291
0.462409	 1.7399e-17	 2.0739e-17	 2.7136e-17	 1.8514e-17	 -3.34e-18	 -0.0875767
0.463363	 1.7598e-17	 2.1075e-17	 2.7521e-17	 1.8423e-17	 -3.477e-18	 -0.0899077
0.464316	 1.7555e-17	 2.1018e-17	 2.7488e-17	 1.82e-17	 -3.463e-18	 -0.0897778
0.465268	 1.7268e-17	 2.0714e-17	 2.7059e-17	 1.8276e-17	 -3.446e-18	 -0.0907272
0.466218	 1.6904e-17	 2.0302e-17	 2.6457e-17	 1.8182e-17	 -3.398e-18	 -0.0913294
0.467166	 1.6573e-17	 1.9689e-17	 2.5878e-17	 1.8134e-17	 -3.116e-18	 -0.0859302
0.468114	 1.6589e-17	 1.9504e-17	 2.5426e-17	 1.812e-17	 -2.915e-18	 -0.0807636
0.469059	 1.6878e-17	 1.9585e-17	 2.5883e-17	 1.818e-17	 -2.707e-18	 -0.0742396
0.470004	 1.7835e-17	 2.0252e-17	 2.7179e-17	 1.8382e-17	 -2.417e-18	 -0.06346
0.470947	 1.9183e-17	 2.1513e-17	 2.9193e-17	 1.8458e-17	 -2.33e-18	 -0.0572538
0.471888	 2.0719e-17	 2.341e-17	 3.185e-17	 1.8701e-17	 -2.691e-18	 -0.0609803
0.472828	 2.2525e-17	 2.5572e-17	 3.4977e-17	 1.878e-17	 -3.047e-18	 -0.0633511
0.473767	 2.4105e-17	 2.756e-17	 3.7897e-17	 1.8819e-17	 -3.455e-18	 -0.0668731
0.474704	 2.5383e-17	 2.9432e-17	 4.0456e-17	 1.8898e-17	 -4.049e-18	 -0.0738666
0.47564	 2.6278e-17	 3.0746e-17	 4.2244e-17	 1.8982e-17	 -4.468e-18	 -0.078353
0.476574	 2.6278e-17	 3.1618e-17	 4.3346e-17	 1.9014e-17	 -5.34e-18	 -0.0922344
0.477507	 2.6351e-17	 3.2e-17	 4.3667e-17	 1.8995e-17	 -5.649e-18	 -0.0968107
0.478438	 2.5865e-17	 3.1771e-17	 4.3165e-17	 1.8914e-17	 -5.906e-18	 -0.102471
0.479368	 2.5496e-17	 3.1655e-17	 4.2794e-17	 1.8916e-17	 -6.159e-18	 -0.107767
0.480297	 2.5214e-17	 3.1385e-17	 4.2309e-17	 1.8892e-17	 -6.171e-18	 -0.10903
0.481224	 2.5201e-17	 3.1414e-17	 4.2387e-17	 1.8852e-17	 -6.213e-18	 -0.109741
0.482149	 2.5462e-17	 3.1901e-17	 4.3012e-17	 1.9043e-17	 -6.439e-18	 -0.11225
0.483073	 2.6105e-17	 3.2579e-17	 4.4119e-17	 1.8943e-17	 -6.474e-18	 -0.11032
0.483996	 2.6803e-17	 3.369e-17	 4.559e-17	 1.9042e-17	 -6.887e-18	 -0.113848
0.484917	 2.7638e-17	 3.4871e-17	 4.7425e-17	 1.9149e-17	 -7.233e-18	 -0.115711
0.485837	 2.8279e-17	 3.5924e-17	 4.8806e-17	 1.9193e-17	 -7.645e-18	 -0.119075
0.486755	 2.8533e-17	 3.6783e-17	 4.9607e-17	 1.9012e-17	 -8.25e-18	 -0.126309
0.487672	 2.8531e-17	 3.711e-17	 4.9751e-17	 1.9144e-17	 -8.579e-18	 -0.130696
0.488587	 2.8075e-17	 3.6522e-17	 4.9188e-17	 1.8948e-17	 -8.447e-18	 -0.130765
0.489501	 2.7129e-17	 3.5861e-17	 4.7874e-17	 1.9011e-17	 -8.732e-18	 -0.138625
0.490413	 2.6045e-17	 3.4703e-17	 4.602e-17	 1.9059e-17	 -8.658e-18	 -0.142523
0.491324	 2.4913e-17	 3.3249e-17	 4.3882e-17	 1.9044e-17	 -8.336e-18	 -0.143324
0.492233	 2.3749e-17	 3.186e-17	 4.1909e-17	 1.8994e-17	 -8.111e-18	 -0.145858
0.49314	 2.3023e-17	 3.0888e-17	 4.0132e-17	 1.9069e-17	 -7.865e-18	 -0.145889
0.494047	 2.2727e-17	 3.0232e-17	 3.9564e-17	 1.9036e-17	 -7.505e-18	 -0.141713
0.494951	 2.2747e-17	 3.0208e-17	 3.9422e-17	 1.9051e-17	 -7.461e-18	 -0.140893
0.495855	 2.3128e-17	 3.0578e-17	 4.0101e-17	 1.9176e-17	 -7.45e-18	 -0.138718
0.496756	 2.3809e-17	 3.1264e-17	 4.1239e-17	 1.912e-17	 -7.455e-18	 -0.135366
0.497657	 2.4611e-17	 3.2264e-17	 4.2534e-17	 1.9193e-17	 -7.653e-18	 -0.134558
0.498555	 2.5286e-17	 3.3288e-17	 4.4086e-17	 1.9183e-17	 -8.002e-18	 -0.136614
0.499452	 2.5875e-17	 3.3937e-17	 4.5205e-17	 1.9176e-17	 -8.062e-18	 -0.134789
0.500348	 2.6174e-17	 3.4348e-17	 4.5799e-17	 1.907e-17	 -8.174e-18	 -0.135058
0.501242	 2.623e-17	 3.435e-17	 4.5616e-17	 1.9095e-17	 -8.12e-18	 -0.134038
0.502135	 2.5895e-17	 3.4029e-17	 4.5273e-17	 1.9058e-17	 -8.134e-18	 -0.135739
0.503026	 2.5526e-17	 3.3174e-17	 4.4802e-17	 1.8998e-17	 -7.648e-18	 -0.13029
0.503915	 2.5111e-17	 3.2667e-17	 4.3965e-17	 1.8944e-17	 -7.556e-18	 -0.130776
0.504803	 2.4813e-17	 3.2233e-17	 4.3092e-17	 1.894e-17	 -7.42e-18	 -0.13007
0.50569	 2.4625e-17	 3.1965e-17	 4.2816e-17	 1.8942e-17	 -7.34e-18	 -0.129705
0.506575	 2.4856e-17	 3.2009e-17	 4.3145e-17	 1.8957e-17	 -7.153e-18	 -0.125789
0.507458	 2.5448e-17	 3.2362e-17	 4.3869e-17	 1.8873e-17	 -6.914e-18	 -0.119599
0.50834	 2.5999e-17	 3.3024e-17	 4.4866e-17	 1.888e-17	 -7.025e-18	 -0.119021
0.50922	 2.6642e-17	 3.3753e-17	 4.6063e-17	 1.8979e-17	 -7.111e-18	 -0.117742
0.510099	 2.7272e-17	 3.4547e-17	 4.719e-17	 1.8755e-17	 -7.275e-18	 -0.117682
0.510976	 2.7778e-17	 3.5186e-17	 4.8399e-17	 1.8773e-17	 -7.408e-18	 -0.117655
0.511852	 2.7859e-17	 3.5392e-17	 4.8845e-17	 1.8618e-17	 -7.533e-18	 -0.119097
0.512726	 2.7797e-17	 3.5285e-17	 4.8631e-17	 1.8642e-17	 -7.488e-18	 -0.118703
0.513598	 2.7231e-17	 3.4643e-17	 4.7609e-17	 1.8536e-17	 -7.412e-18	 -0.119792
0.514469	 2.6322e-17	 3.3485e-17	 4.5939e-17	 1.8493e-17	 -7.163e-18	 -0.119769
0.515338	 2.5309e-17	 3.2275e-17	 4.3914e-17	 1.855e-17	 -6.966e-18	 -0.120971
0.516206	 2.4017e-17	 3.0686e-17	 4.178e-17	 1.8487e-17	 -6.669e-18	 -0.121913
0.517072	 2.2923e-17	 2.9125e-17	 3.9511e-17	 1.8461e-17	 -6.202e-18	 -0.119159
0.517937	 2.1956e-17	 2.7787e-17	 3.7596e-17	 1.8322e-17	 -5.831e-18	 -0.117223
0.5188	 2.1112e-17	 2.6518e-17	 3.5846e-17	 1.8294e-17	 -5.406e-18	 -0.1135
0.519662	 2.051e-17	 2.5626e-17	 3.4525e-17	 1.8393e-17	 -5.116e-18	 -0.11089
0.520522	 1.9945e-17	 2.4825e-17	 3.3607e-17	 1.8311e-17	 -4.88e-18	 -0.109002
0.52138	 1.9641e-17	 2.4398e-17	 3.2977e-17	 1.8156e-17	 -4.757e-18	 -0.108018
0.522237	 1.9527e-17	 2.3984e-17	 3.2591e-17	 1.808e-17	 -4.457e-18	 -0.102434
0.523092	 1.9294e-17	 2.355e-17	 3.2089e-17	 1.814e-17	 -4.256e-18	 -0.0993371
0.523945	 1.8964e-17	 2.3325e-17	 3.1584e-17	 1.8049e-17	 -4.361e-18	 -0.103124
0.524797	 1.8655e-17	 2.2756e-17	 3.0775e-17	 1.805e-17	 -4.101e-18	 -0.0990317
0.525648	 1.8217e-17	 2.2036e-17	 2.9926e-17	 1.804e-17	 -3.819e-18	 -0.0948749
0.526496	 1.7619e-17	 2.1281e-17	 2.8771e-17	 1.7978e-17	 -3.662e-18	 -0.0941388
0.527343	 1.7028e-17	 2.0337e-17	 2.732e-17	 1.7847e-17	 -3.309e-18	 -0.0885588
0.528189	 1.6362e-17	 1.9429e-17	 2.5574e-17	 1.796e-17	 -3.067e-18	 -0.0856919
0.529033	 1.5808e-17	 1.8673e-17	 2.4549e-17	 1.7979e-17	 -2.865e-18	 -0.0830892
0.529875	 1.5368e-17	 1.7787e-17	 2.3701e-17	 1.7895e-17	 -2.419e-18	 -0.0729603
0.530716	 1.5108e-17	 1.7204e-17	 2.2996e-17	 1.7844e-17	 -2.096e-18	 -0.0648675
0.531555	 1.501e-17	 1.6946e-17	 2.2748e-17	 1.777e-17	 -1.936e-18	 -0.0605833
0.532392	 1.5119e-17	 1.6731e-17	 2.2623e-17	 1.7792e-17	 -1.612e-18	 -0.0506122
0.533228	 1.5155e-17	 1.6695e-17	 2.2719e-17	 1.7757e-17	 -1.54e-18	 -0.0483516
0.534063	 1.5425e-17	 1.6933e-17	 2.3214e-17	 1.7625e-17	 -1.508e-18	 -0.0466036
0.534895	 1.5537e-17	 1.7082e-17	 2.3532e-17	 1.7485e-17	 -1.545e-18	 -0.047365
0.535726	 1.5669e-17	 1.7201e-17	 2.3689e-17	 1.7498e-17	 -1.532e-18	 -0.0466078
0.536555	 1.5712e-17	 1.7238e-17	 2.3909e-17	 1.7422e-17	 -1.526e-18	 -0.0463126
0.537383	 1.5782e-17	 1.7282e-17	 2.3782e-17	 1.7455e-17	 -1.5e-18	 -0.0453666
0.538209	 1.5611e-17	 1.7085e-17	 2.3499e-17	 1.7342e-17	 -1.474e-18	 -0.045082
0.539034	 1.5308e-17	 1.6703e-17	 2.3081e-17	 1.7377e-17	 -1.395e-18	 -0.0435788
0.539856	 1.5022e-17	 1.6333e-17	 2.2624e-17	 1.7326e-17	 -1.311e-18	 -0.0418115
0.540678	 1.479e-17	 1.6033e-17	 2.2008e-17	 1.7305e-17	 -1.243e-18	 -0.040327
0.541497	 1.456e-17	 1.5611e-17	 2.1748e-17	 1.7285e-17	 -1.051e-18	 -0.0348348
0.542315	 1.4276e-17	 1.5275e-17	 2.1169e-17	 1.7249e-17	 -9.99e-19	 -0.033806
0.543131	 1.41e-17	 1.5044e-17	 2.0726e-17	 1.7202e-17	 -9.44e-19	 -0.0323909
0.543946	 1.4051e-17	 1.4924e-17	 2.0671e-17	 1.7159e-17	 -8.73e-19	 -0.0301294
0.544758	 1.4018e-17	 1.4801e-17	 2.0672e-17	 1.7123e-17	 -7.83e-19	 -0.0271696
0.54557	 1.4053e-17	 1.4749e-17	 2.0617e-17	 1.719e-17	 -6.96e-19	 -0.024165
0.546379	 1.4122e-17	 1.4812e-17	 2.0652e-17	 1.7074e-17	 -6.9e-19	 -0.0238474
0.547187	 1.4146e-17	 1.4806e-17	 2.0713e-17	 1.66e-17	 -6.6e-19	 -0.0227964
0.547993	 1.414e-17	 1.4737e-17	 2.071e-17	 1.6779e-17	 -5.97e-19	 -0.0206739
0.548798	 1.3981e-17	 1.4699e-17	 2.0579e-17	 1.6767e-17	 -7.18e-19	 -0.0250349
0.549601	 1.3889e-17	 1.4525e-17	 2.024e-17	 1.682e-17	 -6.36e-19	 -0.0223833
0.550402	 1.3731e-17	 1.4294e-17	 1.9904e-17	 1.6799e-17	 -5.63e-19	 -0.0200892
0.551201	 1.355e-17	 1.4146e-17	 1.9538e-17	 1.6894e-17	 -5.96e-19	 -0.0215194
0.551999	 1.3369e-17	 1.3813e-17	 1.9321e-17	 1.6743e-17	 -4.44e-19	 -0.0163343
0.552796	 1.3211e-17	 1.3598e-17	 1.898e-17	 1.6799e-17	 -3.87e-19	 -0.0144355
0.55359	 1.3133e-17	 1.3466e-17	 1.8735e-17	 1.675e-17	 -3.33e-19	 -0.0125193
0.554383	 1.3107e-17	 1.3367e-17	 1.8713e-17	 1.6895e-17	 -2.6e-19	 -0.00982096
0.555174	 1.3267e-17	 1.3382e-17	 1.8773e-17	 1.6802e-17	 -1.15e-19	 -0.00431536
0.555963	 1.3353e-17	 1.3497e-17	 1.9084e-17	 1.678e-17	 -1.44e-19	 -0.00536313
0.556751	 1.357e-17	 1.3765e-17	 1.9274e-17	 1.6816e-17	 -1.95e-19	 -0.00713371
0.557537	 1.3736e-17	 1.3903e-17	 1.9773e-17	 1.6758e-17	 -1.67e-19	 -0.00604219
0.558321	 1.4012e-17	 1.4178e-17	 2.0222e-17	 1.6656e-17	 -1.66e-19	 -0.00588861
0.559104	 1.4174e-17	 1.4388e-17	 2.0482e-17	 1.6702e-17	 -2.14e-19	 -0.00749247
0.559885	 1.4257e-17	 1.461e-17	 2.0662e-17	 1.6832e-17	 -3.53e-19	 -0.0122285
0.560664	 1.4457e-17	 1.4776e-17	 2.1032e-17	 1.6683e-17	 -3.19e-19	 -0.0109123
0.561442	 1.4624e-17	 1.4903e-17	 2.1088e-17	 1.6804e-17	 -2.79e-19	 -0.00944898
0.562218	 1.4634e-17	 1.4925e-17	 2.1306e-17	 1.6762e-17	 -2.91e-19	 -0.00984472
0.562992	 1.4687e-17	 1.4975e-17	 2.139e-17	 1.6664e-17	 -2.88e-19	 -0.00970939
0.563764	 1.4626e-17	 1.4956e-17	 2.1344e-17	 1.6817e-17	 -3.3e-19	 -0.0111554
0.564535	 1.4742e-17	 1.5122e-17	 2.1691e-17	 1.6802e-17	 -3.8e-19	 -0.0127244
0.565304	 1.498e-17	 1.535e-17	 2.1941e-17	 1.6875e-17	 -3.7e-19	 -0.0121991
0.566071	 1.514e-17	 1.5618e-17	 2.217e-17	 1.6789e-17	 -4.78e-19	 -0.0155407
0.566836	 1.5392e-17	 1.582e-17	 2.2596e-17	 1.6716e-17	 -4.28e-19	 -0.0137127
0.5676	 1.5602e-17	 1.6159e-17	 2.3144e-17	 1.6865e-17	 -5.57e-19	 -0.0175372
0.568362	 1.5996e-17	 1.6512e-17	 2.3663e-17	 1.6889e-17	 -5.16e-19	 -0.015873
0.569122	 1.623e-17	 1.6794e-17	 2.4084e-17	 1.699e-17	 -5.64e-19	 -0.0170785
0.569881	 1.6485e-17	 1.7191e-17	 2.4539e-17	 1.6866e-17	 -7.06e-19	 -0.0209645
0.570638	 1.6712e-17	 1.7461e-17	 2.5046e-17	 1.7057e-17	 -7.49e-19	 -0.0219179
0.571393	 1.6761e-17	 1.7538e-17	 2.499e-17	 1.7069e-17	 -7.77e-19	 -0.0226537
0.572146	 1.6813e-17	 1.7536e-17	 2.5145e-17	 1.7052e-17	 -7.23e-19	 -0.0210486
0.572898	 1.6621e-17	 1.7468e-17	 2.5096e-17	 1.7021e-17	 -8.47e-19	 -0.0248467
0.573648	 1.6838e-17	 1.745e-17	 2.5014e-17	 1.7082e-17	 -6.12e-19	 -0.0178488
0.574396	 1.6851e-17	 1.7193e-17	 2.4695e-17	 1.7185e-17	 -3.42e-19	 -0.0100458
0.575142	 1.6618e-17	 1.7012e-17	 2.434e-17	 1.7088e-17	 -3.94e-19	 -0.0117157
0.575887	 1.6585e-17	 1.6774e-17	 2.4057e-17	 1.706e-17	 -1.89e-19	 -0.00566564
0.57663	 1.7068e-17	 1.6555e-17	 2.3735e-17	 1.7083e-17	 5.13e-19	 0.0152574
0.577371	 1.7896e-17	 1.6446e-17	 2.3615e-17	 1.7132e-17	 1.45e-18	 0.0422224
0.57811	 1.7962e-17	 1.6311e-17	 2.3502e-17	 1.7146e-17	 1.651e-18	 0.048172
0.578848	 1.8037e-17	 1.6374e-17	 2.3922e-17	 1.7109e-17	 1.663e-18	 0.0483276
0.579584	 1.8164e-17	 1.6411e-17	 2.756e-17	 1.7059e-17	 1.753e-18	 0.0507014
0.580318	 1.8437e-17	 1.6591e-17	 2.8343e-17	 1.7172e-17	 1.846e-18	 0.0527007
0.58105	 1.8723e-17	 1.6793e-17	 2.8952e-17	 1.7093e-17	 1.93e-18	 0.0543417
0.58178	 1.8869e-17	 1.6953e-17	 2.9465e-17	 1.7103e-17	 1.916e-18	 0.0534867
0.582509	 1.9265e-17	 1.7103e-17	 2.9822e-17	 1.7068e-17	 2.162e-18	 0.0594479
0.583236	 1.9447e-17	 1.7248e-17	 3.0167e-17	 1.7217e-17	 2.199e-18	 0.0599264
0.583961	 1.9542e-17	 1.8294e-17	 3.0419e-17	 1.7213e-17	 1.248e-18	 0.0329845
0.584685	 1.9539e-17	 2.0088e-17	 3.0295e-17	 1.7832e-17	 -5.49e-19	 -0.0138542
0.585406	 1.9626e-17	 2.0606e-17	 3.0411e-17	 1.7886e-17	 -9.8e-19	 -0.0243587
0.586126	 1.9445e-17	 2.0446e-17	 3.0128e-17	 1.8068e-17	 -1.001e-18	 -0.0250934
0.586844	 1.9388e-17	 2.0403e-17	 2.9999e-17	 1.8033e-17	 -1.015e-18	 -0.0255083
0.587561	 1.9205e-17	 2.0182e-17	 2.9567e-17	 1.8122e-17	 -9.77e-19	 -0.0248051
0.588275	 1.9123e-17	 2.0051e-17	 2.9466e-17	 1.7924e-17	 -9.28e-19	 -0.0236892
0.588988	 1.9113e-17	 2.0074e-17	 2.9443e-17	 1.8094e-17	 -9.61e-19	 -0.0245234
0.589699	 1.9258e-17	 2.0209e-17	 2.9607e-17	 1.7964e-17	 -9.51e-19	 -0.0240961
0.590408	 1.9443e-17	 2.0258e-17	 2.9984e-17	 1.8099e-17	 -8.15e-19	 -0.0205285
0.591115	 1.9762e-17	 2.0561e-17	 3.0577e-17	 1.8118e-17	 -7.99e-19	 -0.019815
0.591821	 2.0158e-17	 2.0979e-17	 3.1209e-17	 1.8134e-17	 -8.21e-19	 -0.0199577
0.592524	 2.0504e-17	 2.1424e-17	 3.1946e-17	 1.8151e-17	 -9.2e-19	 -0.0219424
0.593226	 2.1099e-17	 2.1975e-17	 3.2843e-17	 1.8205e-17	 -8.76e-19	 -0.0203371
0.593926	 2.1528e-17	 2.2446e-17	 3.3606e-17	 1.8462e-17	 -9.18e-19	 -0.020876
0.594625	 2.2017e-17	 2.2867e-17	 3.4238e-17	 1.8563e-17	 -8.5e-19	 -0.0189377
0.595321	 2.2255e-17	 2.3216e-17	 3.4698e-17	 1.8652e-17	 -9.61e-19	 -0.0211343
0.596016	 2.2514e-17	 2.3475e-17	 3.4999e-17	 1.8892e-17	 -9.61e-19	 -0.0208963
0.596709	 2.2537e-17	 2.3563e-17	 3.5198e-17	 1.8983e-17	 -1.026e-18	 -0.022256
0.5974	 2.2425e-17	 2.3595e-17	 3.5133e-17	 1.9064e-17	 -1.17e-18	 -0.0254237
0.598089	 2.2311e-17	 2.3386e-17	 3.4723e-17	 1.9095e-17	 -1.075e-18	 -0.0235245
0.598776	 2.1991e-17	 2.3043e-17	 3.4254e-17	 1.9125e-17	 -1.052e-18	 -0.0233601
0.599462	 2.1735e-17	 2.2753e-17	 3.3598e-17	 1.9157e-17	 -1.018e-18	 -0.0228826
0.600146	 2.1241e-17	 2.2261e-17	 3.2889e-17	 1.9002e-17	 -1.02e-18	 -0.0234472
0.600828	 2.0859e-17	 2.2008e-17	 3.2144e-17	 1.9004e-17	 -1.149e-18	 -0.0268038
0.601508	 2.0448e-17	 2.1653e-17	 3.1569e-17	 1.8973e-17	 -1.205e-18	 -0.0286216
0.602186	 2.0158e-17	 2.1225e-17	 3.1015e-17	 1.8936e-17	 -1.067e-18	 -0.0257835
0.602862	 1.9961e-17	 2.0966e-17	 3.0565e-17	 1.8854e-17	 -1.005e-18	 -0.0245559
0.603537	 1.9792e-17	 2.0778e-17	 3.031e-17	 1.8848e-17	 -9.86e-19	 -0.0243037
0.60421	 1.977e-17	 2.0663e-17	 3.014e-17	 1.8895e-17	 -8.93e-19	 -0.0220859
0.604881	 1.9701e-17	 2.0532e-17	 3.0018e-17	 1.8768e-17	 -8.31e-19	 -0.0206547
0.60555	 1.9707e-17	 2.0565e-17	 2.9956e-17	 1.8855e-17	 -8.58e-19	 -0.0213051
0.606217	 1.964e-17	 2.0596e-17	 3.0006e-17	 1.8711e-17	 -9.56e-19	 -0.0237598
0.606882	 1.9556e-17	 2.0509e-17	 2.9884e-17	 1.8833e-17	 -9.53e-19	 -0.0237863
0.607546	 1.947e-17	 2.038e-17	 2.9581e-17	 1.8846e-17	 -9.1e-19	 -0.0228356
0.608207	 1.9309e-17	 2.0179e-17	 2.9284e-17	 1.89e-17	 -8.7e-19	 -0.022032
0.608867	 1.9112e-17	 2.0006e-17	 2.8966e-17	 1.8875e-17	 -8.94e-19	 -0.0228539
0.609525	 1.8828e-17	 1.9759e-17	 2.8479e-17	 1.8827e-17	 -9.31e-19	 -0.0241273
0.610181	 1.8523e-17	 1.9335e-17	 2.7934e-17	 1.8597e-17	 -8.12e-19	 -0.0214486
0.610835	 1.8111e-17	 1.8974e-17	 2.7191e-17	 1.8622e-17	 -8.63e-19	 -0.0232709
0.611488	 1.7749e-17	 1.8578e-17	 2.6529e-17	 1.8533e-17	 -8.29e-19	 -0.0228205
0.612138	 1.7304e-17	 1.7945e-17	 2.5626e-17	 1.8535e-17	 -6.41e-19	 -0.0181849
0.612787	 1.6969e-17	 1.7622e-17	 2.5122e-17	 1.8452e-17	 -6.53e-19	 -0.0188777
0.613434	 1.6573e-17	 1.7258e-17	 2.4512e-17	 1.8176e-17	 -6.85e-19	 -0.0202477
0.614079	 1.6329e-17	 1.686e-17	 2.3976e-17	 1.8031e-17	 -5.31e-19	 -0.0159993
0.614722	 1.6102e-17	 1.6606e-17	 2.3747e-17	 1.7965e-17	 -5.04e-19	 -0.0154091
0.615363	 1.594e-17	 1.6412e-17	 2.3383e-17	 1.787e-17	 -4.72e-19	 -0.0145895
0.616002	 1.5792e-17	 1.6261e-17	 2.3201e-17	 1.7861e-17	 -4.69e-19	 -0.014632
0.61664	 1.5945e-17	 1.6268e-17	 2.3065e-17	 1.7756e-17	 -3.23e-19	 -0.010027
0.617275	 1.5869e-17	 1.6281e-17	 2.33e-17	 1.7742e-17	 -4.12e-19	 -0.0128149
0.617909	 1.6021e-17	 1.6318e-17	 2.3289e-17	 1.7891e-17	 -2.97e-19	 -0.00918396
0.618541	 1.602e-17	 1.6358e-17	 2.355e-17	 1.7765e-17	 -3.38e-19	 -0.0104392
0.619171	 1.6095e-17	 1.6479e-17	 2.366e-17	 1.7862e-17	 -3.84e-19	 -0.0117885
0.619799	 1.6172e-17	 1.6475e-17	 2.3716e-17	 1.7867e-17	 -3.03e-19	 -0.0092811
0.620425	 1.6367e-17	 1.6513e-17	 2.3649e-17	 1.7854e-17	 -1.46e-19	 -0.00444039
0.621049	 1.6234e-17	 1.6556e-17	 2.3783e-17	 1.7888e-17	 -3.22e-19	 -0.00982007
0.621671	 1.6178e-17	 1.652e-17	 2.3758e-17	 1.7955e-17	 -3.42e-19	 -0.0104594
0.622292	 1.6145e-17	 1.636e-17	 2.3519e-17	 1.7926e-17	 -2.15e-19	 -0.00661437
0.62291	 1.6003e-17	 1.6268e-17	 2.3264e-17	 1.7991e-17	 -2.65e-19	 -0.00821171
0.623527	 1.582e-17	 1.6081e-17	 2.3047e-17	 1.7815e-17	 -2.61e-19	 -0.00818156
0.624142	 1.575e-17	 1.5795e-17	 2.2745e-17	 1.7824e-17	 -4.5e-20	 -0.00142653
0.624755	 1.5474e-17	 1.5648e-17	 2.2492e-17	 1.767e-17	 -1.74e-19	 -0.0055909
0.625366	 1.5373e-17	 1.557e-17	 2.2215e-17	 1.7559e-17	 -1.97e-19	 -0.00636654
0.625975	 1.5263e-17	 1.5351e-17	 2.1985e-17	 1.7655e-17	 -8.8e-20	 -0.0028745
0.626582	 1.5129e-17	 1.5246e-17	 2.1815e-17	 1.7588e-17	 -1.17e-19	 -0.00385185
0.627187	 1.491e-17	 1.5196e-17	 2.1744e-17	 1.7497e-17	 -2.86e-19	 -0.00949977
0.62779	 1.4932e-17	 1.5122e-17	 2.1623e-17	 1.7533e-17	 -1.9e-19	 -0.00632195
0.628392	 1.498e-17	 1.5133e-17	 2.1687e-17	 1.7466e-17	 -1.53e-19	 -0.00508086
0.628991	 1.5058e-17	 1.5078e-17	 2.1843e-17	 1.7466e-17	 -2e-20	 -0.000663658
0.629589	 1.5083e-17	 1.5184e-17	 2.1878e-17	 1.7537e-17	 -1.01e-19	 -0.00333697
0.630184	 1.5118e-17	 1.5132e-17	 2.1794e-17	 1.756e-17	 -1.4e-20	 -0.00046281
0.630778	 1.5125e-17	 1.5098e-17	 2.1807e-17	 1.7686e-17	 2.7e-20	 0.000893359
0.63137	 1.513e-17	 1.5164e-17	 2.1901e-17	 1.7591e-17	 -3.4e-20	 -0.00112233
0.63196	 1.508e-17	 1.5192e-17	 2.1734e-17	 1.7688e-17	 -1.12e-19	 -0.00369979
0.632548	 1.5137e-17	 1.506e-17	 2.1848e-17	 1.7672e-17	 7.7e-20	 0.00254992
