Q 	 ICP 	  ICN 	 ILH 	 ILV 	 IXMCDR  
5.34655e-07	 3.8642e-11	 3.5726e-11	 3.1056e-11	 3.7198e-11	 2.916e-12	 0.0392104
0.00125092	 4.1873e-13	 3.3263e-13	 2.9212e-13	 3.4911e-13	 8.61e-14	 0.114592
0.00250128	 8.9555e-13	 7.827e-13	 7.2797e-13	 8.3589e-13	 1.1285e-13	 0.0672427
0.00375163	 1.6155e-12	 1.4716e-12	 1.4248e-12	 1.5656e-12	 1.439e-13	 0.0466133
0.00500197	 2.3911e-12	 2.2373e-12	 2.1692e-12	 2.3524e-12	 1.538e-13	 0.0332296
0.00625236	 3.1705e-12	 3.0001e-12	 2.9702e-12	 3.1408e-12	 1.704e-13	 0.0276148
0.00750266	 3.9427e-12	 3.749e-12	 3.738e-12	 3.9145e-12	 1.937e-13	 0.025183
0.00875294	 4.7085e-12	 4.4996e-12	 4.5137e-12	 4.683e-12	 2.089e-13	 0.0226865
0.0100032	 5.4564e-12	 5.226e-12	 5.1667e-12	 5.4285e-12	 2.304e-13	 0.0215682
0.0112534	 6.1613e-12	 5.915e-12	 5.8867e-12	 6.1348e-12	 2.463e-13	 0.0203953
0.0125036	 6.8393e-12	 6.5598e-12	 6.5155e-12	 6.7929e-12	 2.795e-13	 0.0208596
0.0137538	 7.4645e-12	 7.1621e-12	 7.0968e-12	 7.417e-12	 3.024e-13	 0.0206747
0.0150039	 8.0873e-12	 7.7644e-12	 7.715e-12	 8.0348e-12	 3.229e-13	 0.0203701
0.0162539	 8.7186e-12	 8.3742e-12	 8.2163e-12	 1.7031e-12	 3.444e-13	 0.0201488
0.017504	 9.3357e-12	 8.9811e-12	 8.7525e-12	 9.2795e-12	 3.546e-13	 0.0193593
0.0187539	 9.9218e-12	 9.5582e-12	 9.2466e-12	 9.856e-12	 3.636e-13	 0.0186653
0.0200038	 1.0445e-11	 1.0065e-11	 9.5552e-12	 1.0357e-11	 3.8e-13	 0.0185275
0.0212537	 1.0899e-11	 1.0492e-11	 1.0116e-11	 1.0783e-11	 4.07e-13	 0.0190267
0.0225034	 1.1308e-11	 1.0843e-11	 1.0323e-11	 1.1125e-11	 4.65e-13	 0.0209923
0.0237532	 1.1678e-11	 1.1161e-11	 1.0502e-11	 1.1427e-11	 5.17e-13	 0.0226367
0.0250028	 1.203e-11	 1.148e-11	 1.0771e-11	 1.1728e-11	 5.5e-13	 0.0233943
0.0262524	 1.2382e-11	 1.1803e-11	 1.0994e-11	 1.2023e-11	 5.79e-13	 0.0239405
0.0275018	 1.2678e-11	 1.2144e-11	 1.1351e-11	 1.2329e-11	 5.34e-13	 0.0215132
0.0287512	 1.2942e-11	 1.2389e-11	 1.1482e-11	 1.2542e-11	 5.53e-13	 0.021831
0.0300005	 1.3175e-11	 1.2578e-11	 1.1572e-11	 1.2702e-11	 5.97e-13	 0.0231818
0.0312498	 1.3336e-11	 1.2591e-11	 1.1626e-11	 1.2779e-11	 7.45e-13	 0.0287345
0.0324989	 1.3423e-11	 1.2703e-11	 1.1758e-11	 1.28e-11	 7.2e-13	 0.0275588
0.0337479	 1.3473e-11	 1.2779e-11	 1.1958e-11	 1.2832e-11	 6.94e-13	 0.0264361
0.0349968	 1.3513e-11	 1.2812e-11	 1.1894e-11	 1.2768e-11	 7.01e-13	 0.0266287
0.0362456	 1.3539e-11	 1.2808e-11	 1.182e-11	 1.272e-11	 7.31e-13	 0.0277451
0.0374944	 1.3552e-11	 1.2899e-11	 1.1705e-11	 1.2647e-11	 6.53e-13	 0.0246872
0.0387429	 1.3513e-11	 1.2846e-11	 1.1832e-11	 1.2538e-11	 6.67e-13	 0.0253045
0.0399914	 1.3416e-11	 1.2766e-11	 1.1766e-11	 1.2628e-11	 6.5e-13	 0.0248262
0.0412398	 1.3282e-11	 1.2626e-11	 1.1366e-11	 1.2389e-11	 6.56e-13	 0.0253204
0.042488	 1.3109e-11	 1.2439e-11	 1.1088e-11	 1.2193e-11	 6.7e-13	 0.0262251
0.0437361	 1.2907e-11	 1.2235e-11	 1.0784e-11	 1.1962e-11	 6.72e-13	 0.0267282
0.044984	 1.2685e-11	 1.2014e-11	 1.0494e-11	 1.1685e-11	 6.71e-13	 0.0271671
0.0462319	 1.2446e-11	 1.181e-11	 1.0392e-11	 1.1483e-11	 6.36e-13	 0.0262203
0.0474796	 1.2204e-11	 1.152e-11	 9.9271e-12	 1.1162e-11	 6.84e-13	 0.0288316
0.0487271	 1.1941e-11	 1.124e-11	 9.5791e-12	 1.0866e-11	 7.01e-13	 0.0302403
0.0499745	 1.1649e-11	 1.0919e-11	 9.219e-12	 1.0528e-11	 7.3e-13	 0.0323467
0.0512217	 1.1336e-11	 1.0578e-11	 8.8872e-12	 1.0192e-11	 7.58e-13	 0.0345898
0.0524688	 1.0994e-11	 1.0263e-11	 8.6656e-12	 9.9028e-12	 7.31e-13	 0.0343887
0.0537157	 1.0651e-11	 9.8339e-12	 8.2343e-12	 9.4325e-12	 8.171e-13	 0.0398879
0.0549625	 1.0275e-11	 9.3954e-12	 7.875e-12	 9.0075e-12	 8.796e-13	 0.0447169
0.0562091	 9.8911e-12	 8.9579e-12	 7.5321e-12	 8.5674e-12	 9.332e-13	 0.0495093
0.0574555	 9.4964e-12	 8.528e-12	 7.2146e-12	 8.1524e-12	 9.684e-13	 0.0537272
0.0587018	 9.0957e-12	 8.1817e-12	 6.9916e-12	 7.8375e-12	 9.14e-13	 0.0529015
0.0599478	 8.694e-12	 7.685e-12	 6.6052e-12	 7.3775e-12	 1.009e-12	 0.0616033
0.0611937	 8.2945e-12	 7.2478e-12	 6.2965e-12	 6.9997e-12	 1.0467e-12	 0.0673452
0.0624388	 7.8797e-12	 6.8721e-12	 5.9905e-12	 6.6155e-12	 1.0076e-12	 0.0683035
0.0636843	 7.4614e-12	 6.4756e-12	 5.67e-12	 6.2502e-12	 9.858e-13	 0.0707326
0.0649296	 7.0304e-12	 6.1372e-12	 5.4101e-12	 5.9296e-12	 8.932e-13	 0.0678332
0.0661747	 6.6081e-12	 5.7242e-12	 5.0591e-12	 5.53e-12	 8.839e-13	 0.0716736
0.0674196	 6.1909e-12	 5.3539e-12	 4.7448e-12	 5.1679e-12	 8.37e-13	 0.0725002
0.0686644	 5.766e-12	 5e-12	 4.4462e-12	 4.8195e-12	 7.66e-13	 0.0711499
0.0699089	 5.3527e-12	 4.6569e-12	 4.1432e-12	 4.4776e-12	 6.958e-13	 0.0695133
0.0711531	 4.9435e-12	 4.3307e-12	 3.8707e-12	 4.1711e-12	 6.128e-13	 0.0660758
0.0723972	 4.5502e-12	 3.9596e-12	 3.5531e-12	 3.8213e-12	 5.906e-13	 0.0694023
0.0736411	 4.1586e-12	 3.6257e-12	 3.2605e-12	 3.4933e-12	 5.329e-13	 0.0684583
0.0748847	 3.7861e-12	 3.3058e-12	 2.9791e-12	 3.1798e-12	 4.803e-13	 0.0677252
0.0761281	 3.4264e-12	 2.9853e-12	 2.7066e-12	 2.8775e-12	 4.411e-13	 0.0687961
0.0773712	 3.0999e-12	 2.7243e-12	 2.4733e-12	 2.6068e-12	 3.756e-13	 0.0644895
0.0786142	 2.7837e-12	 2.443e-12	 2.2218e-12	 2.3339e-12	 3.407e-13	 0.0651845
0.0798569	 2.4901e-12	 2.1914e-12	 1.9947e-12	 2.0902e-12	 2.987e-13	 0.0638043
0.0810993	 2.2178e-12	 1.9624e-12	 1.7664e-12	 1.8659e-12	 2.554e-13	 0.0610976
0.0823415	 1.9695e-12	 1.7464e-12	 1.5912e-12	 1.6462e-12	 2.231e-13	 0.0600393
0.0835835	 1.7415e-12	 1.5538e-12	 1.4233e-12	 1.4709e-12	 1.877e-13	 0.0569599
0.0848252	 1.5372e-12	 1.3676e-12	 1.255e-12	 1.2947e-12	 1.696e-13	 0.0583861
0.0860666	 1.3532e-12	 1.2072e-12	 1.1079e-12	 1.1405e-12	 1.46e-13	 0.0570223
0.0873078	 1.192e-12	 1.0651e-12	 9.7917e-13	 1.0054e-12	 1.269e-13	 0.0562226
0.0885487	 1.0518e-12	 9.4088e-13	 8.6619e-13	 8.858e-13	 1.1092e-13	 0.0556637
0.0897893	 9.3326e-13	 8.3766e-13	 7.7362e-13	 7.876e-13	 9.56e-14	 0.0539832
0.0910297	 8.3683e-13	 7.4932e-13	 6.9029e-13	 7.0223e-13	 8.751e-14	 0.0551713
0.0922698	 7.613e-13	 6.8052e-13	 6.268e-13	 6.3626e-13	 8.078e-14	 0.0560264
0.0935096	 7.0608e-13	 6.3012e-13	 5.8063e-13	 5.8695e-13	 7.596e-14	 0.0568478
0.0947491	 6.6875e-13	 5.9499e-13	 5.4947e-13	 5.5422e-13	 7.376e-14	 0.0583664
0.0959883	 6.4728e-13	 5.7762e-13	 5.3476e-13	 5.3602e-13	 6.966e-14	 0.0568699
0.0972273	 6.3904e-13	 5.682e-13	 5.2584e-13	 5.2672e-13	 7.084e-14	 0.0586793
0.0984659	 6.3974e-13	 5.6837e-13	 5.2687e-13	 5.2607e-13	 7.137e-14	 0.0590757
0.0997043	 6.4508e-13	 5.7445e-13	 5.3282e-13	 5.3027e-13	 7.063e-14	 0.0579158
0.100942	 6.5071e-13	 5.8065e-13	 5.4098e-13	 5.3667e-13	 7.006e-14	 0.0568964
0.10218	 6.545e-13	 5.8828e-13	 5.5048e-13	 5.4289e-13	 6.622e-14	 0.0532838
0.103417	 6.5201e-13	 5.8595e-13	 5.4832e-13	 5.3876e-13	 6.606e-14	 0.053362
0.104655	 6.4128e-13	 5.7724e-13	 5.4165e-13	 5.3046e-13	 6.404e-14	 0.0525556
0.105891	 6.2039e-13	 5.5987e-13	 5.2695e-13	 5.1388e-13	 6.052e-14	 0.0512768
0.107128	 5.9072e-13	 5.3399e-13	 5.0339e-13	 4.8888e-13	 5.673e-14	 0.0504397
0.108364	 5.523e-13	 5.0223e-13	 4.7527e-13	 4.5897e-13	 5.007e-14	 0.0474809
0.1096	 5.0685e-13	 4.6084e-13	 4.3554e-13	 4.1962e-13	 4.601e-14	 0.0475462
0.110835	 4.5695e-13	 4.1524e-13	 3.9294e-13	 3.7795e-13	 4.171e-14	 0.0478221
0.11207	 4.0525e-13	 3.6856e-13	 3.4887e-13	 3.3481e-13	 3.669e-14	 0.0474147
0.113305	 3.5467e-13	 3.2298e-13	 3.0534e-13	 2.9321e-13	 3.169e-14	 0.0467646
0.11454	 3.0789e-13	 2.7675e-13	 2.6571e-13	 2.5361e-13	 3.114e-14	 0.0532635
0.115774	 2.6575e-13	 2.4124e-13	 2.2758e-13	 2.1745e-13	 2.451e-14	 0.0483441
0.117007	 2.2957e-13	 2.0779e-13	 1.9633e-13	 1.8711e-13	 2.178e-14	 0.0497988
0.118241	 2.0023e-13	 1.8053e-13	 1.7143e-13	 1.6301e-13	 1.97e-14	 0.0517386
0.119474	 1.7751e-13	 1.5969e-13	 1.5263e-13	 1.4531e-13	 1.782e-14	 0.052847
0.120707	 1.6028e-13	 1.4478e-13	 1.3889e-13	 1.3135e-13	 1.55e-14	 0.0508097
0.121939	 1.4778e-13	 1.3297e-13	 1.2792e-13	 1.2076e-13	 1.481e-14	 0.0527516
0.123171	 1.3877e-13	 1.2478e-13	 1.2017e-13	 1.134e-13	 1.399e-14	 0.0530829
0.124402	 1.3148e-13	 1.1827e-13	 1.144e-13	 1.0761e-13	 1.321e-14	 0.0528929
0.125634	 1.2487e-13	 1.121e-13	 1.0917e-13	 1.0212e-13	 1.277e-14	 0.0538887
0.126864	 1.1788e-13	 1.0635e-13	 1.0382e-13	 9.6829e-14	 1.153e-14	 0.0514204
0.128095	 1.1025e-13	 9.8945e-14	 9.6568e-14	 9.0184e-14	 1.1305e-14	 0.0540405
0.129325	 1.0173e-13	 9.1006e-14	 8.9039e-14	 8.2806e-14	 1.0724e-14	 0.0556409
0.130554	 9.2735e-14	 8.2361e-14	 8.0689e-14	 7.4818e-14	 1.0374e-14	 0.0592475
0.131784	 8.3661e-14	 7.3778e-14	 7.2127e-14	 6.6876e-14	 9.883e-15	 0.0627735
0.133012	 7.5119e-14	 6.6043e-14	 6.4713e-14	 5.9536e-14	 9.076e-15	 0.0642949
0.134241	 6.7662e-14	 5.8841e-14	 5.7412e-14	 5.2789e-14	 8.821e-15	 0.0697296
0.135469	 6.1564e-14	 5.3049e-14	 5.1558e-14	 4.724e-14	 8.515e-15	 0.0742935
0.136696	 5.7034e-14	 4.8775e-14	 4.7376e-14	 4.3128e-14	 8.259e-15	 0.0780557
0.137924	 5.4004e-14	 4.6128e-14	 4.4468e-14	 4.0552e-14	 7.876e-15	 0.0786562
0.13915	 5.23e-14	 4.4908e-14	 4.3383e-14	 3.9298e-14	 7.392e-15	 0.0760431
0.140377	 5.1371e-14	 4.4221e-14	 4.2786e-14	 3.8552e-14	 7.15e-15	 0.0747971
0.141603	 5.0908e-14	 4.41e-14	 4.2698e-14	 3.8325e-14	 6.808e-15	 0.0716571
0.142828	 5.0237e-14	 4.3958e-14	 4.2629e-14	 3.8125e-14	 6.279e-15	 0.0666596
0.144053	 4.8899e-14	 4.3204e-14	 4.2191e-14	 3.7542e-14	 5.695e-15	 0.0618329
0.145278	 4.6379e-14	 4.1576e-14	 4.0802e-14	 3.6177e-14	 4.803e-15	 0.0546075
0.146502	 4.2405e-14	 3.8308e-14	 3.7669e-14	 3.3323e-14	 4.097e-15	 0.0507601
0.147726	 3.7024e-14	 3.3795e-14	 3.3283e-14	 2.9455e-14	 3.229e-15	 0.0455951
0.148949	 3.0584e-14	 2.8059e-14	 2.7864e-14	 2.4646e-14	 2.525e-15	 0.0430571
0.150172	 2.3608e-14	 2.2123e-14	 2.1752e-14	 1.9313e-14	 1.485e-15	 0.0324725
0.151394	 1.675e-14	 1.596e-14	 1.5588e-14	 1.3833e-14	 7.9e-16	 0.0241516
0.152616	 1.068e-14	 1.0335e-14	 1.0251e-14	 9.0899e-15	 3.45e-16	 0.0164168
0.153837	 6.0302e-15	 5.9517e-15	 5.8963e-15	 5.2414e-15	 7.85e-17	 0.00655155
0.155058	 3.2911e-15	 3.1886e-15	 3.1466e-15	 2.8167e-15	 1.025e-16	 0.0158186
0.156279	 2.539e-15	 2.1485e-15	 2.2458e-15	 2.0161e-15	 3.905e-16	 0.0833067
0.157499	 4.0294e-15	 3.1399e-15	 3.2941e-15	 2.9095e-15	 8.895e-16	 0.124071
0.158718	 7.9068e-15	 5.7985e-15	 6.1526e-15	 5.3938e-15	 2.1083e-15	 0.153831
0.159937	 1.335e-14	 1.0525e-14	 1.0641e-14	 9.2828e-15	 2.825e-15	 0.118325
0.161156	 2.0177e-14	 1.6197e-14	 1.6454e-14	 1.4268e-14	 3.98e-15	 0.109419
0.162374	 2.78e-14	 2.2841e-14	 2.2875e-14	 1.9776e-14	 4.959e-15	 0.0979246
0.163592	 3.5521e-14	 2.9697e-14	 3.0057e-14	 2.5855e-14	 5.824e-15	 0.0893005
0.164809	 4.2707e-14	 3.5523e-14	 3.6248e-14	 3.1107e-14	 7.184e-15	 0.0918318
0.166025	 4.8641e-14	 4.0902e-14	 4.1667e-14	 3.5614e-14	 7.739e-15	 0.0864277
0.167241	 5.2853e-14	 4.4544e-14	 4.5534e-14	 3.8777e-14	 8.309e-15	 0.0853106
0.168457	 5.5051e-14	 4.654e-14	 4.7353e-14	 4.0546e-14	 8.511e-15	 0.0837771
0.169672	 5.5281e-14	 4.7005e-14	 4.8249e-14	 4.0824e-14	 8.276e-15	 0.0809104
0.170886	 5.3736e-14	 4.5503e-14	 4.6663e-14	 3.9571e-14	 8.233e-15	 0.0829613
0.172101	 5.075e-14	 4.2824e-14	 4.3986e-14	 3.7217e-14	 7.926e-15	 0.084703
0.173314	 4.6826e-14	 3.9429e-14	 4.0537e-14	 3.4165e-14	 7.397e-15	 0.0857573
0.174527	 4.2341e-14	 3.5578e-14	 3.6667e-14	 3.0761e-14	 6.763e-15	 0.0867953
0.175739	 3.7732e-14	 3.1693e-14	 3.2773e-14	 2.733e-14	 6.039e-15	 0.086986
0.176951	 3.3162e-14	 2.7579e-14	 2.8566e-14	 2.3775e-14	 5.583e-15	 0.0919149
0.178163	 2.8873e-14	 2.3896e-14	 2.4729e-14	 2.0492e-14	 4.977e-15	 0.0943167
0.179373	 2.4958e-14	 2.0564e-14	 2.1247e-14	 1.7551e-14	 4.394e-15	 0.0965248
0.180584	 2.1554e-14	 1.7717e-14	 1.8271e-14	 1.5038e-14	 3.837e-15	 0.0977057
0.181793	 1.874e-14	 1.546e-14	 1.5935e-14	 1.3014e-14	 3.28e-15	 0.0959064
0.183003	 1.6524e-14	 1.361e-14	 1.4018e-14	 1.1403e-14	 2.914e-15	 0.0967014
0.184211	 1.4874e-14	 1.2321e-14	 1.2672e-14	 1.0249e-14	 2.553e-15	 0.0938776
0.185419	 1.3664e-14	 1.1384e-14	 1.1731e-14	 9.4774e-15	 2.28e-15	 0.0910252
0.186627	 1.274e-14	 1.0721e-14	 1.107e-14	 8.9186e-15	 2.019e-15	 0.0860577
0.187834	 1.1897e-14	 1.0179e-14	 1.0533e-14	 8.4597e-15	 1.718e-15	 0.0778221
0.18904	 1.097e-14	 9.4591e-15	 9.8332e-15	 7.891e-15	 1.5109e-15	 0.0739582
0.190246	 9.9e-15	 8.6018e-15	 8.4173e-15	 7.2042e-15	 1.2982e-15	 0.0701661
0.191451	 8.6791e-15	 7.5897e-15	 7.5361e-15	 6.3842e-15	 1.0894e-15	 0.0669625
0.192655	 7.3864e-15	 6.4918e-15	 6.5213e-15	 5.4952e-15	 8.946e-16	 0.0644608
0.193859	 5.804e-15	 5.0583e-15	 5.5226e-15	 4.6271e-15	 7.457e-16	 0.0686503
0.195063	 4.8551e-15	 4.2682e-15	 4.6191e-15	 3.6074e-15	 5.869e-16	 0.0643298
0.196266	 4.1952e-15	 3.6533e-15	 3.9776e-15	 3.0772e-15	 5.419e-16	 0.069045
0.197468	 3.9028e-15	 3.3442e-15	 3.661e-15	 2.7939e-15	 5.586e-16	 0.0770802
0.19867	 3.9981e-15	 3.3587e-15	 3.6878e-15	 2.7786e-15	 6.394e-16	 0.0869128
0.199871	 4.4778e-15	 3.7139e-15	 4.0894e-15	 3.0432e-15	 7.639e-16	 0.0932529
0.201071	 5.2909e-15	 4.3079e-15	 4.7643e-15	 3.5291e-15	 9.83e-16	 0.102409
0.202271	 6.7659e-15	 5.1689e-15	 5.729e-15	 4.2342e-15	 1.597e-15	 0.13381
0.20347	 8.1211e-15	 6.174e-15	 6.8765e-15	 5.0208e-15	 1.9471e-15	 0.136208
0.204668	 9.5258e-15	 7.6447e-15	 8.0807e-15	 5.9454e-15	 1.8811e-15	 0.109554
0.205866	 1.0811e-14	 8.8469e-15	 9.3024e-15	 6.8125e-15	 1.9641e-15	 0.099914
0.207064	 1.1819e-14	 9.6689e-15	 1.0754e-14	 7.4472e-15	 2.1501e-15	 0.100061
0.20826	 1.2414e-14	 1.0158e-14	 1.141e-14	 7.8277e-15	 2.256e-15	 0.0999468
0.209456	 1.2494e-14	 1.0269e-14	 1.1525e-14	 7.9008e-15	 2.225e-15	 0.0977463
0.210652	 1.2043e-14	 9.9139e-15	 1.1187e-14	 7.6317e-15	 2.1291e-15	 0.0969672
0.211847	 1.1114e-14	 9.2385e-15	 1.0447e-14	 7.0811e-15	 1.8755e-15	 0.0921508
0.213041	 9.829e-15	 8.1512e-15	 9.2324e-15	 6.2518e-15	 1.6778e-15	 0.0933138
0.214234	 8.3566e-15	 6.9513e-15	 7.8796e-15	 5.3242e-15	 1.4053e-15	 0.0918023
0.215427	 6.837e-15	 5.6764e-15	 6.4728e-15	 4.361e-15	 1.1606e-15	 0.0927486
0.216619	 5.4013e-15	 4.5025e-15	 5.1303e-15	 3.4525e-15	 8.988e-16	 0.090753
0.217811	 4.1286e-15	 3.4762e-15	 3.9623e-15	 2.6419e-15	 6.524e-16	 0.0857879
0.219002	 3.0473e-15	 2.5588e-15	 2.9206e-15	 1.9391e-15	 4.885e-16	 0.0871372
0.220192	 2.1717e-15	 1.8302e-15	 2.0869e-15	 1.3786e-15	 3.415e-16	 0.0853345
0.221381	 1.4971e-15	 1.186e-15	 1.349e-15	 9.4235e-16	 3.111e-16	 0.115948
0.22257	 9.6675e-16	 8.2477e-16	 9.2877e-16	 6.3574e-16	 1.4198e-16	 0.0792511
0.223758	 7.1178e-16	 6.166e-16	 6.8934e-16	 4.6227e-16	 9.518e-17	 0.0716512
0.224946	 6.4767e-16	 5.6319e-16	 6.27e-16	 4.1937e-16	 8.448e-17	 0.0697686
0.226132	 7.523e-16	 6.5816e-16	 7.3747e-16	 4.9061e-16	 9.414e-17	 0.0667442
0.227319	 9.8024e-16	 8.6246e-16	 9.7641e-16	 6.4695e-16	 1.1778e-16	 0.0639171
0.228504	 1.266e-15	 1.1213e-15	 1.2781e-15	 8.4821e-16	 1.447e-16	 0.0606124
0.229689	 1.5344e-15	 1.3468e-15	 1.5742e-15	 1.0688e-15	 1.876e-16	 0.0651118
0.230873	 1.6996e-15	 1.5203e-15	 1.7631e-15	 1.2055e-15	 1.793e-16	 0.055685
0.232056	 1.7205e-15	 1.5543e-15	 1.813e-15	 1.2372e-15	 1.662e-16	 0.0507512
0.233239	 1.5895e-15	 1.4541e-15	 1.7053e-15	 1.1639e-15	 1.354e-16	 0.0444868
0.23442	 1.3345e-15	 1.2361e-15	 1.4581e-15	 9.9921e-16	 9.84e-17	 0.038279
0.235602	 1.0125e-15	 9.59e-16	 1.1392e-15	 7.8309e-16	 5.35e-17	 0.0271367
0.236782	 6.8571e-16	 6.6326e-16	 7.9491e-16	 5.5178e-16	 2.245e-17	 0.0166423
0.237962	 4.1156e-16	 4.0682e-16	 4.9253e-16	 3.4919e-16	 4.74e-18	 0.00579193
0.239141	 2.3144e-16	 2.2713e-16	 2.7352e-16	 1.9891e-16	 4.31e-18	 0.00939878
0.240319	 1.3961e-16	 1.188e-16	 1.6712e-16	 1.2818e-16	 2.081e-17	 0.0805309
0.241497	 1.5405e-16	 1.0122e-16	 1.2831e-16	 8.6953e-17	 5.283e-17	 0.206957
0.242673	 2.5202e-16	 1.5695e-16	 1.9293e-16	 1.1931e-16	 9.507e-17	 0.232462
0.24385	 4.4165e-16	 2.7777e-16	 3.383e-16	 2.2616e-16	 1.6388e-16	 0.227795
0.245025	 6.9694e-16	 4.8015e-16	 5.7888e-16	 3.3233e-16	 2.1679e-16	 0.184175
0.246199	 1.0238e-15	 7.3594e-16	 8.6019e-16	 5.2467e-16	 2.8786e-16	 0.163581
0.247373	 1.4141e-15	 1.0688e-15	 1.2599e-15	 7.3204e-16	 3.453e-16	 0.139071
0.248546	 1.8642e-15	 1.421e-15	 1.7316e-15	 1.021e-15	 4.432e-16	 0.134908
0.249719	 2.3314e-15	 1.8097e-15	 2.1905e-15	 1.3059e-15	 5.217e-16	 0.125981
0.25089	 2.7766e-15	 2.1843e-15	 2.6688e-15	 1.5798e-15	 5.923e-16	 0.119394
0.252061	 3.1506e-15	 2.5076e-15	 3.0737e-15	 1.8058e-15	 6.43e-16	 0.11364
0.253231	 3.4214e-15	 2.7572e-15	 3.3892e-15	 1.9937e-15	 6.642e-16	 0.1075
0.2544	 3.5446e-15	 2.8606e-15	 3.5283e-15	 2.0732e-15	 6.84e-16	 0.106788
0.255569	 3.542e-15	 2.8582e-15	 3.5442e-15	 2.0718e-15	 6.838e-16	 0.10684
0.256736	 3.4166e-15	 2.7593e-15	 3.434e-15	 1.9989e-15	 6.573e-16	 0.10643
0.257903	 3.204e-15	 2.5848e-15	 3.2318e-15	 1.8676e-15	 6.192e-16	 0.106965
0.25907	 2.9421e-15	 2.3785e-15	 2.9875e-15	 1.7149e-15	 5.636e-16	 0.105928
0.260235	 2.6655e-15	 2.1352e-15	 2.6935e-15	 1.5379e-15	 5.303e-16	 0.110463
0.261399	 2.4119e-15	 1.923e-15	 2.4339e-15	 1.3804e-15	 4.889e-16	 0.112782
0.262563	 2.1995e-15	 1.744e-15	 2.2143e-15	 1.2458e-15	 4.555e-16	 0.115507
0.263726	 2.0351e-15	 1.6093e-15	 2.0455e-15	 1.1432e-15	 4.258e-16	 0.116837
0.264888	 1.9221e-15	 1.5185e-15	 1.9415e-15	 1.0734e-15	 4.036e-16	 0.117305
0.26605	 1.8495e-15	 1.4498e-15	 1.8576e-15	 1.022e-15	 3.997e-16	 0.121147
0.26721	 1.8063e-15	 1.4123e-15	 1.8136e-15	 9.9243e-16	 3.94e-16	 0.122413
0.26837	 1.7767e-15	 1.3877e-15	 1.7875e-15	 9.7237e-16	 3.89e-16	 0.12293
0.269529	 1.7413e-15	 1.36e-15	 1.7582e-15	 9.5227e-16	 3.813e-16	 0.122948
0.270687	 1.6811e-15	 1.3196e-15	 1.7121e-15	 9.2138e-16	 3.615e-16	 0.120472
0.271844	 1.5811e-15	 1.2365e-15	 1.6094e-15	 8.6391e-16	 3.446e-16	 0.122303
0.273001	 1.4358e-15	 1.1227e-15	 1.4648e-15	 7.859e-16	 3.131e-16	 0.122376
0.274156	 1.2546e-15	 9.7689e-16	 1.2813e-15	 6.8475e-16	 2.7771e-16	 0.12445
0.275311	 1.0516e-15	 8.137e-16	 1.0738e-15	 5.7239e-16	 2.379e-16	 0.12754
0.276465	 8.5272e-16	 6.5493e-16	 8.6771e-16	 4.6122e-16	 1.9779e-16	 0.131191
0.277618	 6.8514e-16	 5.1417e-16	 6.8586e-16	 3.6813e-16	 1.7097e-16	 0.142557
0.27877	 5.738e-16	 4.209e-16	 5.6218e-16	 2.8488e-16	 1.529e-16	 0.153715
0.279922	 5.3514e-16	 3.859e-16	 5.1248e-16	 2.5528e-16	 1.4924e-16	 0.162034
0.281072	 5.6714e-16	 4.1034e-16	 5.4099e-16	 2.6333e-16	 1.568e-16	 0.160412
0.282222	 6.6006e-16	 4.876e-16	 6.3892e-16	 3.04e-16	 1.7246e-16	 0.150271
0.283371	 7.9319e-16	 5.9475e-16	 7.761e-16	 3.6363e-16	 1.9844e-16	 0.142974
0.284519	 9.4661e-16	 7.2023e-16	 9.4054e-16	 4.3795e-16	 2.2638e-16	 0.135814
0.285666	 1.102e-15	 8.5081e-16	 1.1132e-15	 5.3064e-16	 2.5119e-16	 0.12863
0.286812	 1.2552e-15	 9.8285e-16	 1.2866e-15	 5.9084e-16	 2.7235e-16	 0.121691
0.287957	 1.4047e-15	 1.1203e-15	 1.4699e-15	 6.6869e-16	 2.844e-16	 0.112634
0.289102	 1.5688e-15	 1.2556e-15	 1.6477e-15	 7.4873e-16	 3.132e-16	 0.110891
0.290245	 1.7469e-15	 1.4067e-15	 1.8533e-15	 8.413e-16	 3.402e-16	 0.107877
0.291388	 1.9436e-15	 1.5775e-15	 2.0844e-15	 9.6557e-16	 3.661e-16	 0.103973
0.29253	 2.154e-15	 1.7621e-15	 2.3319e-15	 1.0822e-15	 3.919e-16	 0.100074
0.293671	 2.3608e-15	 1.9526e-15	 2.5929e-15	 1.1966e-15	 4.082e-16	 0.0946353
0.294811	 2.5373e-15	 2.0961e-15	 2.7986e-15	 1.2828e-15	 4.412e-16	 0.0952217
0.29595	 2.6554e-15	 2.2021e-15	 2.9442e-15	 1.3448e-15	 4.533e-16	 0.0933196
0.297088	 2.6989e-15	 2.2479e-15	 3.0153e-15	 1.3666e-15	 4.51e-16	 0.09117
0.298226	 2.6542e-15	 2.2199e-15	 2.9826e-15	 1.3439e-15	 4.343e-16	 0.0891036
0.299362	 2.5232e-15	 2.1191e-15	 2.8623e-15	 1.2788e-15	 4.041e-16	 0.0870474
0.300497	 2.3155e-15	 1.9409e-15	 2.6263e-15	 1.1653e-15	 3.746e-16	 0.0880086
0.301632	 2.0606e-15	 1.7259e-15	 2.3429e-15	 1.0333e-15	 3.347e-16	 0.088393
0.302766	 1.7844e-15	 1.4934e-15	 2.0356e-15	 8.9036e-16	 2.91e-16	 0.0887791
0.303898	 1.5135e-15	 1.2662e-15	 1.7285e-15	 7.5195e-16	 2.473e-16	 0.0889664
0.30503	 1.2655e-15	 1.0609e-15	 1.4544e-15	 6.2787e-16	 2.046e-16	 0.087947
0.306161	 1.0527e-15	 8.7821e-16	 1.2064e-15	 5.181e-16	 1.7449e-16	 0.0903667
0.307291	 8.7896e-16	 7.3235e-16	 1.0076e-15	 4.3041e-16	 1.4661e-16	 0.0909881
0.30842	 7.4138e-16	 6.1715e-16	 8.4971e-16	 3.6123e-16	 1.2423e-16	 0.0914444
0.309548	 6.3223e-16	 5.2572e-16	 7.2664e-16	 3.0772e-16	 1.0651e-16	 0.0919815
0.310675	 5.4647e-16	 4.5384e-16	 6.3044e-16	 2.6612e-16	 9.263e-17	 0.0926013
0.311802	 4.7477e-16	 3.9157e-16	 5.4582e-16	 2.2988e-16	 8.32e-17	 0.0960362
0.312927	 4.1127e-16	 3.3648e-16	 4.7431e-16	 1.9973e-16	 7.479e-17	 0.10002
0.314051	 3.5244e-16	 2.8805e-16	 4.0872e-16	 1.8425e-16	 6.439e-17	 0.100532
0.315175	 2.9844e-16	 2.3224e-16	 3.3261e-16	 1.4209e-16	 6.62e-17	 0.124746
0.316297	 2.3397e-16	 1.8734e-16	 2.7204e-16	 1.18e-16	 4.663e-17	 0.110679
0.317418	 1.8266e-16	 1.4427e-16	 2.1247e-16	 9.4923e-17	 3.839e-17	 0.117426
0.318539	 1.349e-16	 1.0599e-16	 1.5801e-16	 7.4122e-17	 2.891e-17	 0.120013
0.319658	 9.4407e-17	 7.4104e-17	 1.1213e-16	 5.6269e-17	 2.0303e-17	 0.120485
0.320777	 6.3702e-17	 5.0953e-17	 7.7493e-17	 6.7355e-17	 1.2749e-17	 0.111194
0.321894	 5.8613e-17	 3.7814e-17	 5.6727e-17	 3.5164e-17	 2.0799e-17	 0.215697
0.323011	 3.8273e-17	 3.5111e-17	 5.0461e-17	 3.2191e-17	 3.162e-18	 0.0430884
0.324126	 4.2991e-17	 4.1688e-17	 5.7504e-17	 3.4023e-17	 1.303e-18	 0.0153875
0.325241	 5.6166e-17	 5.5002e-17	 7.5053e-17	 3.9527e-17	 1.164e-18	 0.0104706
0.326355	 7.389e-17	 7.1737e-17	 9.7888e-17	 4.7041e-17	 2.153e-18	 0.0147843
0.327467	 9.263e-17	 8.8936e-17	 1.2184e-16	 5.4997e-17	 3.694e-18	 0.0203452
0.328579	 1.094e-16	 1.0377e-16	 1.4288e-16	 6.212e-17	 5.63e-18	 0.0264108
0.329689	 1.233e-16	 1.1628e-16	 1.6059e-16	 6.8083e-17	 7.02e-18	 0.0293013
0.330799	 1.4746e-16	 1.266e-16	 1.7604e-16	 7.3162e-17	 2.086e-17	 0.0761147
0.331907	 1.4484e-16	 1.3609e-16	 1.9077e-16	 7.777e-17	 8.75e-18	 0.0311465
0.333015	 1.5602e-16	 1.4712e-16	 2.0661e-16	 8.3177e-17	 8.9e-18	 0.0293594
0.334122	 1.6922e-16	 1.5918e-16	 2.2488e-16	 8.8786e-17	 1.004e-17	 0.0305725
0.335227	 1.8465e-16	 1.7364e-16	 2.4543e-16	 9.5728e-17	 1.101e-17	 0.0307293
0.336332	 2.0006e-16	 1.8752e-16	 2.6758e-16	 1.0205e-16	 1.254e-17	 0.0323546
0.337435	 2.1336e-16	 1.9976e-16	 2.8562e-16	 1.0775e-16	 1.36e-17	 0.0329202
0.338538	 2.2195e-16	 2.0796e-16	 2.9855e-16	 1.108e-16	 1.399e-17	 0.0325417
0.339639	 2.2405e-16	 2.0858e-16	 3.0027e-16	 1.1032e-16	 1.547e-17	 0.035758
0.340739	 2.2012e-16	 2.0335e-16	 2.9377e-16	 1.0704e-16	 1.677e-17	 0.0396014
0.341839	 2.1165e-16	 1.9381e-16	 2.7998e-16	 1.0135e-16	 1.784e-17	 0.0439994
0.342937	 2.0169e-16	 1.8197e-16	 2.6403e-16	 9.4788e-17	 1.972e-17	 0.0513997
0.344034	 1.9358e-16	 1.7098e-16	 2.4926e-16	 8.8816e-17	 2.26e-17	 0.0619925
0.345131	 1.9018e-16	 1.6278e-16	 2.3966e-16	 8.4307e-17	 2.74e-17	 0.0776292
0.346226	 1.9325e-16	 1.5987e-16	 2.3778e-16	 8.2233e-17	 3.338e-17	 0.0945288
0.34732	 2.0229e-16	 1.6305e-16	 2.4435e-16	 8.3353e-17	 3.924e-17	 0.107407
0.348413	 2.1616e-16	 1.7081e-16	 2.5739e-16	 8.6382e-17	 4.535e-17	 0.117193
0.349505	 2.3319e-16	 1.82e-16	 2.7756e-16	 9.1013e-17	 5.119e-17	 0.123293
0.350596	 2.5157e-16	 1.9447e-16	 2.9726e-16	 9.6098e-17	 5.71e-17	 0.128015
0.351686	 2.7105e-16	 2.0852e-16	 3.2098e-16	 1.0195e-16	 6.253e-17	 0.130388
0.352775	 2.9165e-16	 2.2463e-16	 3.4694e-16	 1.0892e-16	 6.702e-17	 0.129813
0.353862	 3.2758e-16	 2.4314e-16	 3.7645e-16	 1.163e-16	 8.444e-17	 0.147953
0.354949	 3.4163e-16	 2.6518e-16	 4.1288e-16	 1.2584e-16	 7.645e-17	 0.125987
0.356034	 3.7196e-16	 2.8954e-16	 4.5123e-16	 1.3505e-16	 8.242e-17	 0.124596
0.357119	 4.056e-16	 3.1658e-16	 5.1116e-16	 1.4571e-16	 8.902e-17	 0.123266
0.358202	 4.3842e-16	 3.5497e-16	 5.3775e-16	 1.5631e-16	 8.345e-17	 0.105182
0.359285	 4.6581e-16	 3.6717e-16	 5.7564e-16	 1.6458e-16	 9.864e-17	 0.118418
0.360366	 4.8359e-16	 3.8288e-16	 6.0233e-16	 1.7028e-16	 1.0071e-16	 0.11623
0.361446	 4.863e-16	 3.8471e-16	 6.071e-16	 1.7022e-16	 1.0159e-16	 0.116635
0.362525	 4.714e-16	 3.7372e-16	 5.9068e-16	 1.6495e-16	 9.768e-17	 0.115581
0.363603	 4.3942e-16	 3.4895e-16	 5.5278e-16	 1.5395e-16	 9.047e-17	 0.114756
0.36468	 3.9192e-16	 3.1178e-16	 4.9578e-16	 1.3845e-16	 8.014e-17	 0.113884
0.365755	 3.3473e-16	 2.6598e-16	 4.248e-16	 1.1978e-16	 6.875e-17	 0.114448
0.36683	 2.718e-16	 2.1608e-16	 3.4567e-16	 9.9536e-17	 5.572e-17	 0.114208
0.367903	 2.1093e-16	 1.6746e-16	 2.6924e-16	 8.0376e-17	 4.347e-17	 0.114881
0.368976	 1.5862e-16	 1.254e-16	 2.0206e-16	 6.3449e-17	 3.322e-17	 0.116964
0.370047	 1.1593e-16	 9.1243e-17	 1.4762e-16	 5.0284e-17	 2.4687e-17	 0.119161
0.371117	 8.5304e-17	 6.678e-17	 1.08e-16	 4.0664e-17	 1.8524e-17	 0.121801
0.372186	 6.557e-17	 6.4814e-17	 1.0197e-16	 3.4334e-17	 7.56e-19	 0.00579826
0.373254	 6.8151e-17	 4.2573e-17	 6.7799e-17	 3.0585e-17	 2.5578e-17	 0.231007
0.37432	 4.969e-17	 3.8635e-17	 6.1133e-17	 2.8923e-17	 1.1055e-17	 0.125163
0.375386	 4.8018e-17	 3.755e-17	 5.8952e-17	 2.7939e-17	 1.0468e-17	 0.122335
0.37645	 4.7333e-17	 3.7426e-17	 5.8486e-17	 2.7579e-17	 9.907e-18	 0.116884
0.377514	 4.6924e-17	 3.7412e-17	 5.807e-17	 2.7238e-17	 9.512e-18	 0.112787
0.378576	 4.7033e-17	 3.7894e-17	 5.8433e-17	 2.7224e-17	 9.139e-18	 0.10761
0.379637	 4.87e-17	 3.9561e-17	 6.0743e-17	 2.7404e-17	 9.139e-18	 0.103545
0.380696	 5.3534e-17	 4.4249e-17	 6.7666e-17	 2.8589e-17	 9.285e-18	 0.0949552
0.381755	 6.3659e-17	 5.2978e-17	 8.1236e-17	 3.0974e-17	 1.0681e-17	 0.0915747
0.382813	 8.0231e-17	 6.7125e-17	 1.0331e-16	 3.4918e-17	 1.3106e-17	 0.0889411
0.383869	 1.0391e-16	 8.7069e-17	 1.3503e-16	 4.0706e-17	 1.6841e-17	 0.0881825
0.384924	 1.507e-16	 1.1249e-16	 1.7607e-16	 4.8099e-17	 3.821e-17	 0.14518
0.385978	 1.714e-16	 1.562e-16	 2.4521e-16	 5.6533e-17	 1.52e-17	 0.046398
0.387031	 2.1109e-16	 1.7546e-16	 2.7973e-16	 6.5641e-17	 3.563e-17	 0.0921744
0.388082	 2.5055e-16	 2.0746e-16	 3.3296e-16	 7.4596e-17	 4.309e-17	 0.0940809
0.389133	 2.8667e-16	 2.3712e-16	 3.8195e-16	 8.2321e-17	 4.955e-17	 0.094599
0.390182	 3.2781e-16	 2.6122e-16	 4.2337e-16	 8.855e-17	 6.659e-17	 0.11305
0.39123	 3.378e-16	 2.7843e-16	 4.5434e-16	 9.2876e-17	 5.937e-17	 0.0963439
0.392277	 3.4883e-16	 2.8886e-16	 4.8761e-16	 9.5117e-17	 5.997e-17	 0.0940426
0.393323	 3.5153e-16	 2.8663e-16	 4.7586e-16	 9.46e-17	 6.49e-17	 0.101699
0.394367	 3.4532e-16	 2.8288e-16	 4.6849e-16	 9.2272e-17	 6.244e-17	 0.0993951
0.39541	 3.3411e-16	 2.7347e-16	 4.5399e-16	 8.9341e-17	 6.064e-17	 0.0998058
0.396452	 3.1946e-16	 2.6238e-16	 4.366e-16	 8.5427e-17	 5.708e-17	 0.0981026
0.397493	 3.0539e-16	 2.5111e-16	 4.1915e-16	 8.1705e-17	 5.428e-17	 0.0975382
0.398533	 2.9249e-16	 2.4071e-16	 4.0249e-16	 7.8583e-17	 5.178e-17	 0.0971118
0.399571	 2.8221e-16	 2.3245e-16	 3.8977e-16	 7.5865e-17	 4.976e-17	 0.0966852
0.400608	 2.7419e-16	 2.263e-16	 3.8066e-16	 7.3585e-17	 4.789e-17	 0.0956862
0.401644	 2.6686e-16	 2.2068e-16	 3.7176e-16	 7.1587e-17	 4.618e-17	 0.0947204
0.402679	 2.5789e-16	 2.1383e-16	 3.6144e-16	 6.916e-17	 4.406e-17	 0.0934029
0.403713	 2.4553e-16	 2.0348e-16	 3.4434e-16	 6.6382e-17	 4.205e-17	 0.0936505
0.404745	 2.2842e-16	 1.8969e-16	 3.2109e-16	 6.2383e-17	 3.873e-17	 0.0926311
0.405776	 2.0569e-16	 1.7132e-16	 2.9078e-16	 5.7403e-17	 3.437e-17	 0.0911647
0.406806	 1.7894e-16	 1.4915e-16	 2.5353e-16	 5.1532e-17	 2.979e-17	 0.0907983
0.407835	 1.4843e-16	 1.2417e-16	 2.1155e-16	 4.5582e-17	 2.426e-17	 0.0889949
0.408862	 1.176e-16	 9.8411e-17	 1.68e-16	 3.9445e-17	 1.9189e-17	 0.0888334
0.409888	 8.8644e-17	 7.4502e-17	 1.2698e-16	 3.3887e-17	 1.4142e-17	 0.0866831
0.410913	 6.3828e-17	 5.3852e-17	 1.1019e-16	 2.9345e-17	 9.976e-18	 0.0847723
0.411936	 5.7907e-17	 3.8043e-17	 6.3344e-17	 2.5478e-17	 1.9864e-17	 0.207024
0.412959	 3.065e-17	 4.1265e-17	 4.4273e-17	 2.3012e-17	 -1.0615e-17	 -0.147605
0.41398	 2.2935e-17	 2.1109e-17	 3.3285e-17	 2.1702e-17	 1.826e-18	 0.0414585
0.415	 1.9973e-17	 1.8974e-17	 2.9257e-17	 2.1153e-17	 9.99e-19	 0.0256502
0.416018	 2.0231e-17	 1.9539e-17	 2.987e-17	 2.1153e-17	 6.92e-19	 0.0174001
0.417036	 2.2267e-17	 2.1669e-17	 3.3192e-17	 2.1528e-17	 5.98e-19	 0.0136107
0.418052	 2.4917e-17	 2.4136e-17	 3.7201e-17	 2.178e-17	 7.81e-19	 0.0159216
0.419066	 2.7108e-17	 2.6328e-17	 4.0263e-17	 2.2234e-17	 7.8e-19	 0.0145969
0.42008	 2.8735e-17	 2.762e-17	 4.2879e-17	 2.2321e-17	 1.115e-18	 0.0197853
0.421092	 2.9917e-17	 2.8869e-17	 4.4692e-17	 2.2574e-17	 1.048e-18	 0.0178274
0.422103	 3.0688e-17	 2.9648e-17	 4.6168e-17	 2.2637e-17	 1.04e-18	 0.0172368
0.423113	 3.2214e-17	 3.0901e-17	 4.8519e-17	 2.2941e-17	 1.313e-18	 0.0208033
0.424121	 3.418e-17	 3.2896e-17	 5.1642e-17	 2.3175e-17	 1.284e-18	 0.0191425
0.425128	 3.7204e-17	 3.5419e-17	 5.6537e-17	 2.3653e-17	 1.785e-18	 0.024579
0.426134	 4.1264e-17	 3.9216e-17	 6.2799e-17	 2.4027e-17	 2.048e-18	 0.0254473
0.427138	 4.6246e-17	 4.3631e-17	 7.0595e-17	 2.4763e-17	 2.615e-18	 0.0290953
0.428141	 5.1642e-17	 4.8556e-17	 7.9079e-17	 2.5369e-17	 3.086e-18	 0.030799
0.429143	 5.7195e-17	 5.3236e-17	 8.7461e-17	 2.5923e-17	 3.959e-18	 0.0358504
0.430144	 6.2026e-17	 5.7821e-17	 9.5539e-17	 2.6503e-17	 4.205e-18	 0.0350864
0.431143	 6.6363e-17	 6.1252e-17	 1.0201e-16	 2.6858e-17	 5.111e-18	 0.0400502
0.432141	 6.9515e-17	 6.4104e-17	 1.0726e-16	 2.7046e-17	 5.411e-18	 0.0404957
0.433138	 7.1537e-17	 6.5569e-17	 1.1029e-16	 5.3469e-18	 5.968e-18	 0.0435284
0.434133	 7.1829e-17	 6.5628e-17	 1.1052e-16	 2.6533e-17	 6.201e-18	 0.0451123
0.435127	 7.0998e-17	 6.4427e-17	 1.0927e-16	 2.6231e-17	 6.571e-18	 0.0485213
0.43612	 6.9097e-17	 6.2221e-17	 1.0596e-16	 2.5802e-17	 6.876e-18	 0.0523614
0.437111	 6.6072e-17	 5.9092e-17	 1.0074e-16	 2.5271e-17	 6.98e-18	 0.0557668
0.438101	 6.2043e-17	 5.5499e-17	 9.456e-17	 2.4729e-17	 6.544e-18	 0.0556737
0.43909	 5.7885e-17	 5.1284e-17	 8.7511e-17	 2.4152e-17	 6.601e-18	 0.0604659
0.440077	 5.3535e-17	 4.7193e-17	 8.0442e-17	 2.3602e-17	 6.342e-18	 0.0629616
0.441063	 4.9542e-17	 4.3404e-17	 7.3917e-17	 2.3049e-17	 6.138e-18	 0.0660383
0.442047	 4.6025e-17	 4.0224e-17	 6.8476e-17	 2.2727e-17	 5.801e-18	 0.0672588
0.443031	 4.3291e-17	 3.7878e-17	 6.4274e-17	 2.2333e-17	 5.413e-18	 0.066688
0.444013	 4.1584e-17	 3.6283e-17	 6.1454e-17	 2.2108e-17	 5.301e-18	 0.0680776
0.444993	 4.0921e-17	 3.5532e-17	 6.0144e-17	 2.212e-17	 5.389e-18	 0.0704878
0.445972	 4.1376e-17	 3.5652e-17	 6.0351e-17	 2.1989e-17	 5.724e-18	 0.0743106
0.44695	 4.2607e-17	 3.6428e-17	 6.2155e-17	 2.1962e-17	 6.179e-18	 0.0781806
0.447927	 4.4762e-17	 3.8187e-17	 6.5324e-17	 2.2028e-17	 6.575e-18	 0.0792656
0.448902	 4.7788e-17	 4.0245e-17	 6.9366e-17	 2.2202e-17	 7.543e-18	 0.0856838
0.449876	 5.1613e-17	 4.3002e-17	 7.4521e-17	 2.239e-17	 8.611e-18	 0.0910109
0.450848	 5.541e-17	 4.5894e-17	 8.0131e-17	 2.2466e-17	 9.516e-18	 0.0939351
0.451819	 5.9623e-17	 4.8906e-17	 8.6228e-17	 2.2797e-17	 1.0717e-17	 0.0987478
0.452789	 6.3411e-17	 5.191e-17	 9.209e-17	 2.2907e-17	 1.1501e-17	 0.0997303
0.453757	 6.6597e-17	 5.4483e-17	 9.7026e-17	 2.2865e-17	 1.2114e-17	 0.10005
0.454724	 6.8779e-17	 5.6091e-17	 1.0059e-16	 2.3101e-17	 1.2688e-17	 0.10161
0.455689	 6.9684e-17	 5.6936e-17	 1.0251e-16	 2.3012e-17	 1.2748e-17	 0.100679
0.456654	 6.9159e-17	 5.6745e-17	 1.0212e-16	 2.2913e-17	 1.2414e-17	 0.0985989
0.457616	 6.7054e-17	 5.5206e-17	 9.9599e-17	 2.2809e-17	 1.1848e-17	 0.0969082
0.458578	 6.3484e-17	 5.2469e-17	 9.4861e-17	 2.2536e-17	 1.1015e-17	 0.0949954
0.459538	 5.8909e-17	 4.8913e-17	 8.7719e-17	 2.2125e-17	 9.996e-18	 0.0927084
0.460496	 5.3561e-17	 4.4838e-17	 8.0087e-17	 2.1889e-17	 8.723e-18	 0.0886493
0.461453	 4.8096e-17	 4.0633e-17	 7.2143e-17	 2.1662e-17	 7.463e-18	 0.08411
0.462409	 4.2939e-17	 3.6579e-17	 6.4299e-17	 2.1488e-17	 6.36e-18	 0.0799819
0.463363	 3.8475e-17	 3.2854e-17	 5.7667e-17	 2.1178e-17	 5.621e-18	 0.0788039
0.464316	 3.4782e-17	 3.0072e-17	 5.2173e-17	 2.09e-17	 4.71e-18	 0.0726247
0.465268	 3.2025e-17	 2.7784e-17	 4.7942e-17	 2.0855e-17	 4.241e-18	 0.0709091
0.466218	 3.0354e-17	 2.6342e-17	 4.4875e-17	 2.0576e-17	 4.012e-18	 0.0707634
0.467166	 2.8631e-17	 2.5149e-17	 4.2559e-17	 2.0504e-17	 3.482e-18	 0.0647453
0.468114	 2.7297e-17	 2.4096e-17	 4.0467e-17	 2.0412e-17	 3.201e-18	 0.0622847
0.469059	 2.5915e-17	 2.2964e-17	 3.8474e-17	 2.0413e-17	 2.951e-18	 0.0603736
0.470004	 2.4186e-17	 2.1733e-17	 3.6081e-17	 2.0297e-17	 2.453e-18	 0.0534202
0.470947	 2.2366e-17	 2.028e-17	 3.3029e-17	 2.0334e-17	 2.086e-18	 0.0489143
0.471888	 2.0471e-17	 1.8812e-17	 3.0105e-17	 2.0057e-17	 1.659e-18	 0.042232
0.472828	 1.8737e-17	 1.7546e-17	 2.7526e-17	 2.0052e-17	 1.191e-18	 0.0328253
0.473767	 1.7786e-17	 1.6847e-17	 2.6047e-17	 2.0185e-17	 9.39e-19	 0.0271129
0.474704	 1.7904e-17	 1.7005e-17	 2.6198e-17	 2.0018e-17	 8.99e-19	 0.0257527
0.47564	 1.9336e-17	 1.8278e-17	 2.8354e-17	 2.0089e-17	 1.058e-18	 0.0281278
0.476574	 2.2402e-17	 2.0774e-17	 3.2911e-17	 2.0053e-17	 1.628e-18	 0.0377061
0.477507	 2.6812e-17	 2.4316e-17	 3.9496e-17	 2.0311e-17	 2.496e-18	 0.0488187
0.478438	 3.2387e-17	 2.8672e-17	 4.772e-17	 2.0368e-17	 3.715e-18	 0.0608428
0.479368	 3.8484e-17	 3.3623e-17	 5.7119e-17	 2.0395e-17	 4.861e-18	 0.0674137
0.480297	 4.4793e-17	 3.8739e-17	 6.6933e-17	 2.0483e-17	 6.054e-18	 0.0724752
0.481224	 5.0721e-17	 4.3564e-17	 7.6076e-17	 2.0533e-17	 7.157e-18	 0.0759082
0.482149	 5.5473e-17	 4.736e-17	 8.3458e-17	 2.0612e-17	 8.113e-18	 0.0788949
0.483073	 5.9099e-17	 5.0273e-17	 8.9043e-17	 2.0543e-17	 8.826e-18	 0.0806971
0.483996	 6.1434e-17	 5.215e-17	 9.2597e-17	 2.0696e-17	 9.284e-18	 0.0817369
0.484917	 6.2569e-17	 5.2878e-17	 9.429e-17	 2.0536e-17	 9.691e-18	 0.0839433
0.485837	 6.2677e-17	 5.295e-17	 9.4357e-17	 2.0644e-17	 9.727e-18	 0.084124
0.486755	 6.1616e-17	 5.2252e-17	 9.3254e-17	 2.0473e-17	 9.364e-18	 0.0822356
0.487672	 6.0651e-17	 5.1182e-17	 9.1782e-17	 2.0529e-17	 9.469e-18	 0.0846709
0.488587	 5.9573e-17	 5.0547e-17	 9.0313e-17	 2.0557e-17	 9.026e-18	 0.0819651
0.489501	 5.8991e-17	 5.0024e-17	 8.9249e-17	 2.0333e-17	 8.967e-18	 0.0822547
0.490413	 5.8773e-17	 5.0076e-17	 8.9379e-17	 2.0528e-17	 8.697e-18	 0.0798997
0.491324	 5.9311e-17	 5.0663e-17	 9.0582e-17	 2.0431e-17	 8.648e-18	 0.0786368
0.492233	 6.0545e-17	 5.1428e-17	 9.2184e-17	 2.0382e-17	 9.117e-18	 0.0814214
0.49314	 6.1703e-17	 5.2711e-17	 9.4434e-17	 2.0426e-17	 8.992e-18	 0.0785918
0.494047	 6.3167e-17	 5.367e-17	 9.6807e-17	 2.0114e-17	 9.497e-18	 0.0812842
0.494951	 6.434e-17	 5.4738e-17	 9.8983e-17	 2.0304e-17	 9.602e-18	 0.0806362
0.495855	 6.496e-17	 5.5167e-17	 9.9806e-17	 2.0292e-17	 9.793e-18	 0.0815221
0.496756	 6.4612e-17	 5.4957e-17	 9.9425e-17	 2.0316e-17	 9.655e-18	 0.0807484
0.497657	 6.326e-17	 5.3652e-17	 9.7465e-17	 2.0115e-17	 9.608e-18	 0.0821815
0.498555	 6.0771e-17	 5.18e-17	 9.3895e-17	 2.0018e-17	 8.971e-18	 0.0796919
0.499452	 5.7418e-17	 4.9162e-17	 8.8942e-17	 2.0051e-17	 8.256e-18	 0.0774629
0.500348	 5.288e-17	 4.5441e-17	 8.1924e-17	 2.0023e-17	 7.439e-18	 0.0756603
0.501242	 4.7997e-17	 4.1322e-17	 7.4238e-17	 1.997e-17	 6.675e-18	 0.0747321
0.502135	 4.281e-17	 3.7099e-17	 6.5697e-17	 2.0002e-17	 5.711e-18	 0.0714688
0.503026	 3.7597e-17	 3.2806e-17	 5.7666e-17	 1.9883e-17	 4.791e-18	 0.0680511
0.503915	 3.2724e-17	 2.9006e-17	 5.0095e-17	 1.9943e-17	 3.718e-18	 0.06023
0.504803	 2.8352e-17	 2.5335e-17	 4.3275e-17	 1.9977e-17	 3.017e-18	 0.0561961
0.50569	 2.4649e-17	 2.2472e-17	 3.75e-17	 1.9942e-17	 2.177e-18	 0.0462002
0.506575	 2.1783e-17	 2.0179e-17	 3.2906e-17	 1.9981e-17	 1.604e-18	 0.0382251
0.507458	 1.9816e-17	 1.8671e-17	 2.9808e-17	 1.9948e-17	 1.145e-18	 0.0297503
0.50834	 1.8472e-17	 1.7532e-17	 2.7581e-17	 1.9959e-17	 9.4e-19	 0.0261082
0.50922	 1.7694e-17	 1.6873e-17	 2.636e-17	 1.9918e-17	 8.21e-19	 0.023751
0.510099	 1.7165e-17	 1.6479e-17	 2.5387e-17	 1.9898e-17	 6.86e-19	 0.02039
0.510976	 1.6867e-17	 1.6397e-17	 2.5149e-17	 1.9998e-17	 4.7e-19	 0.0141294
0.511852	 1.6791e-17	 1.6387e-17	 2.4848e-17	 1.9888e-17	 4.04e-19	 0.0121767
0.512726	 1.6606e-17	 1.6204e-17	 2.4507e-17	 1.9948e-17	 4.02e-19	 0.0122524
0.513598	 1.6562e-17	 1.6174e-17	 2.4445e-17	 2.0069e-17	 3.88e-19	 0.0118524
0.514469	 1.6551e-17	 1.6262e-17	 2.4503e-17	 1.9921e-17	 2.89e-19	 0.00880748
0.515338	 1.6616e-17	 1.6308e-17	 2.4611e-17	 1.9959e-17	 3.08e-19	 0.00935488
0.516206	 1.7181e-17	 1.676e-17	 2.5348e-17	 2.0021e-17	 4.21e-19	 0.0124039
0.517072	 1.802e-17	 1.7454e-17	 2.6955e-17	 1.9957e-17	 5.66e-19	 0.0159553
0.517937	 1.9306e-17	 1.8509e-17	 2.8806e-17	 1.9898e-17	 7.97e-19	 0.0210763
0.5188	 2.0936e-17	 1.9981e-17	 3.1548e-17	 2.0073e-17	 9.55e-19	 0.0233399
0.519662	 2.3059e-17	 2.1838e-17	 3.4896e-17	 2.0014e-17	 1.221e-18	 0.0271956
0.520522	 2.5391e-17	 2.3841e-17	 3.8673e-17	 1.9977e-17	 1.55e-18	 0.0314836
0.52138	 2.7851e-17	 2.5804e-17	 4.2581e-17	 1.9913e-17	 2.047e-18	 0.0381512
0.522237	 3.0223e-17	 2.7859e-17	 4.6275e-17	 2.001e-17	 2.364e-18	 0.0407011
0.523092	 3.2178e-17	 2.9645e-17	 4.9619e-17	 2.0041e-17	 2.533e-18	 0.0409718
0.523945	 3.3761e-17	 3.0864e-17	 5.2024e-17	 2.0005e-17	 2.897e-18	 0.0448279
0.524797	 3.4677e-17	 3.1625e-17	 5.3694e-17	 2.0068e-17	 3.052e-18	 0.0460318
0.525648	 3.4996e-17	 3.2028e-17	 5.455e-17	 2.0133e-17	 2.968e-18	 0.0442826
0.526496	 3.4721e-17	 3.1756e-17	 5.3891e-17	 2.0229e-17	 2.965e-18	 0.0446019
0.527343	 3.3893e-17	 3.1016e-17	 5.2338e-17	 2.0363e-17	 2.877e-18	 0.0443236
0.528189	 3.256e-17	 2.99e-17	 5.0171e-17	 2.0318e-17	 2.66e-18	 0.0425873
0.529033	 3.1026e-17	 2.8529e-17	 4.7568e-17	 2.0293e-17	 2.497e-18	 0.0419276
0.529875	 2.9051e-17	 2.6993e-17	 4.4712e-17	 2.032e-17	 2.058e-18	 0.0367211
0.530716	 2.7341e-17	 2.5477e-17	 4.1812e-17	 2.0398e-17	 1.864e-18	 0.035291
0.531555	 2.5608e-17	 2.3956e-17	 3.9167e-17	 2.0332e-17	 1.652e-18	 0.0333306
0.532392	 2.4117e-17	 2.2695e-17	 3.6848e-17	 2.0309e-17	 1.422e-18	 0.0303768
0.533228	 2.2897e-17	 2.1595e-17	 3.4698e-17	 2.0495e-17	 1.302e-18	 0.0292637
0.534063	 2.1979e-17	 2.0859e-17	 3.3249e-17	 2.0278e-17	 1.12e-18	 0.026145
0.534895	 2.1241e-17	 2.0168e-17	 3.2114e-17	 2.0338e-17	 1.073e-18	 0.0259122
0.535726	 2.0808e-17	 1.9973e-17	 3.1398e-17	 2.0408e-17	 8.35e-19	 0.0204752
0.536555	 2.0532e-17	 1.9643e-17	 3.1115e-17	 2.0298e-17	 8.89e-19	 0.0221282
0.537383	 2.0462e-17	 1.9543e-17	 3.0905e-17	 2.0414e-17	 9.19e-19	 0.0229721
0.538209	 2.0615e-17	 1.9614e-17	 3.0906e-17	 2.037e-17	 1.001e-18	 0.0248825
0.539034	 2.0758e-17	 1.9663e-17	 3.1093e-17	 2.0428e-17	 1.095e-18	 0.0270899
0.539856	 2.0944e-17	 1.9795e-17	 3.1395e-17	 2.0432e-17	 1.149e-18	 0.0282039
0.540678	 2.1243e-17	 1.9954e-17	 3.1588e-17	 2.0422e-17	 1.289e-18	 0.0312887
0.541497	 2.1565e-17	 2.0167e-17	 3.2284e-17	 2.0438e-17	 1.398e-18	 0.0334995
0.542315	 2.2071e-17	 2.053e-17	 3.2871e-17	 2.0464e-17	 1.541e-18	 0.0361729
0.543131	 2.2432e-17	 2.0735e-17	 3.3484e-17	 2.0432e-17	 1.697e-18	 0.0393124
0.543946	 2.29e-17	 2.111e-17	 3.4041e-17	 2.0314e-17	 1.79e-18	 0.0406726
0.544758	 2.3305e-17	 2.1395e-17	 3.4502e-17	 2.0448e-17	 1.91e-18	 0.0427293
0.54557	 2.369e-17	 2.1562e-17	 3.5057e-17	 2.0408e-17	 2.128e-18	 0.0470255
0.546379	 2.3822e-17	 2.186e-17	 3.5334e-17	 2.049e-17	 1.962e-18	 0.0429491
0.547187	 2.3961e-17	 2.1932e-17	 3.5452e-17	 2.0619e-17	 2.029e-18	 0.0442115
0.547993	 2.3862e-17	 2.1923e-17	 3.5535e-17	 2.0548e-17	 1.939e-18	 0.0423501
0.548798	 2.3662e-17	 2.1745e-17	 3.5155e-17	 2.0617e-17	 1.917e-18	 0.0422182
0.549601	 2.3422e-17	 2.1525e-17	 3.4632e-17	 2.0532e-17	 1.897e-18	 0.0422053
0.550402	 2.298e-17	 2.1142e-17	 3.4055e-17	 2.0477e-17	 1.838e-18	 0.0416572
0.551201	 2.238e-17	 2.0756e-17	 3.3145e-17	 2.0527e-17	 1.624e-18	 0.0376484
0.551999	 2.1717e-17	 2.0307e-17	 3.2277e-17	 2.0626e-17	 1.41e-18	 0.0335523
0.552796	 2.0949e-17	 1.9739e-17	 3.1268e-17	 2.067e-17	 1.21e-18	 0.0297385
0.55359	 2.0512e-17	 1.919e-17	 3.0395e-17	 2.0657e-17	 1.322e-18	 0.0332981
0.554383	 1.9864e-17	 1.877e-17	 2.9397e-17	 2.0517e-17	 1.094e-18	 0.028317
0.555174	 1.9433e-17	 1.841e-17	 2.8708e-17	 2.0668e-17	 1.023e-18	 0.0270327
0.555963	 1.9087e-17	 1.8123e-17	 2.8166e-17	 2.0486e-17	 9.64e-19	 0.025907
0.556751	 1.8868e-17	 1.802e-17	 2.8074e-17	 2.057e-17	 8.48e-19	 0.0229885
0.557537	 1.8681e-17	 1.7877e-17	 2.7703e-17	 2.0514e-17	 8.04e-19	 0.0219925
0.558321	 1.8597e-17	 1.7768e-17	 2.7783e-17	 2.0539e-17	 8.29e-19	 0.0227966
0.559104	 1.8653e-17	 1.7866e-17	 2.7741e-17	 2.0428e-17	 7.87e-19	 0.0215504
0.559885	 1.8696e-17	 1.7832e-17	 2.7824e-17	 2.0557e-17	 8.64e-19	 0.0236531
0.560664	 1.8682e-17	 1.7892e-17	 2.7741e-17	 2.0445e-17	 7.9e-19	 0.0216
0.561442	 1.8891e-17	 1.8262e-17	 2.7953e-17	 2.0534e-17	 6.29e-19	 0.01693
0.562218	 1.8931e-17	 1.878e-17	 2.8112e-17	 2.0573e-17	 1.51e-19	 0.00400414
0.562992	 1.8803e-17	 1.8999e-17	 2.9306e-17	 2.0541e-17	 -1.96e-19	 -0.00518491
0.563764	 1.8663e-17	 1.8647e-17	 2.9431e-17	 2.0507e-17	 1.6e-20	 0.000428839
0.564535	 1.8274e-17	 1.8331e-17	 2.8784e-17	 2.0398e-17	 -5.7e-20	 -0.00155716
0.565304	 1.789e-17	 1.8145e-17	 2.8231e-17	 2.0462e-17	 -2.55e-19	 -0.00707645
0.566071	 1.7517e-17	 1.7714e-17	 2.7331e-17	 2.0377e-17	 -1.97e-19	 -0.00559167
0.566836	 1.7108e-17	 1.7312e-17	 2.6804e-17	 2.046e-17	 -2.04e-19	 -0.00592679
0.5676	 1.6788e-17	 1.7089e-17	 2.6225e-17	 2.0462e-17	 -3.01e-19	 -0.00888508
0.568362	 1.6602e-17	 1.6936e-17	 2.5962e-17	 2.0458e-17	 -3.34e-19	 -0.00995885
0.569122	 1.6528e-17	 1.6769e-17	 2.5623e-17	 2.0547e-17	 -2.41e-19	 -0.00723789
0.569881	 1.6607e-17	 1.6867e-17	 2.5592e-17	 2.0566e-17	 -2.6e-19	 -0.00776722
0.570638	 1.6733e-17	 1.698e-17	 2.5894e-17	 2.0516e-17	 -2.47e-19	 -0.00732655
0.571393	 1.7091e-17	 1.7263e-17	 2.6363e-17	 2.0533e-17	 -1.72e-19	 -0.00500669
0.572146	 1.7471e-17	 1.7656e-17	 2.7265e-17	 2.0523e-17	 -1.85e-19	 -0.0052666
0.572898	 1.8095e-17	 1.8194e-17	 2.8146e-17	 2.0735e-17	 -9.9e-20	 -0.0027281
0.573648	 1.859e-17	 1.8761e-17	 2.9156e-17	 2.0956e-17	 -1.71e-19	 -0.00457819
0.574396	 1.9283e-17	 1.9277e-17	 3.0135e-17	 2.1022e-17	 6e-21	 0.000155602
0.575142	 1.9912e-17	 1.992e-17	 3.1193e-17	 2.0898e-17	 -8e-21	 -0.000200844
0.575887	 2.0322e-17	 2.0433e-17	 3.2032e-17	 2.1061e-17	 -1.11e-19	 -0.00272359
0.57663	 2.0884e-17	 2.0812e-17	 3.2958e-17	 2.1082e-17	 7.2e-20	 0.00172678
0.577371	 2.1293e-17	 2.1231e-17	 3.3566e-17	 2.1293e-17	 6.2e-20	 0.001458
0.57811	 2.1671e-17	 2.1582e-17	 3.4335e-17	 2.1337e-17	 8.9e-20	 0.00205766
0.578848	 2.1936e-17	 2.1989e-17	 3.4864e-17	 2.1451e-17	 -5.3e-20	 -0.0012066
0.579584	 2.2306e-17	 2.2239e-17	 3.5565e-17	 2.1458e-17	 6.7e-20	 0.0015041
0.580318	 2.2682e-17	 2.2677e-17	 3.6073e-17	 2.1433e-17	 5e-21	 0.000110232
0.58105	 2.3232e-17	 2.3054e-17	 3.6797e-17	 2.171e-17	 1.78e-19	 0.00384566
0.58178	 2.3733e-17	 2.3714e-17	 3.7825e-17	 2.1857e-17	 1.9e-20	 0.000400447
0.582509	 2.4332e-17	 2.4361e-17	 3.8939e-17	 2.1901e-17	 -2.9e-20	 -0.000595568
0.583236	 2.5231e-17	 2.5122e-17	 4.0405e-17	 2.228e-17	 1.09e-19	 0.00216472
0.583961	 2.6078e-17	 2.6048e-17	 4.1916e-17	 2.2315e-17	 3e-20	 0.000575529
0.584685	 2.7142e-17	 2.7153e-17	 4.3654e-17	 2.2633e-17	 -1.1e-20	 -0.000202597
0.585406	 2.8205e-17	 2.813e-17	 4.5593e-17	 2.2889e-17	 7.5e-20	 0.00133132
0.586126	 2.92e-17	 2.9209e-17	 4.7395e-17	 2.3102e-17	 -9e-21	 -0.000154086
0.586844	 3.02e-17	 3.0114e-17	 4.893e-17	 2.3302e-17	 8.6e-20	 0.00142587
0.587561	 3.1131e-17	 3.0945e-17	 5.0504e-17	 2.3587e-17	 1.86e-19	 0.00299633
0.588275	 3.1634e-17	 3.16e-17	 5.139e-17	 2.3668e-17	 3.4e-20	 0.000537685
0.588988	 3.2157e-17	 3.1985e-17	 5.1946e-17	 2.3858e-17	 1.72e-19	 0.00268155
0.589699	 3.2227e-17	 3.2182e-17	 5.2265e-17	 2.3921e-17	 4.5e-20	 0.00069866
0.590408	 3.2015e-17	 3.1982e-17	 5.1893e-17	 2.4013e-17	 3.3e-20	 0.000515649
0.591115	 3.1543e-17	 3.1483e-17	 5.095e-17	 2.3953e-17	 6e-20	 0.000951988
0.591821	 3.0817e-17	 3.0636e-17	 4.9608e-17	 2.3806e-17	 1.81e-19	 0.00294534
0.592524	 2.975e-17	 2.9745e-17	 4.7838e-17	 2.368e-17	 5e-21	 8.40407e-05
0.593226	 2.873e-17	 2.8562e-17	 4.5774e-17	 2.3416e-17	 1.68e-19	 0.00293235
0.593926	 2.734e-17	 2.7347e-17	 4.353e-17	 2.3156e-17	 -7e-21	 -0.000128001
0.594625	 2.6006e-17	 2.5922e-17	 4.1102e-17	 2.295e-17	 8.4e-20	 0.00161762
0.595321	 2.4641e-17	 2.4581e-17	 3.8862e-17	 2.2592e-17	 6e-20	 0.00121897
0.596016	 2.3207e-17	 2.3283e-17	 3.6615e-17	 2.2357e-17	 -7.6e-20	 -0.00163476
0.596709	 2.2107e-17	 2.1931e-17	 3.4428e-17	 2.1974e-17	 1.76e-19	 0.00399655
0.5974	 2.0969e-17	 2.0973e-17	 3.2601e-17	 2.1906e-17	 -4e-21	 -9.53698e-05
0.598089	 1.9985e-17	 1.9905e-17	 3.0931e-17	 2.177e-17	 8e-20	 0.00200552
0.598776	 1.9239e-17	 1.9054e-17	 2.936e-17	 2.1369e-17	 1.85e-19	 0.00483117
0.599462	 1.8539e-17	 1.855e-17	 2.8365e-17	 2.1304e-17	 -1.1e-20	 -0.000296584
0.600146	 1.7981e-17	 1.794e-17	 2.738e-17	 2.1074e-17	 4.1e-20	 0.00114139
0.600828	 1.7611e-17	 1.7601e-17	 2.6755e-17	 2.1018e-17	 1e-20	 0.000283994
0.601508	 1.7218e-17	 1.731e-17	 2.599e-17	 2.0992e-17	 -9.2e-20	 -0.0026645
0.602186	 1.6953e-17	 1.6919e-17	 2.5627e-17	 2.0828e-17	 3.4e-20	 0.00100378
0.602862	 1.6785e-17	 1.6736e-17	 2.5211e-17	 2.0803e-17	 4.9e-20	 0.00146177
0.603537	 1.6491e-17	 1.6556e-17	 2.4901e-17	 2.0737e-17	 -6.5e-20	 -0.0019669
0.60421	 1.6336e-17	 1.6338e-17	 2.4374e-17	 2.0648e-17	 -2e-21	 -6.12107e-05
0.604881	 1.6097e-17	 1.6105e-17	 2.4097e-17	 2.0607e-17	 -8e-21	 -0.000248432
0.60555	 1.5898e-17	 1.5905e-17	 2.3742e-17	 2.0479e-17	 -7e-21	 -0.000220105
0.606217	 1.5822e-17	 1.5823e-17	 2.3365e-17	 2.0508e-17	 -1e-21	 -3.16006e-05
0.606882	 1.5573e-17	 1.5641e-17	 2.3116e-17	 2.0403e-17	 -6.8e-20	 -0.00217851
0.607546	 1.5408e-17	 1.5514e-17	 2.2957e-17	 2.0437e-17	 -1.06e-19	 -0.00342798
0.608207	 1.5384e-17	 1.5455e-17	 2.2877e-17	 2.0411e-17	 -7.1e-20	 -0.00230228
0.608867	 1.542e-17	 1.5536e-17	 2.2733e-17	 2.0363e-17	 -1.16e-19	 -0.00374725
0.609525	 1.5496e-17	 1.5602e-17	 2.307e-17	 2.0435e-17	 -1.06e-19	 -0.00340858
0.610181	 1.5722e-17	 1.5792e-17	 2.344e-17	 2.0515e-17	 -7e-20	 -0.00222124
0.610835	 1.5936e-17	 1.6101e-17	 2.3779e-17	 2.074e-17	 -1.65e-19	 -0.00515029
0.611488	 1.6414e-17	 1.6596e-17	 2.4456e-17	 2.0719e-17	 -1.82e-19	 -0.00551348
0.612138	 1.6706e-17	 1.6951e-17	 2.527e-17	 2.0987e-17	 -2.45e-19	 -0.00727932
0.612787	 1.7361e-17	 1.7561e-17	 2.5953e-17	 2.1183e-17	 -2e-19	 -0.00572705
0.613434	 1.7953e-17	 1.7989e-17	 2.7003e-17	 2.1422e-17	 -3.6e-20	 -0.00100161
0.614079	 1.8432e-17	 1.8721e-17	 2.793e-17	 2.1703e-17	 -2.89e-19	 -0.00777865
0.614722	 1.9074e-17	 1.9387e-17	 2.8919e-17	 2.201e-17	 -3.13e-19	 -0.00813811
0.615363	 1.9595e-17	 1.9955e-17	 2.9757e-17	 2.2065e-17	 -3.6e-19	 -0.0091024
0.616002	 2.0272e-17	 2.0454e-17	 3.0753e-17	 2.2385e-17	 -1.82e-19	 -0.00446889
0.61664	 2.0694e-17	 2.0943e-17	 3.1478e-17	 2.2481e-17	 -2.49e-19	 -0.00598026
0.617275	 2.1093e-17	 2.1274e-17	 3.1906e-17	 2.2677e-17	 -1.81e-19	 -0.00427219
0.617909	 2.1276e-17	 2.149e-17	 3.2393e-17	 2.2793e-17	 -2.14e-19	 -0.00500398
0.618541	 2.1511e-17	 2.1618e-17	 3.2707e-17	 2.2968e-17	 -1.07e-19	 -0.00248093
0.619171	 2.1557e-17	 2.1801e-17	 3.2623e-17	 2.2941e-17	 -2.44e-19	 -0.00562757
0.619799	 2.1502e-17	 2.1726e-17	 3.2641e-17	 2.3141e-17	 -2.24e-19	 -0.00518183
0.620425	 2.1367e-17	 2.1682e-17	 3.2543e-17	 2.2922e-17	 -3.15e-19	 -0.00731724
0.621049	 2.1345e-17	 2.1477e-17	 3.2221e-17	 2.288e-17	 -1.32e-19	 -0.00308253
0.621671	 2.1139e-17	 2.1289e-17	 3.1849e-17	 2.2862e-17	 -1.5e-19	 -0.0035354
0.622292	 2.0858e-17	 2.1038e-17	 3.141e-17	 2.2867e-17	 -1.8e-19	 -0.00429635
0.62291	 2.0524e-17	 2.0845e-17	 3.0923e-17	 2.2739e-17	 -3.21e-19	 -0.00775943
0.623527	 2.0393e-17	 2.0444e-17	 3.0649e-17	 2.256e-17	 -5.1e-20	 -0.00124887
0.624142	 2.0004e-17	 2.0244e-17	 3.0009e-17	 2.2519e-17	 -2.4e-19	 -0.00596303
0.624755	 1.9787e-17	 2.0009e-17	 2.9693e-17	 2.2533e-17	 -2.22e-19	 -0.00557845
0.625366	 1.9616e-17	 1.981e-17	 2.9652e-17	 2.2412e-17	 -1.94e-19	 -0.00492061
0.625975	 1.9576e-17	 1.9804e-17	 2.9317e-17	 2.2358e-17	 -2.28e-19	 -0.00578974
0.626582	 1.9609e-17	 1.968e-17	 2.8979e-17	 2.2334e-17	 -7.1e-20	 -0.00180712
0.627187	 1.9486e-17	 1.967e-17	 2.9087e-17	 2.2406e-17	 -1.84e-19	 -0.00469915
0.62779	 1.9445e-17	 1.9607e-17	 2.8963e-17	 2.2567e-17	 -1.62e-19	 -0.00414832
0.628392	 1.9463e-17	 1.9671e-17	 2.8886e-17	 2.2446e-17	 -2.08e-19	 -0.00531507
0.628991	 1.949e-17	 1.9646e-17	 2.9066e-17	 2.24e-17	 -1.56e-19	 -0.0039861
0.629589	 1.9485e-17	 1.9746e-17	 2.8951e-17	 2.243e-17	 -2.61e-19	 -0.0066529
0.630184	 1.9482e-17	 1.9702e-17	 2.9037e-17	 2.2424e-17	 -2.2e-19	 -0.00561454
0.630778	 1.9508e-17	 1.9626e-17	 2.8912e-17	 2.2376e-17	 -1.18e-19	 -0.00301528
0.63137	 1.9405e-17	 1.9634e-17	 2.8744e-17	 2.2532e-17	 -2.29e-19	 -0.00586593
0.63196	 1.9285e-17	 1.9511e-17	 2.8554e-17	 2.2562e-17	 -2.26e-19	 -0.00582534
0.632548	 1.9145e-17	 1.9438e-17	 2.8335e-17	 2.2552e-17	 -2.93e-19	 -0.00759402
