Q 	 ICP 	  ICN 	 ILH 	 ILV 	 IXMCDR  
5.34655e-07	 4.6373e-11	 4.5692e-11	 4.6383e-11	 4.6221e-11	 6.81e-13	 0.00739695
0.00125092	 4.4808e-13	 4.1033e-13	 4.6528e-13	 4.7144e-13	 3.775e-14	 0.0439767
0.00250128	 1.0207e-12	 9.6626e-13	 1.0855e-12	 1.0728e-12	 5.444e-14	 0.0273986
0.00375163	 1.8718e-12	 1.8146e-12	 1.9639e-12	 1.9478e-12	 5.72e-14	 0.0155165
0.00500197	 2.7705e-12	 2.6972e-12	 2.8913e-12	 2.8722e-12	 7.33e-14	 0.013406
0.00625236	 3.6793e-12	 3.5922e-12	 3.8326e-12	 3.8111e-12	 8.71e-14	 0.0119783
0.00750266	 4.594e-12	 4.4918e-12	 4.7665e-12	 4.744e-12	 1.022e-13	 0.0112483
0.00875294	 5.4823e-12	 5.3731e-12	 5.6719e-12	 5.6473e-12	 1.092e-13	 0.0100595
0.0100032	 6.355e-12	 6.2339e-12	 6.5473e-12	 6.5211e-12	 1.211e-13	 0.00961959
0.0112534	 7.1556e-12	 7.0305e-12	 7.3772e-12	 7.3444e-12	 1.251e-13	 0.00881849
0.0125036	 7.9327e-12	 7.7978e-12	 8.1953e-12	 8.1657e-12	 1.349e-13	 0.0085757
0.0137538	 8.7108e-12	 8.5634e-12	 8.9803e-12	 8.9463e-12	 1.474e-13	 0.00853296
0.0150039	 9.4858e-12	 9.3383e-12	 9.775e-12	 9.733e-12	 1.475e-13	 0.0078357
0.0162539	 1.0254e-11	 1.0102e-11	 1.0547e-11	 1.0506e-11	 1.52e-13	 0.00746709
0.017504	 1.0972e-11	 1.0816e-11	 1.128e-11	 1.1228e-11	 1.56e-13	 0.0071599
0.0187539	 1.1559e-11	 1.1394e-11	 1.1929e-11	 1.1879e-11	 1.65e-13	 0.0071886
0.0200038	 1.2098e-11	 1.1915e-11	 1.2499e-11	 1.2442e-11	 1.83e-13	 0.00762087
0.0212537	 1.2597e-11	 1.2399e-11	 1.3012e-11	 1.2952e-11	 1.98e-13	 0.00792127
0.0225034	 1.3094e-11	 1.289e-11	 1.3512e-11	 1.3455e-11	 2.04e-13	 0.00785099
0.0237532	 1.3587e-11	 1.3383e-11	 1.3998e-11	 1.3935e-11	 2.04e-13	 0.00756396
0.0250028	 1.4049e-11	 1.385e-11	 1.4456e-11	 1.4393e-11	 1.99e-13	 0.00713287
0.0262524	 1.4453e-11	 1.4253e-11	 1.4854e-11	 1.4799e-11	 2e-13	 0.00696718
0.0275018	 1.4777e-11	 1.4567e-11	 1.5172e-11	 1.5106e-11	 2.1e-13	 0.00715649
0.0287512	 1.5021e-11	 1.4802e-11	 1.5407e-11	 1.5346e-11	 2.19e-13	 0.00734333
0.0300005	 1.5188e-11	 1.4969e-11	 1.5568e-11	 1.5439e-11	 2.19e-13	 0.007262
0.0312498	 1.5316e-11	 1.5102e-11	 1.5678e-11	 1.554e-11	 2.14e-13	 0.00703531
0.0324989	 1.5426e-11	 1.5218e-11	 1.5759e-11	 1.5623e-11	 2.08e-13	 0.00678763
0.0337479	 1.5506e-11	 1.531e-11	 1.5797e-11	 1.5676e-11	 1.96e-13	 0.00636033
0.0349968	 1.5549e-11	 1.5356e-11	 1.5806e-11	 1.5685e-11	 1.93e-13	 0.00624494
0.0362456	 1.5505e-11	 1.5312e-11	 1.5736e-11	 1.5625e-11	 1.93e-13	 0.00626278
0.0374944	 1.5416e-11	 1.5223e-11	 1.5593e-11	 1.5499e-11	 1.93e-13	 0.00629916
0.0387429	 1.5258e-11	 1.5067e-11	 1.5407e-11	 1.5326e-11	 1.91e-13	 0.00629843
0.0399914	 1.5092e-11	 1.4907e-11	 1.5207e-11	 1.5129e-11	 1.85e-13	 0.00616687
0.0412398	 1.491e-11	 1.4724e-11	 1.5006e-11	 1.4932e-11	 1.86e-13	 0.00627657
0.042488	 1.4705e-11	 1.4525e-11	 1.4785e-11	 1.4721e-11	 1.8e-13	 0.00615806
0.0437361	 1.4459e-11	 1.4288e-11	 1.453e-11	 1.4456e-11	 1.71e-13	 0.00594845
0.044984	 1.4175e-11	 1.4005e-11	 1.4246e-11	 1.4181e-11	 1.7e-13	 0.00603265
0.0462319	 1.3847e-11	 1.3678e-11	 1.3918e-11	 1.3853e-11	 1.69e-13	 0.00613987
0.0474796	 1.349e-11	 1.3317e-11	 1.3569e-11	 1.3505e-11	 1.73e-13	 0.00645354
0.0487271	 1.3089e-11	 1.293e-11	 1.3174e-11	 1.3099e-11	 1.59e-13	 0.00611092
0.0499745	 1.266e-11	 1.25e-11	 1.2743e-11	 1.2674e-11	 1.6e-13	 0.0063593
0.0512217	 1.2189e-11	 1.205e-11	 1.2277e-11	 1.2211e-11	 1.39e-13	 0.00573456
0.0524688	 1.1695e-11	 1.1564e-11	 1.178e-11	 1.1717e-11	 1.31e-13	 0.00563223
0.0537157	 1.1193e-11	 1.106e-11	 1.1285e-11	 1.121e-11	 1.33e-13	 0.00597672
0.0549625	 1.066e-11	 1.0541e-11	 1.0756e-11	 1.0678e-11	 1.19e-13	 0.00561294
0.0562091	 1.0102e-11	 9.9856e-12	 1.0201e-11	 1.013e-11	 1.164e-13	 0.00579462
0.0574555	 9.5269e-12	 9.4258e-12	 9.6264e-12	 9.5551e-12	 1.011e-13	 0.00533433
0.0587018	 8.9406e-12	 8.8451e-12	 9.031e-12	 8.9524e-12	 9.55e-14	 0.00536948
0.0599478	 8.3466e-12	 8.2696e-12	 8.4427e-12	 8.3645e-12	 7.7e-14	 0.00463403
0.0611937	 7.7541e-12	 7.6946e-12	 7.8535e-12	 7.7772e-12	 5.95e-14	 0.00385146
0.0624388	 7.1749e-12	 7.1196e-12	 7.2698e-12	 7.1918e-12	 5.53e-14	 0.00386862
0.0636843	 6.5932e-12	 6.5533e-12	 6.6945e-12	 6.6185e-12	 3.99e-14	 0.00303503
0.0649296	 6.0226e-12	 6.0027e-12	 6.1277e-12	 6.0463e-12	 1.99e-14	 0.00165484
0.0661747	 5.4788e-12	 5.4639e-12	 5.5826e-12	 5.5053e-12	 1.49e-14	 0.00136164
0.0674196	 4.9476e-12	 4.945e-12	 5.054e-12	 4.976e-12	 2.6e-15	 0.000262823
0.0686644	 4.445e-12	 4.4513e-12	 4.5478e-12	 4.4685e-12	 -6.3e-15	 -0.00070816
0.0699089	 3.9728e-12	 3.9899e-12	 4.0754e-12	 3.9991e-12	 -1.71e-14	 -0.00214751
0.0711531	 3.5357e-12	 3.564e-12	 3.6328e-12	 3.5737e-12	 -2.83e-14	 -0.00398608
0.0723972	 3.1289e-12	 3.1593e-12	 3.2293e-12	 3.172e-12	 -3.04e-14	 -0.00483445
0.0736411	 2.7741e-12	 2.7886e-12	 2.8596e-12	 2.8051e-12	 -1.45e-14	 -0.00260665
0.0748847	 2.4491e-12	 2.4687e-12	 2.5266e-12	 2.4728e-12	 -1.96e-14	 -0.00398552
0.0761281	 2.16e-12	 2.1746e-12	 2.2295e-12	 2.1799e-12	 -1.46e-14	 -0.00336825
0.0773712	 1.9086e-12	 1.9218e-12	 1.97e-12	 1.9236e-12	 -1.32e-14	 -0.00344612
0.0786142	 1.699e-12	 1.6948e-12	 1.7505e-12	 1.7067e-12	 4.2e-15	 0.00123755
0.0798569	 1.5247e-12	 1.5055e-12	 1.5616e-12	 1.524e-12	 1.92e-14	 0.00633622
0.0810993	 1.3837e-12	 1.3478e-12	 1.4086e-12	 1.3715e-12	 3.59e-14	 0.013143
0.0823415	 1.2732e-12	 1.2191e-12	 1.2863e-12	 1.2514e-12	 5.41e-14	 0.0217069
0.0835835	 1.1892e-12	 1.1189e-12	 1.1913e-12	 1.1574e-12	 7.03e-14	 0.030458
0.0848252	 1.1289e-12	 1.0367e-12	 1.1192e-12	 1.0853e-12	 9.22e-14	 0.0425748
0.0860666	 1.0847e-12	 9.7304e-13	 1.0641e-12	 1.0301e-12	 1.1166e-13	 0.0542634
0.0873078	 1.0548e-12	 9.2553e-13	 1.0246e-12	 9.8927e-13	 1.2927e-13	 0.065277
0.0885487	 1.035e-12	 8.9e-13	 9.9624e-13	 9.5948e-13	 1.45e-13	 0.0753247
0.0897893	 1.0205e-12	 8.6518e-13	 9.7462e-13	 9.3685e-13	 1.5532e-13	 0.0823682
0.0910297	 1.0092e-12	 8.4387e-13	 9.5838e-13	 9.1843e-13	 1.6533e-13	 0.0892195
0.0922698	 9.9731e-13	 8.2787e-13	 9.439e-13	 9.0132e-13	 1.6944e-13	 0.0928347
0.0935096	 9.8256e-13	 8.1327e-13	 9.2798e-13	 8.8422e-13	 1.6929e-13	 0.0942684
0.0947491	 9.625e-13	 7.991e-13	 9.101e-13	 8.638e-13	 1.634e-13	 0.0927566
0.0959883	 9.3671e-13	 7.8377e-13	 8.8792e-13	 8.3992e-13	 1.5294e-13	 0.0888938
0.0972273	 9.0401e-13	 7.638e-13	 8.6083e-13	 8.1185e-13	 1.4021e-13	 0.0840683
0.0984659	 8.6292e-13	 7.4014e-13	 8.2789e-13	 7.7824e-13	 1.2278e-13	 0.076591
0.0997043	 8.1483e-13	 7.122e-13	 7.8812e-13	 7.3837e-13	 1.0263e-13	 0.0672089
0.100942	 7.6078e-13	 6.7861e-13	 7.4225e-13	 6.9345e-13	 8.217e-14	 0.0570867
0.10218	 6.9992e-13	 6.4051e-13	 6.9066e-13	 6.43e-13	 5.941e-14	 0.0443216
0.103417	 6.3516e-13	 5.9536e-13	 6.3422e-13	 5.8879e-13	 3.98e-14	 0.032344
0.104655	 5.6776e-13	 5.4627e-13	 5.737e-13	 5.3118e-13	 2.149e-14	 0.0192903
0.105891	 4.9874e-13	 4.9396e-13	 5.1102e-13	 4.7218e-13	 4.78e-15	 0.00481515
0.107128	 4.3038e-13	 4.3961e-13	 4.4783e-13	 4.127e-13	 -9.23e-15	 -0.0106093
0.108364	 3.6405e-13	 3.8434e-13	 3.8477e-13	 3.5495e-13	 -2.029e-14	 -0.0271115
0.1096	 3.0119e-13	 3.2944e-13	 3.2387e-13	 2.9855e-13	 -2.825e-14	 -0.0447965
0.110835	 2.4346e-13	 2.7729e-13	 2.6658e-13	 2.456e-13	 -3.383e-14	 -0.064964
0.11207	 1.9117e-13	 2.2819e-13	 2.1411e-13	 1.9706e-13	 -3.702e-14	 -0.0882774
0.113305	 1.4494e-13	 1.8324e-13	 1.6702e-13	 1.5381e-13	 -3.83e-14	 -0.116704
0.11454	 1.0546e-13	 1.4344e-13	 1.2713e-13	 1.1621e-13	 -3.798e-14	 -0.152591
0.115774	 7.2975e-14	 1.0895e-13	 9.2672e-14	 8.4743e-14	 -3.5975e-14	 -0.197746
0.117007	 4.7362e-14	 8.0069e-14	 6.4781e-14	 5.9266e-14	 -3.2707e-14	 -0.256664
0.118241	 2.8357e-14	 5.6584e-14	 4.3087e-14	 3.9505e-14	 -2.8227e-14	 -0.332313
0.119474	 1.5606e-14	 3.8262e-14	 2.7337e-14	 2.5241e-14	 -2.2656e-14	 -0.420584
0.120707	 8.5574e-15	 2.484e-14	 1.7107e-14	 1.5946e-14	 -1.62826e-14	 -0.487541
0.121939	 6.701e-15	 1.6064e-14	 1.2026e-14	 1.1235e-14	 -9.363e-15	 -0.411289
0.123171	 9.3724e-15	 1.1403e-14	 1.141e-14	 1.0568e-14	 -2.0306e-15	 -0.0977406
0.124402	 1.592e-14	 1.0532e-14	 1.4786e-14	 1.3457e-14	 5.388e-15	 0.20369
0.125634	 2.5539e-14	 1.2933e-14	 2.1472e-14	 1.9258e-14	 1.2606e-14	 0.327667
0.126864	 3.7371e-14	 1.8065e-14	 3.073e-14	 2.73e-14	 1.9306e-14	 0.348257
0.128095	 5.0825e-14	 2.5443e-14	 4.1828e-14	 3.6976e-14	 2.5382e-14	 0.3328
0.129325	 6.5166e-14	 3.4557e-14	 5.4451e-14	 4.7863e-14	 3.0609e-14	 0.30694
0.130554	 7.9749e-14	 4.5062e-14	 6.7837e-14	 5.9399e-14	 3.4687e-14	 0.277916
0.131784	 9.3674e-14	 5.6041e-14	 8.1252e-14	 7.0908e-14	 3.7633e-14	 0.251364
0.133012	 1.0643e-13	 6.6919e-14	 9.3946e-14	 8.1788e-14	 3.9511e-14	 0.227927
0.134241	 1.1739e-13	 7.7178e-14	 1.0531e-13	 9.156e-14	 4.0212e-14	 0.206673
0.135469	 1.2628e-13	 8.5956e-14	 1.1482e-13	 9.9685e-14	 4.0324e-14	 0.189996
0.136696	 1.3282e-13	 9.286e-14	 1.22e-13	 1.0583e-13	 3.996e-14	 0.177065
0.137924	 1.369e-13	 9.7628e-14	 1.2682e-13	 1.0995e-13	 3.9272e-14	 0.167451
0.13915	 1.3871e-13	 1.0044e-13	 1.2928e-13	 1.12e-13	 3.827e-14	 0.160025
0.140377	 1.3836e-13	 1.0103e-13	 1.2946e-13	 1.1208e-13	 3.733e-14	 0.155938
0.141603	 1.3603e-13	 9.9838e-14	 1.2757e-13	 1.104e-13	 3.6192e-14	 0.153442
0.142828	 1.3208e-13	 9.7003e-14	 1.238e-13	 1.0715e-13	 3.5077e-14	 0.153119
0.144053	 1.2651e-13	 9.2538e-14	 1.1851e-13	 1.0259e-13	 3.3972e-14	 0.155089
0.145278	 1.1988e-13	 8.7128e-14	 1.1187e-13	 9.6873e-14	 3.2752e-14	 0.158216
0.146502	 1.1236e-13	 8.0731e-14	 1.0435e-13	 9.0309e-14	 3.1629e-14	 0.163804
0.147726	 1.0441e-13	 7.405e-14	 9.6366e-14	 8.3393e-14	 3.036e-14	 0.170122
0.148949	 9.623e-14	 6.7505e-14	 8.8321e-14	 7.6368e-14	 2.8725e-14	 0.175436
0.150172	 8.8166e-14	 6.1294e-14	 8.0464e-14	 6.9523e-14	 2.6872e-14	 0.179794
0.151394	 8.0166e-14	 5.5545e-14	 7.2918e-14	 6.2907e-14	 2.4621e-14	 0.181422
0.152616	 7.2302e-14	 5.0136e-14	 6.5725e-14	 5.659e-14	 2.2166e-14	 0.181039
0.153837	 6.4571e-14	 4.5072e-14	 5.881e-14	 5.0513e-14	 1.9499e-14	 0.177841
0.155058	 5.7e-14	 4.0133e-14	 5.2065e-14	 4.4606e-14	 1.6867e-14	 0.173649
0.156279	 4.9679e-14	 3.5343e-14	 4.5471e-14	 3.8885e-14	 1.4336e-14	 0.168615
0.157499	 4.2707e-14	 3.0675e-14	 3.9166e-14	 3.3427e-14	 1.2032e-14	 0.163964
0.158718	 3.6235e-14	 2.6222e-14	 3.3279e-14	 2.8358e-14	 1.0013e-14	 0.160318
0.159937	 3.0323e-14	 2.2105e-14	 2.7885e-14	 2.3725e-14	 8.218e-15	 0.156748
0.161156	 2.5025e-14	 1.8357e-14	 2.3025e-14	 1.9554e-14	 6.668e-15	 0.153704
0.162374	 2.0339e-14	 1.4949e-14	 1.867e-14	 1.5857e-14	 5.39e-15	 0.152743
0.163592	 1.6264e-14	 1.1962e-14	 1.4922e-14	 1.27e-14	 4.302e-15	 0.152413
0.164809	 1.2787e-14	 9.2837e-15	 1.1641e-14	 9.9344e-15	 3.5033e-15	 0.158731
0.166025	 9.8971e-15	 6.9471e-15	 8.8393e-15	 7.5947e-15	 2.95e-15	 0.175134
0.167241	 7.5843e-15	 4.9751e-15	 6.5614e-15	 5.6912e-15	 2.6092e-15	 0.207749
0.168457	 5.8505e-15	 3.425e-15	 4.8149e-15	 4.2489e-15	 2.4255e-15	 0.261495
0.169672	 4.6564e-15	 2.2905e-15	 3.5974e-15	 3.2395e-15	 2.3659e-15	 0.340569
0.170886	 3.9531e-15	 1.5161e-15	 2.8445e-15	 2.624e-15	 2.437e-15	 0.445586
0.172101	 3.6768e-15	 9.4977e-16	 2.4701e-15	 2.3221e-15	 2.72703e-15	 0.589428
0.173314	 3.7724e-15	 6.3611e-16	 2.3865e-15	 2.2644e-15	 3.13629e-15	 0.711417
0.174527	 4.1991e-15	 4.2509e-16	 2.5318e-15	 2.4028e-15	 3.77401e-15	 0.816145
0.175739	 4.931e-15	 2.995e-16	 2.8908e-15	 2.7062e-15	 4.6315e-15	 0.885479
0.176951	 5.9324e-15	 2.7048e-16	 3.453e-15	 3.1638e-15	 5.66192e-15	 0.912789
0.178163	 7.1814e-15	 3.5943e-16	 4.2183e-15	 3.772e-15	 6.82197e-15	 0.904671
0.179373	 8.6275e-15	 5.7671e-16	 5.1611e-15	 4.51e-15	 8.05079e-15	 0.874686
0.180584	 1.0249e-14	 9.3054e-16	 6.2803e-15	 5.3592e-15	 9.31846e-15	 0.833528
0.181793	 1.2024e-14	 1.4322e-15	 7.5725e-15	 6.3376e-15	 1.05918e-14	 0.787132
0.183003	 1.3934e-14	 2.1166e-15	 9.0501e-15	 7.4361e-15	 1.18174e-14	 0.736259
0.184211	 1.6001e-14	 2.9973e-15	 1.0729e-14	 8.6556e-15	 1.30037e-14	 0.684467
0.185419	 1.8179e-14	 4.1148e-15	 1.2616e-14	 1.0005e-14	 1.40642e-14	 0.630857
0.186627	 2.0403e-14	 5.4429e-15	 1.4675e-14	 1.1471e-14	 1.49601e-14	 0.578819
0.187834	 2.259e-14	 7.3321e-15	 1.6821e-14	 1.2971e-14	 1.52579e-14	 0.509921
0.18904	 2.458e-14	 8.9802e-15	 1.8901e-14	 1.4426e-14	 1.55998e-14	 0.46483
0.190246	 2.627e-14	 1.051e-14	 2.0766e-14	 1.5698e-14	 1.576e-14	 0.428494
0.191451	 2.757e-14	 1.1809e-14	 2.2309e-14	 1.6751e-14	 1.5761e-14	 0.400239
0.192655	 2.8447e-14	 1.2883e-14	 2.3481e-14	 1.7519e-14	 1.5564e-14	 0.376579
0.193859	 2.9034e-14	 1.3689e-14	 2.4307e-14	 1.8043e-14	 1.5345e-14	 0.359174
0.195063	 2.9301e-14	 1.4277e-14	 2.4843e-14	 1.8345e-14	 1.5024e-14	 0.344761
0.196266	 2.937e-14	 1.4753e-14	 2.518e-14	 1.8503e-14	 1.4617e-14	 0.331278
0.197468	 2.9231e-14	 1.5135e-14	 2.5347e-14	 1.8546e-14	 1.4096e-14	 0.317721
0.19867	 2.8883e-14	 1.5391e-14	 2.5342e-14	 1.8463e-14	 1.3492e-14	 0.304739
0.199871	 2.8305e-14	 1.5489e-14	 2.5091e-14	 1.8205e-14	 1.2816e-14	 0.292643
0.201071	 2.7476e-14	 1.533e-14	 2.4562e-14	 1.775e-14	 1.2146e-14	 0.283745
0.202271	 2.639e-14	 1.4946e-14	 2.3738e-14	 1.7109e-14	 1.1444e-14	 0.276853
0.20347	 2.511e-14	 1.4353e-14	 2.2704e-14	 1.6317e-14	 1.0757e-14	 0.272584
0.204668	 2.3752e-14	 1.3696e-14	 2.1535e-14	 1.5438e-14	 1.0056e-14	 0.268532
0.205866	 2.2411e-14	 1.3045e-14	 2.0383e-14	 1.4576e-14	 9.366e-15	 0.264158
0.207064	 2.1154e-14	 1.2484e-14	 1.9347e-14	 1.3792e-14	 8.67e-15	 0.257744
0.20826	 1.9997e-14	 1.2053e-14	 1.8445e-14	 1.3102e-14	 7.944e-15	 0.247863
0.209456	 1.8919e-14	 1.1697e-14	 1.7634e-14	 1.2478e-14	 7.222e-15	 0.23589
0.210652	 1.7896e-14	 1.1339e-14	 1.6858e-14	 1.188e-14	 6.557e-15	 0.224286
0.211847	 1.6871e-14	 1.0895e-14	 1.6016e-14	 1.125e-14	 5.976e-15	 0.215227
0.213041	 1.579e-14	 1.0276e-14	 1.5079e-14	 1.0556e-14	 5.514e-15	 0.21154
0.214234	 1.4692e-14	 9.53e-15	 1.404e-14	 9.7923e-15	 5.162e-15	 0.213112
0.215427	 1.3589e-14	 8.6813e-15	 1.2932e-14	 8.9967e-15	 4.9077e-15	 0.22037
0.216619	 1.2547e-14	 7.8213e-15	 1.1842e-14	 8.2207e-15	 4.7257e-15	 0.232012
0.217811	 1.1607e-14	 7.0153e-15	 1.0846e-14	 7.5167e-15	 4.5917e-15	 0.24657
0.219002	 1.0823e-14	 6.2982e-15	 9.9932e-15	 6.8983e-15	 4.5248e-15	 0.264281
0.220192	 1.0187e-14	 5.712e-15	 9.3063e-15	 6.3915e-15	 4.475e-15	 0.281464
0.221381	 9.695e-15	 5.2269e-15	 8.7692e-15	 5.9944e-15	 4.4681e-15	 0.299432
0.22257	 9.3219e-15	 4.8187e-15	 8.3477e-15	 5.6617e-15	 4.5032e-15	 0.318459
0.223758	 9.014e-15	 4.4727e-15	 7.9948e-15	 5.3911e-15	 4.5413e-15	 0.336724
0.224946	 8.7436e-15	 4.1358e-15	 7.6811e-15	 5.1369e-15	 4.6078e-15	 0.357765
0.226132	 8.4784e-15	 3.8189e-15	 7.3765e-15	 4.9e-15	 4.6595e-15	 0.378904
0.227319	 8.193e-15	 3.5109e-15	 7.0661e-15	 4.6658e-15	 4.6821e-15	 0.400046
0.228504	 7.9079e-15	 3.2212e-15	 6.7592e-15	 4.4412e-15	 4.6867e-15	 0.421121
0.229689	 7.6385e-15	 2.9697e-15	 6.4675e-15	 4.2398e-15	 4.6688e-15	 0.440112
0.230873	 7.407e-15	 2.6056e-15	 6.2297e-15	 4.0757e-15	 4.8014e-15	 0.479536
0.232056	 7.2394e-15	 2.4753e-15	 6.0612e-15	 3.9575e-15	 4.7641e-15	 0.490401
0.233239	 7.135e-15	 2.4161e-15	 5.9716e-15	 3.8911e-15	 4.7189e-15	 0.494069
0.23442	 7.0828e-15	 2.4149e-15	 5.9556e-15	 3.6514e-15	 4.6679e-15	 0.491477
0.235602	 7.0589e-15	 2.4538e-15	 5.9771e-15	 3.652e-15	 4.6051e-15	 0.4841
0.236782	 7.0123e-15	 2.4905e-15	 5.9921e-15	 3.6458e-15	 4.5218e-15	 0.475839
0.237962	 6.9177e-15	 2.5039e-15	 5.9589e-15	 3.6117e-15	 4.4138e-15	 0.468477
0.239141	 6.7516e-15	 2.4692e-15	 5.8528e-15	 3.5386e-15	 4.2824e-15	 0.464428
0.240319	 6.5287e-15	 2.3949e-15	 5.6828e-15	 3.4293e-15	 4.1338e-15	 0.463244
0.241497	 6.2888e-15	 2.3072e-15	 5.4776e-15	 3.3083e-15	 3.9816e-15	 0.463192
0.242673	 6.0575e-15	 2.2318e-15	 5.2897e-15	 3.1887e-15	 3.8257e-15	 0.461523
0.24385	 5.867e-15	 2.202e-15	 5.1526e-15	 3.1025e-15	 3.665e-15	 0.454207
0.245025	 5.7191e-15	 2.2215e-15	 5.0786e-15	 3.0462e-15	 3.4976e-15	 0.44047
0.246199	 5.5901e-15	 2.2741e-15	 5.0432e-15	 3.0101e-15	 3.316e-15	 0.421658
0.247373	 5.1274e-15	 2.3283e-15	 5.0028e-15	 2.9685e-15	 2.7991e-15	 0.375431
0.248546	 4.9497e-15	 2.3323e-15	 4.8965e-15	 2.8926e-15	 2.6174e-15	 0.359434
0.249719	 4.6905e-15	 4.4513e-16	 4.6916e-15	 2.7588e-15	 4.24537e-15	 0.82665
0.25089	 4.3486e-15	 2.0988e-15	 4.3676e-15	 2.5667e-15	 2.2498e-15	 0.348947
0.252061	 3.9478e-15	 1.8684e-15	 3.7345e-15	 2.3256e-15	 2.0794e-15	 0.357519
0.253231	 3.53e-15	 1.607e-15	 3.3048e-15	 2.0658e-15	 1.923e-15	 0.374343
0.2544	 3.1272e-15	 1.3494e-15	 2.886e-15	 1.8165e-15	 1.7778e-15	 0.397132
0.255569	 2.7737e-15	 1.1287e-15	 2.515e-15	 1.5966e-15	 1.645e-15	 0.421535
0.256736	 2.4816e-15	 9.5765e-16	 2.2122e-15	 1.4142e-15	 1.52395e-15	 0.443105
0.257903	 2.2351e-15	 8.2933e-16	 1.9664e-15	 1.265e-15	 1.40577e-15	 0.458738
0.25907	 2.02e-15	 7.2271e-16	 1.7577e-15	 1.1376e-15	 1.29729e-15	 0.472996
0.260235	 1.8176e-15	 6.2071e-16	 1.5572e-15	 1.0157e-15	 1.19689e-15	 0.490869
0.261399	 1.6158e-15	 5.1543e-16	 1.3574e-15	 8.9461e-16	 1.10037e-15	 0.516307
0.262563	 1.4219e-15	 4.112e-16	 1.1616e-15	 7.7602e-16	 1.0107e-15	 0.551361
0.263726	 1.2457e-15	 3.271e-16	 9.8795e-16	 6.7248e-16	 9.186e-16	 0.584054
0.264888	 1.1086e-15	 2.789e-16	 8.5963e-16	 5.9627e-16	 8.297e-16	 0.597982
0.26605	 1.0225e-15	 2.6643e-16	 7.9434e-16	 5.531e-16	 7.5607e-16	 0.586587
0.26721	 9.9192e-16	 3.0518e-16	 7.9335e-16	 5.4612e-16	 6.8674e-16	 0.529443
0.26837	 1.0072e-15	 3.7278e-16	 8.4386e-16	 5.6572e-16	 6.3442e-16	 0.459731
0.269529	 1.0526e-15	 4.4775e-16	 9.1953e-16	 5.987e-16	 6.0485e-16	 0.403139
0.270687	 1.1025e-15	 5.1013e-16	 9.9224e-16	 6.293e-16	 5.9237e-16	 0.367332
0.271844	 1.1414e-15	 5.4174e-16	 1.0421e-15	 6.4796e-16	 5.9966e-16	 0.356275
0.273001	 1.1606e-15	 5.4468e-16	 1.0607e-15	 6.4933e-16	 6.1592e-16	 0.361184
0.274156	 1.1581e-15	 5.2481e-16	 1.0492e-15	 6.361e-16	 6.3329e-16	 0.376307
0.275311	 1.1451e-15	 4.9588e-16	 1.0237e-15	 6.1769e-16	 6.4922e-16	 0.395629
0.276465	 1.1314e-15	 4.7092e-16	 1.0026e-15	 5.9959e-16	 6.6048e-16	 0.412202
0.277618	 1.1341e-15	 4.5995e-16	 9.9789e-16	 5.9358e-16	 6.7415e-16	 0.422916
0.27877	 1.1584e-15	 4.654e-16	 1.0189e-15	 5.9956e-16	 6.93e-16	 0.426777
0.279922	 1.2055e-15	 4.8341e-16	 1.0657e-15	 6.1669e-16	 7.2209e-16	 0.427548
0.281072	 1.2676e-15	 5.0556e-16	 1.1251e-15	 6.399e-16	 7.6204e-16	 0.429764
0.282222	 1.331e-15	 5.2168e-16	 1.1841e-15	 6.6176e-16	 8.0932e-16	 0.436837
0.283371	 1.3842e-15	 5.2341e-16	 1.2282e-15	 6.7605e-16	 8.6079e-16	 0.45124
0.284519	 1.4166e-15	 5.075e-16	 1.2448e-15	 6.7958e-16	 9.091e-16	 0.472481
0.285666	 1.4243e-15	 4.7747e-16	 1.2383e-15	 6.7029e-16	 9.4683e-16	 0.497868
0.286812	 1.4139e-15	 4.4082e-16	 1.2125e-15	 6.5473e-16	 9.7308e-16	 0.524651
0.287957	 1.4001e-15	 4.0826e-16	 1.1838e-15	 6.383e-16	 9.9184e-16	 0.548475
0.289102	 1.3993e-15	 3.9238e-16	 1.172e-15	 6.3334e-16	 1.00692e-15	 0.561998
0.290245	 1.4284e-15	 4.0284e-16	 1.1979e-15	 6.4388e-16	 1.02556e-15	 0.560036
0.291388	 1.4935e-15	 4.4312e-16	 1.2694e-15	 6.7442e-16	 1.05038e-15	 0.542378
0.29253	 1.5934e-15	 5.0898e-16	 1.3824e-15	 7.2217e-16	 1.08442e-15	 0.515806
0.293671	 1.7152e-15	 6.097e-16	 1.526e-15	 7.8154e-16	 1.1055e-15	 0.475504
0.294811	 1.839e-15	 6.9691e-16	 1.6761e-15	 8.4185e-16	 1.14209e-15	 0.450367
0.29595	 1.9533e-15	 7.7172e-16	 1.8114e-15	 8.9436e-16	 1.18158e-15	 0.433604
0.297088	 2.0389e-15	 8.26e-16	 1.918e-15	 9.3317e-16	 1.2129e-15	 0.423366
0.298226	 2.0983e-15	 8.6082e-16	 1.9917e-15	 9.5734e-16	 1.23748e-15	 0.418192
0.299362	 2.1348e-15	 8.8589e-16	 2.0403e-15	 9.732e-16	 1.24891e-15	 0.413452
0.300497	 2.1654e-15	 9.1057e-16	 2.0865e-15	 9.8738e-16	 1.25483e-15	 0.407946
0.301632	 2.2062e-15	 9.5222e-16	 2.1475e-15	 1.0064e-15	 1.25398e-15	 0.397028
0.302766	 2.2616e-15	 1.0129e-15	 2.2361e-15	 1.0372e-15	 1.2487e-15	 0.381341
0.303898	 2.3359e-15	 1.0918e-15	 2.3526e-15	 1.0765e-15	 1.2441e-15	 0.362955
0.30503	 2.4167e-15	 1.1736e-15	 2.4773e-15	 1.1187e-15	 1.2431e-15	 0.346238
0.306161	 2.4836e-15	 1.249e-15	 2.5882e-15	 1.1531e-15	 1.2346e-15	 0.330761
0.307291	 2.5218e-15	 1.2902e-15	 2.6558e-15	 1.1689e-15	 1.2316e-15	 0.323085
0.30842	 2.5123e-15	 1.2886e-15	 2.6607e-15	 1.1575e-15	 1.2237e-15	 0.32195
0.309548	 2.4502e-15	 1.2404e-15	 2.5974e-15	 1.1212e-15	 1.2098e-15	 0.327806
0.310675	 2.3425e-15	 1.1563e-15	 2.4707e-15	 1.0605e-15	 1.1862e-15	 0.339031
0.311802	 2.2063e-15	 1.0503e-15	 2.3081e-15	 9.8699e-16	 1.156e-15	 0.354971
0.312927	 2.0641e-15	 9.4354e-16	 2.1335e-15	 9.1369e-16	 1.12056e-15	 0.372571
0.314051	 1.9305e-15	 8.5145e-16	 1.9743e-15	 8.467e-16	 1.07905e-15	 0.387875
0.315175	 1.8185e-15	 7.826e-16	 1.847e-15	 7.9254e-16	 1.0359e-15	 0.398255
0.316297	 1.733e-15	 7.3689e-16	 1.7527e-15	 7.5086e-16	 9.9611e-16	 0.403301
0.317418	 1.6626e-15	 7.0545e-16	 1.6831e-15	 7.1967e-16	 9.5715e-16	 0.404193
0.318539	 1.6014e-15	 6.7759e-16	 1.6222e-15	 6.9012e-16	 9.2381e-16	 0.405359
0.319658	 1.535e-15	 6.4226e-16	 1.5541e-15	 6.5618e-16	 8.9274e-16	 0.410029
0.320777	 1.4546e-15	 5.9434e-16	 1.4646e-15	 6.1691e-16	 8.6026e-16	 0.419856
0.321894	 1.3594e-15	 5.3418e-16	 1.3546e-15	 5.699e-16	 8.2522e-16	 0.435799
0.323011	 1.2542e-15	 4.675e-16	 1.2334e-15	 5.2044e-16	 7.867e-16	 0.456932
0.324126	 1.149e-15	 4.044e-16	 1.1112e-15	 4.7222e-16	 7.446e-16	 0.479336
0.325241	 1.0549e-15	 3.5259e-16	 1.0048e-15	 4.3196e-16	 7.0231e-16	 0.49898
0.326355	 9.8194e-16	 3.2074e-16	 9.2766e-16	 4.0265e-16	 6.612e-16	 0.507569
0.327467	 9.3624e-16	 3.0949e-16	 8.845e-16	 3.8508e-16	 6.2675e-16	 0.503119
0.328579	 9.1317e-16	 3.1416e-16	 8.7193e-16	 3.8025e-16	 5.9901e-16	 0.488059
0.329689	 9.0962e-16	 3.2884e-16	 8.8386e-16	 3.6635e-16	 5.8078e-16	 0.468953
0.330799	 9.1316e-16	 3.4563e-16	 9.035e-16	 3.671e-16	 5.6753e-16	 0.450854
0.331907	 9.1388e-16	 3.5535e-16	 9.1749e-16	 3.6538e-16	 5.5853e-16	 0.440054
0.333015	 9.0145e-16	 3.5507e-16	 9.1548e-16	 3.5792e-16	 5.4638e-16	 0.434836
0.334122	 8.7416e-16	 3.4112e-16	 8.923e-16	 3.4336e-16	 5.3304e-16	 0.438615
0.335227	 8.3216e-16	 3.1692e-16	 8.491e-16	 3.2367e-16	 5.1524e-16	 0.448393
0.336332	 7.7951e-16	 2.869e-16	 7.9332e-16	 3.0072e-16	 4.9261e-16	 0.461933
0.337435	 7.2567e-16	 2.597e-16	 7.3395e-16	 2.7854e-16	 4.6597e-16	 0.472888
0.338538	 6.7536e-16	 2.2758e-16	 6.8179e-16	 2.5869e-16	 4.4778e-16	 0.495913
0.339639	 6.3655e-16	 2.122e-16	 6.4265e-16	 2.4336e-16	 4.2435e-16	 0.499971
0.340739	 6.0886e-16	 2.0531e-16	 6.1899e-16	 2.3318e-16	 4.0355e-16	 0.495658
0.341839	 5.8944e-16	 2.0413e-16	 6.065e-16	 2.26e-16	 3.8531e-16	 0.48554
0.342937	 5.7251e-16	 2.0378e-16	 5.9647e-16	 2.1916e-16	 3.6873e-16	 0.47499
0.344034	 5.4909e-16	 2.0044e-16	 5.8079e-16	 2.1038e-16	 3.4865e-16	 0.465158
0.345131	 5.1832e-16	 1.8936e-16	 5.5218e-16	 1.9768e-16	 3.2896e-16	 0.464843
0.346226	 4.7466e-16	 1.6981e-16	 5.048e-16	 1.8104e-16	 3.0485e-16	 0.473024
0.34732	 4.2024e-16	 1.4338e-16	 4.438e-16	 1.6029e-16	 2.7686e-16	 0.491217
0.348413	 3.6134e-16	 1.1355e-16	 3.7819e-16	 1.3932e-16	 2.4779e-16	 0.521784
0.349505	 3.046e-16	 8.5192e-17	 2.9925e-16	 1.1944e-16	 2.19408e-16	 0.562885
0.350596	 2.5622e-16	 6.2941e-17	 2.4344e-16	 1.031e-16	 1.93279e-16	 0.605585
0.351686	 2.217e-16	 4.9455e-17	 2.0308e-16	 9.1917e-17	 1.72245e-16	 0.635227
0.352775	 2.0071e-16	 4.4483e-17	 1.8107e-16	 8.5911e-17	 1.56227e-16	 0.637159
0.353862	 1.913e-16	 4.6197e-17	 1.7318e-16	 8.3445e-17	 1.45103e-16	 0.610968
0.354949	 1.8794e-16	 5.1031e-17	 1.734e-16	 8.2674e-17	 1.36909e-16	 0.572911
0.356034	 1.8554e-16	 5.5593e-17	 1.753e-16	 8.182e-17	 1.29947e-16	 0.538902
0.357119	 1.8058e-16	 5.7397e-17	 1.7351e-16	 7.9843e-17	 1.23183e-16	 0.517626
0.358202	 1.7143e-16	 5.5986e-17	 1.6617e-16	 9.3202e-17	 1.15444e-16	 0.507634
0.359285	 1.5958e-16	 5.2898e-17	 1.5481e-16	 7.2074e-17	 1.06682e-16	 0.502085
0.360366	 1.4779e-16	 5.0324e-17	 1.4355e-16	 6.8146e-17	 9.7466e-17	 0.491969
0.361446	 1.399e-16	 5.0999e-17	 1.3801e-16	 6.5635e-17	 8.8901e-17	 0.465697
0.362525	 1.3835e-16	 5.6165e-17	 1.4007e-16	 6.575e-17	 8.2185e-17	 0.422512
0.363603	 1.4338e-16	 6.5236e-17	 1.5127e-16	 6.7654e-17	 7.8144e-17	 0.374583
0.36468	 1.5339e-16	 7.6215e-17	 1.6824e-16	 7.1107e-17	 7.7175e-17	 0.336121
0.365755	 1.6486e-16	 8.6284e-17	 1.8629e-16	 7.4273e-17	 7.8576e-17	 0.312872
0.36683	 1.7359e-16	 9.2164e-17	 1.9941e-16	 7.6082e-17	 8.1426e-17	 0.306396
0.367903	 1.7746e-16	 9.2368e-17	 2.0386e-16	 7.5797e-17	 8.5092e-17	 0.315356
0.368976	 1.7357e-16	 8.669e-17	 1.9774e-16	 7.2812e-17	 8.688e-17	 0.33382
0.370047	 1.643e-16	 7.6766e-17	 1.8358e-16	 6.8292e-17	 8.7534e-17	 0.363112
0.371117	 1.5097e-16	 6.5545e-17	 1.6452e-16	 6.2965e-17	 8.5425e-17	 0.394545
0.372186	 1.3795e-16	 5.5611e-17	 1.4621e-16	 5.8298e-17	 8.2339e-17	 0.42539
0.373254	 1.2855e-16	 5.0147e-17	 1.3338e-16	 5.5123e-17	 7.8403e-17	 0.438748
0.37432	 1.2478e-16	 4.9702e-17	 1.2916e-16	 5.433e-17	 7.5078e-17	 0.430291
0.375386	 1.2728e-16	 5.3755e-17	 1.3365e-16	 5.5414e-17	 7.3525e-17	 0.406137
0.37645	 1.3527e-16	 6.0901e-17	 1.4464e-16	 5.7584e-17	 7.4369e-17	 0.379103
0.377514	 1.4523e-16	 6.8367e-17	 1.5892e-16	 6.0566e-17	 7.6863e-17	 0.359851
0.378576	 1.5541e-16	 7.4074e-17	 1.722e-16	 6.2962e-17	 8.1336e-17	 0.35443
0.379637	 1.631e-16	 7.7096e-17	 1.8107e-16	 6.4521e-17	 8.6004e-17	 0.358058
0.380696	 1.674e-16	 7.6911e-17	 1.851e-16	 6.4679e-17	 9.0489e-17	 0.370384
0.381755	 1.685e-16	 7.4823e-17	 1.8441e-16	 6.4341e-17	 9.3677e-17	 0.38499
0.382813	 1.6782e-16	 7.3036e-17	 1.8286e-16	 6.3834e-17	 9.4784e-17	 0.39353
0.383869	 1.6853e-16	 7.3231e-17	 1.8343e-16	 6.4108e-17	 9.5299e-17	 0.394187
0.384924	 1.7336e-16	 7.6968e-17	 1.8987e-16	 6.5496e-17	 9.6392e-17	 0.385063
0.385978	 1.8297e-16	 8.4969e-17	 2.0482e-16	 6.8365e-17	 9.8001e-17	 0.365759
0.387031	 1.9949e-16	 9.6679e-17	 2.2711e-16	 7.2588e-17	 1.02811e-16	 0.347136
0.388082	 2.1999e-16	 1.1067e-16	 2.5654e-16	 7.7546e-17	 1.0932e-16	 0.330612
0.389133	 2.4229e-16	 1.2464e-16	 2.8836e-16	 8.2508e-17	 1.1765e-16	 0.320633
0.390182	 2.6466e-16	 1.3628e-16	 3.188e-16	 8.6726e-17	 1.2838e-16	 0.320198
0.39123	 2.8247e-16	 1.4379e-16	 3.4246e-16	 8.9443e-17	 1.3868e-16	 0.325341
0.392277	 2.947e-16	 1.4599e-16	 3.5712e-16	 9.0426e-17	 1.4871e-16	 0.337448
0.393323	 2.9927e-16	 1.4353e-16	 3.6134e-16	 9.0082e-17	 1.5574e-16	 0.351716
0.394367	 2.9803e-16	 1.3737e-16	 3.5736e-16	 8.8002e-17	 1.6066e-16	 0.368994
0.39541	 2.9206e-16	 1.2908e-16	 3.4723e-16	 8.5289e-17	 1.6298e-16	 0.386997
0.396452	 2.8525e-16	 1.2167e-16	 3.3604e-16	 8.2856e-17	 1.6358e-16	 0.401995
0.397493	 2.7967e-16	 1.1637e-16	 3.2754e-16	 8.0871e-17	 1.633e-16	 0.412332
0.398533	 2.7767e-16	 1.1441e-16	 3.2488e-16	 7.9977e-17	 1.6326e-16	 0.416395
0.399571	 2.7936e-16	 1.157e-16	 3.2867e-16	 8.0011e-17	 1.6366e-16	 0.414266
0.400608	 2.8555e-16	 1.196e-16	 3.3778e-16	 8.1039e-17	 1.6595e-16	 0.409601
0.401644	 2.9192e-16	 1.2408e-16	 3.4854e-16	 8.155e-17	 1.6784e-16	 0.403462
0.402679	 2.9763e-16	 1.2708e-16	 3.5776e-16	 8.1707e-17	 1.7055e-16	 0.401568
0.403713	 2.9846e-16	 1.2675e-16	 3.6047e-16	 8.0985e-17	 1.7171e-16	 0.403824
0.404745	 2.9405e-16	 1.2315e-16	 3.5396e-16	 7.8978e-17	 1.709e-16	 0.409636
0.405776	 2.8387e-16	 1.1525e-16	 3.3978e-16	 7.5579e-17	 1.6862e-16	 0.422479
0.406806	 2.6818e-16	 1.0523e-16	 3.1785e-16	 7.2261e-17	 1.6295e-16	 0.436384
0.407835	 2.5112e-16	 9.468e-17	 2.9369e-16	 6.8506e-17	 1.5644e-16	 0.4524
0.408862	 2.3561e-16	 8.5688e-17	 2.7165e-16	 6.561e-17	 1.49922e-16	 0.466614
0.409888	 2.2331e-16	 8.0263e-17	 2.55e-16	 6.3328e-17	 1.43047e-16	 0.471211
0.410913	 2.1585e-16	 7.9143e-17	 2.4739e-16	 6.2467e-17	 1.36707e-16	 0.463425
0.411936	 2.1471e-16	 8.2209e-17	 2.4831e-16	 6.2391e-17	 1.32501e-16	 0.446253
0.412959	 2.174e-16	 8.7828e-17	 2.5615e-16	 6.2964e-17	 1.29572e-16	 0.424509
0.41398	 2.2325e-16	 9.4277e-17	 2.6712e-16	 6.3607e-17	 1.28973e-16	 0.40618
0.415	 2.2808e-16	 9.9711e-17	 2.774e-16	 6.3717e-17	 1.28369e-16	 0.391618
0.416018	 2.3073e-16	 1.0268e-16	 2.8319e-16	 6.3424e-17	 1.2805e-16	 0.384062
0.417036	 2.284e-16	 1.0204e-16	 2.8221e-16	 6.1937e-17	 1.2636e-16	 0.382399
0.418052	 2.2189e-16	 9.8461e-17	 2.7498e-16	 6.0095e-17	 1.23429e-16	 0.385293
0.419066	 2.1184e-16	 9.2504e-17	 2.6162e-16	 5.7432e-17	 1.19336e-16	 0.392109
0.42008	 2.0016e-16	 8.6057e-17	 2.4568e-16	 5.4855e-17	 1.14103e-16	 0.398659
0.421092	 1.8851e-16	 8.0051e-17	 2.3068e-16	 5.2615e-17	 1.08459e-16	 0.403852
0.422103	 1.7855e-16	 7.5946e-17	 2.1803e-16	 5.0725e-17	 1.02604e-16	 0.403165
0.423113	 1.717e-16	 7.404e-17	 2.106e-16	 4.9372e-17	 9.766e-17	 0.397412
0.424121	 1.6778e-16	 7.3946e-17	 2.077e-16	 4.8199e-17	 9.3834e-17	 0.388183
0.425128	 1.6628e-16	 7.5254e-17	 2.0794e-16	 4.7566e-17	 9.1026e-17	 0.376866
0.426134	 1.6527e-16	 7.6253e-17	 2.0917e-16	 4.6751e-17	 8.9017e-17	 0.368565
0.427138	 1.635e-16	 7.6199e-17	 2.0899e-16	 4.5666e-17	 8.7301e-17	 0.364211
0.428141	 1.6018e-16	 7.4348e-17	 2.0496e-16	 4.4074e-17	 8.5832e-17	 0.365978
0.429143	 1.5304e-16	 7.0118e-17	 1.9648e-16	 4.2076e-17	 8.2922e-17	 0.371584
0.430144	 1.4289e-16	 6.4036e-17	 1.8281e-16	 3.9909e-17	 7.8854e-17	 0.381073
0.431143	 1.3074e-16	 5.6674e-17	 1.6511e-16	 3.7607e-17	 7.4066e-17	 0.3952
0.432141	 1.17e-16	 4.8785e-17	 1.4611e-16	 3.5192e-17	 6.8215e-17	 0.411467
0.433138	 1.1157e-16	 4.1543e-17	 1.263e-16	 3.3122e-17	 7.0027e-17	 0.457355
0.434133	 8.864e-17	 3.52e-17	 1.0905e-16	 3.15e-17	 5.344e-17	 0.431525
0.435127	 7.8783e-17	 3.0812e-17	 9.5591e-17	 3.0107e-17	 4.7971e-17	 0.437712
0.43612	 7.1431e-17	 4.5697e-17	 8.5852e-17	 2.9175e-17	 2.5734e-17	 0.219708
0.437111	 6.6508e-17	 2.6784e-17	 9.6944e-17	 2.868e-17	 3.9724e-17	 0.425803
0.438101	 6.3483e-17	 2.6406e-17	 7.6545e-17	 2.7985e-17	 3.7077e-17	 0.412475
0.43909	 6.1522e-17	 2.6379e-17	 7.4943e-17	 2.7552e-17	 3.5143e-17	 0.399802
0.440077	 5.9547e-17	 2.6129e-17	 7.2781e-17	 2.6906e-17	 3.3418e-17	 0.390051
0.441063	 5.7103e-17	 2.5545e-17	 7.0238e-17	 2.6372e-17	 3.1558e-17	 0.381836
0.442047	 5.3782e-17	 2.4254e-17	 6.6021e-17	 2.5634e-17	 2.9528e-17	 0.378389
0.443031	 4.9663e-17	 2.2558e-17	 6.067e-17	 2.4978e-17	 2.7105e-17	 0.375306
0.444013	 4.4881e-17	 2.0838e-17	 5.4667e-17	 2.4295e-17	 2.4043e-17	 0.365845
0.444993	 4.0518e-17	 1.9296e-17	 4.8848e-17	 2.3593e-17	 2.1222e-17	 0.3548
0.445972	 3.6947e-17	 1.8506e-17	 4.4471e-17	 2.3204e-17	 1.8441e-17	 0.332552
0.44695	 3.4512e-17	 1.8522e-17	 4.202e-17	 2.2844e-17	 1.599e-17	 0.301505
0.447927	 3.3757e-17	 1.9393e-17	 4.215e-17	 2.2724e-17	 1.4364e-17	 0.270254
0.448902	 3.4288e-17	 2.0876e-17	 4.428e-17	 2.2688e-17	 1.3412e-17	 0.24313
0.449876	 3.5733e-17	 2.2721e-17	 4.7647e-17	 2.2544e-17	 1.3012e-17	 0.222602
0.450848	 3.7619e-17	 2.4267e-17	 5.1133e-17	 2.2521e-17	 1.3352e-17	 0.215752
0.451819	 3.8985e-17	 2.5352e-17	 5.4081e-17	 2.2387e-17	 1.3633e-17	 0.2119
0.452789	 3.9441e-17	 2.5526e-17	 5.5342e-17	 2.2031e-17	 1.3915e-17	 0.214186
0.453757	 3.8916e-17	 2.5087e-17	 5.4517e-17	 2.1715e-17	 1.3829e-17	 0.216068
0.454724	 3.7251e-17	 2.3781e-17	 5.1815e-17	 2.1162e-17	 1.347e-17	 0.220704
0.455689	 3.4607e-17	 2.21e-17	 4.8099e-17	 2.0745e-17	 1.2507e-17	 0.220555
0.456654	 3.1867e-17	 2.0383e-17	 4.382e-17	 2.0444e-17	 1.1484e-17	 0.219789
0.457616	 2.9359e-17	 1.9012e-17	 3.9935e-17	 2.0076e-17	 1.0347e-17	 0.213909
0.458578	 4.0091e-17	 1.8126e-17	 3.7188e-17	 1.9947e-17	 2.1965e-17	 0.377295
0.459538	 2.6704e-17	 1.8008e-17	 3.5901e-17	 1.9756e-17	 8.696e-18	 0.194489
0.460496	 2.6474e-17	 1.8397e-17	 3.6219e-17	 1.9752e-17	 8.077e-18	 0.180005
0.461453	 2.7056e-17	 1.9022e-17	 3.7318e-17	 1.9818e-17	 8.034e-18	 0.174357
0.462409	 2.7751e-17	 1.9635e-17	 3.896e-17	 1.9759e-17	 8.116e-18	 0.171274
0.463363	 2.8341e-17	 2.0109e-17	 3.9751e-17	 1.9457e-17	 8.232e-18	 0.169907
0.464316	 2.8538e-17	 2.0046e-17	 4.004e-17	 1.951e-17	 8.492e-18	 0.17479
0.465268	 2.8092e-17	 1.9756e-17	 3.9287e-17	 1.9466e-17	 8.336e-18	 0.174218
0.466218	 2.7355e-17	 1.8971e-17	 3.8036e-17	 1.9356e-17	 8.384e-18	 0.180978
0.467166	 2.6408e-17	 1.8485e-17	 3.6281e-17	 1.9337e-17	 7.923e-18	 0.176486
0.468114	 2.5845e-17	 1.8262e-17	 3.5575e-17	 1.932e-17	 7.583e-18	 0.171923
0.469059	 2.592e-17	 1.8876e-17	 3.6105e-17	 1.9401e-17	 7.044e-18	 0.157246
0.470004	 2.7058e-17	 2.0176e-17	 3.8455e-17	 1.9512e-17	 6.882e-18	 0.1457
0.470947	 2.9199e-17	 2.2159e-17	 4.262e-17	 1.9586e-17	 7.04e-18	 0.137077
0.471888	 3.2208e-17	 2.4754e-17	 4.805e-17	 1.9789e-17	 7.454e-18	 0.130859
0.472828	 3.57e-17	 2.7207e-17	 5.4516e-17	 1.9996e-17	 8.493e-18	 0.135009
0.473767	 3.9254e-17	 2.9733e-17	 6.0743e-17	 2.0188e-17	 9.521e-18	 0.138012
0.474704	 4.245e-17	 3.1642e-17	 6.5834e-17	 2.0132e-17	 1.0808e-17	 0.145873
0.47564	 4.4741e-17	 3.2709e-17	 6.9791e-17	 2.0161e-17	 1.2032e-17	 0.155352
0.476574	 4.6343e-17	 3.3119e-17	 7.1764e-17	 2.0282e-17	 1.3224e-17	 0.166419
0.477507	 4.6788e-17	 3.2687e-17	 7.194e-17	 2.0191e-17	 1.4101e-17	 0.177427
0.478438	 4.6762e-17	 3.1866e-17	 7.1078e-17	 2.0156e-17	 1.4896e-17	 0.189449
0.479368	 4.6062e-17	 3.1058e-17	 6.9893e-17	 1.9938e-17	 1.5004e-17	 0.194554
0.480297	 4.5687e-17	 3.0389e-17	 6.888e-17	 2.0019e-17	 1.5298e-17	 0.201088
0.481224	 4.5709e-17	 3.0121e-17	 6.8617e-17	 2.0008e-17	 1.5588e-17	 0.205565
0.482149	 4.6292e-17	 3.0396e-17	 6.9547e-17	 2.0096e-17	 1.5896e-17	 0.207281
0.483073	 4.7515e-17	 3.1237e-17	 7.1795e-17	 2.0181e-17	 1.6278e-17	 0.2067
0.483996	 4.9235e-17	 3.2363e-17	 7.4583e-17	 2.0177e-17	 1.6872e-17	 0.20677
0.484917	 5.1204e-17	 3.3518e-17	 7.8021e-17	 2.0214e-17	 1.7686e-17	 0.208753
0.485837	 5.2899e-17	 3.4349e-17	 8.0878e-17	 2.0325e-17	 1.855e-17	 0.212612
0.486755	 5.3965e-17	 3.4737e-17	 8.257e-17	 2.0153e-17	 1.9228e-17	 0.216771
0.487672	 5.4528e-17	 3.4639e-17	 8.2944e-17	 2.0249e-17	 1.9889e-17	 0.223053
0.488587	 5.4006e-17	 3.359e-17	 8.1649e-17	 2.022e-17	 2.0416e-17	 0.23307
0.489501	 5.2526e-17	 3.2208e-17	 7.868e-17	 2.0062e-17	 2.0318e-17	 0.239786
0.490413	 5.0494e-17	 3.0424e-17	 7.4661e-17	 2.0029e-17	 2.007e-17	 0.248029
0.491324	 4.8175e-17	 2.8547e-17	 7.0477e-17	 2.0114e-17	 1.9628e-17	 0.255833
0.492233	 4.5762e-17	 2.6951e-17	 6.6231e-17	 2.0154e-17	 1.8811e-17	 0.258702
0.49314	 4.4041e-17	 2.5833e-17	 6.2916e-17	 2.0212e-17	 1.8208e-17	 0.260583
0.494047	 4.294e-17	 2.5238e-17	 6.1053e-17	 2.0338e-17	 1.7702e-17	 0.259644
0.494951	 4.2594e-17	 2.539e-17	 6.0844e-17	 2.0341e-17	 1.7204e-17	 0.25306
0.495855	 4.3461e-17	 2.5943e-17	 6.1906e-17	 2.0316e-17	 1.7518e-17	 0.252406
0.496756	 4.4522e-17	 2.7063e-17	 6.4207e-17	 2.0336e-17	 1.7459e-17	 0.243892
0.497657	 4.6063e-17	 2.8286e-17	 6.7287e-17	 2.041e-17	 1.7777e-17	 0.239102
0.498555	 4.7773e-17	 2.9342e-17	 7.0089e-17	 2.0407e-17	 1.8431e-17	 0.239007
0.499452	 4.8873e-17	 3.0152e-17	 7.2412e-17	 2.0294e-17	 1.8721e-17	 0.2369
0.500348	 4.9799e-17	 3.0622e-17	 7.379e-17	 2.027e-17	 1.9177e-17	 0.238458
0.501242	 4.9711e-17	 3.0531e-17	 7.3945e-17	 2.0359e-17	 1.918e-17	 0.239027
0.502135	 4.9355e-17	 3.0143e-17	 7.3144e-17	 2.0254e-17	 1.9212e-17	 0.241666
0.503026	 4.8546e-17	 2.9561e-17	 7.154e-17	 2.0176e-17	 1.8985e-17	 0.243064
0.503915	 4.7601e-17	 2.8978e-17	 7.0162e-17	 2.0143e-17	 1.8623e-17	 0.243187
0.504803	 4.6508e-17	 2.8511e-17	 6.8721e-17	 2.0128e-17	 1.7997e-17	 0.239899
0.50569	 4.603e-17	 2.842e-17	 6.8206e-17	 2.0173e-17	 1.761e-17	 0.236535
0.506575	 4.6047e-17	 2.8809e-17	 6.846e-17	 2.0084e-17	 1.7238e-17	 0.230282
0.507458	 4.6581e-17	 2.9668e-17	 6.9772e-17	 2.0073e-17	 1.6913e-17	 0.221813
0.50834	 4.774e-17	 3.0652e-17	 7.2115e-17	 2.0041e-17	 1.7088e-17	 0.217981
0.50922	 4.8956e-17	 3.1769e-17	 7.4858e-17	 1.998e-17	 1.7187e-17	 0.212908
0.510099	 5.043e-17	 3.2858e-17	 7.7705e-17	 1.9967e-17	 1.7572e-17	 0.210979
0.510976	 5.1475e-17	 3.377e-17	 7.9711e-17	 1.9893e-17	 1.7705e-17	 0.207695
0.511852	 5.1868e-17	 3.4141e-17	 8.0851e-17	 1.9733e-17	 1.7727e-17	 0.206106
0.512726	 5.1736e-17	 3.3841e-17	 8.0626e-17	 1.9663e-17	 1.7895e-17	 0.20911
0.513598	 5.0665e-17	 3.3086e-17	 7.8984e-17	 1.9654e-17	 1.7579e-17	 0.209896
0.514469	 4.9027e-17	 3.1935e-17	 7.5725e-17	 1.9532e-17	 1.7092e-17	 0.211111
0.515338	 4.6651e-17	 3.0211e-17	 7.1642e-17	 1.9512e-17	 1.644e-17	 0.21389
0.516206	 4.4131e-17	 2.8599e-17	 6.7207e-17	 1.9571e-17	 1.5532e-17	 0.213557
0.517072	 4.1465e-17	 2.6912e-17	 6.2568e-17	 1.9414e-17	 1.4553e-17	 0.212835
0.517937	 3.9011e-17	 2.5448e-17	 5.8421e-17	 1.9385e-17	 1.3563e-17	 0.210413
0.5188	 3.6948e-17	 2.4186e-17	 5.5067e-17	 1.9333e-17	 1.2762e-17	 0.208755
0.519662	 3.5355e-17	 2.3281e-17	 5.223e-17	 1.9381e-17	 1.2074e-17	 0.205914
0.520522	 3.4173e-17	 2.2833e-17	 5.0555e-17	 1.932e-17	 1.134e-17	 0.198926
0.52138	 3.3312e-17	 2.2548e-17	 4.9364e-17	 1.9299e-17	 1.0764e-17	 0.192696
0.522237	 3.2792e-17	 2.2325e-17	 4.8485e-17	 1.9237e-17	 1.0467e-17	 0.189905
0.523092	 3.2307e-17	 2.2151e-17	 4.7825e-17	 1.9123e-17	 1.0156e-17	 0.186492
0.523945	 3.1549e-17	 2.1955e-17	 4.6828e-17	 1.9146e-17	 9.594e-18	 0.179314
0.524797	 3.0742e-17	 2.1462e-17	 4.5283e-17	 1.9023e-17	 9.28e-18	 0.177764
0.525648	 2.9526e-17	 2.071e-17	 4.342e-17	 1.8897e-17	 8.816e-18	 0.175492
0.526496	 2.8162e-17	 1.9862e-17	 4.1102e-17	 1.8918e-17	 8.3e-18	 0.17283
0.527343	 2.6544e-17	 1.9045e-17	 3.8375e-17	 1.8842e-17	 7.499e-18	 0.164491
0.528189	 2.4949e-17	 1.8152e-17	 3.5811e-17	 1.8772e-17	 6.797e-18	 0.157699
0.529033	 2.3438e-17	 1.7435e-17	 3.3376e-17	 1.8915e-17	 6.003e-18	 0.14687
0.529875	 2.2224e-17	 1.684e-17	 3.1416e-17	 1.8719e-17	 5.384e-18	 0.137825
0.530716	 2.1385e-17	 1.6514e-17	 3.031e-17	 1.8739e-17	 4.871e-18	 0.128526
0.531555	 2.0742e-17	 1.6443e-17	 2.9446e-17	 1.8602e-17	 4.299e-18	 0.115611
0.532392	 2.0458e-17	 1.6647e-17	 2.9328e-17	 1.8549e-17	 3.811e-18	 0.102709
0.533228	 2.0544e-17	 1.6848e-17	 2.9702e-17	 1.8491e-17	 3.696e-18	 0.0988447
0.534063	 2.0859e-17	 1.7202e-17	 3.0367e-17	 1.8472e-17	 3.657e-18	 0.0960826
0.534895	 2.1051e-17	 1.7564e-17	 3.1e-17	 1.838e-17	 3.487e-18	 0.0903017
0.535726	 2.1314e-17	 1.7784e-17	 3.1655e-17	 1.8404e-17	 3.53e-18	 0.0902859
0.536555	 2.1455e-17	 1.7866e-17	 3.1893e-17	 1.83e-17	 3.589e-18	 0.0912744
0.537383	 2.1297e-17	 1.7807e-17	 3.171e-17	 1.8268e-17	 3.49e-18	 0.0892492
0.538209	 2.1014e-17	 1.7498e-17	 3.1085e-17	 1.8132e-17	 3.516e-18	 0.0912962
0.539034	 2.054e-17	 1.7138e-17	 3.0316e-17	 1.8175e-17	 3.402e-18	 0.0902914
0.539856	 1.9942e-17	 1.6755e-17	 2.9152e-17	 1.8082e-17	 3.187e-18	 0.0868463
0.540678	 1.911e-17	 1.6321e-17	 2.8051e-17	 1.808e-17	 2.789e-18	 0.0787164
0.541497	 1.8562e-17	 1.5895e-17	 2.7023e-17	 1.8102e-17	 2.667e-18	 0.0774008
0.542315	 1.8026e-17	 1.5628e-17	 2.5925e-17	 1.8051e-17	 2.398e-18	 0.0712545
0.543131	 1.759e-17	 1.5516e-17	 2.5459e-17	 1.8088e-17	 2.074e-18	 0.0626473
0.543946	 1.7318e-17	 1.5455e-17	 2.5046e-17	 1.8066e-17	 1.863e-18	 0.0568456
0.544758	 1.7166e-17	 1.5388e-17	 2.4981e-17	 1.7918e-17	 1.778e-18	 0.0546169
0.54557	 1.7279e-17	 1.5389e-17	 2.5103e-17	 1.7896e-17	 1.89e-18	 0.0578548
0.546379	 1.7236e-17	 1.5497e-17	 2.5065e-17	 1.7857e-17	 1.739e-18	 0.0531268
0.547187	 1.7354e-17	 1.5525e-17	 2.5208e-17	 1.7793e-17	 1.829e-18	 0.0556282
0.547993	 1.7244e-17	 1.5508e-17	 2.5001e-17	 1.7777e-17	 1.736e-18	 0.0530044
0.548798	 1.7093e-17	 1.5429e-17	 2.4788e-17	 1.7843e-17	 1.664e-18	 0.0511654
0.549601	 1.677e-17	 1.5271e-17	 2.4296e-17	 1.7736e-17	 1.499e-18	 0.0467838
0.550402	 1.6414e-17	 1.4922e-17	 2.3874e-17	 1.7803e-17	 1.492e-18	 0.047613
0.551201	 1.6078e-17	 1.4692e-17	 2.2948e-17	 1.7831e-17	 1.386e-18	 0.0450439
0.551999	 1.5664e-17	 1.4442e-17	 2.2276e-17	 1.7701e-17	 1.222e-18	 0.0405899
0.552796	 1.5294e-17	 1.4198e-17	 2.1668e-17	 1.7724e-17	 1.096e-18	 0.0371626
0.55359	 1.5092e-17	 1.4115e-17	 2.1345e-17	 1.7801e-17	 9.77e-19	 0.0334509
0.554383	 1.4968e-17	 1.4049e-17	 2.1186e-17	 1.77e-17	 9.19e-19	 0.0316711
0.555174	 1.5082e-17	 1.4256e-17	 2.122e-17	 1.7732e-17	 8.26e-19	 0.0281546
0.555963	 1.5296e-17	 1.467e-17	 2.1617e-17	 1.7722e-17	 6.26e-19	 0.0208903
0.556751	 1.5694e-17	 1.5088e-17	 2.2377e-17	 1.7687e-17	 6.06e-19	 0.0196868
0.557537	 1.6157e-17	 1.545e-17	 2.3129e-17	 1.7721e-17	 7.07e-19	 0.0223685
0.558321	 1.6565e-17	 1.5759e-17	 2.3682e-17	 1.7728e-17	 8.06e-19	 0.024935
0.559104	 1.6983e-17	 1.6107e-17	 2.4401e-17	 1.7802e-17	 8.76e-19	 0.0264733
0.559885	 1.7356e-17	 1.6433e-17	 2.5129e-17	 1.7756e-17	 9.23e-19	 0.0273166
0.560664	 1.7607e-17	 1.6568e-17	 2.5527e-17	 1.7831e-17	 1.039e-18	 0.0304023
0.561442	 1.7852e-17	 1.6718e-17	 2.5927e-17	 1.7806e-17	 1.134e-18	 0.032803
0.562218	 1.7881e-17	 1.6713e-17	 2.6095e-17	 1.7848e-17	 1.168e-18	 0.0337631
0.562992	 1.7989e-17	 1.6801e-17	 2.6086e-17	 1.7986e-17	 1.188e-18	 0.0341477
0.563764	 1.8086e-17	 1.6877e-17	 2.62e-17	 1.7947e-17	 1.209e-18	 0.0345794
0.564535	 1.8298e-17	 1.6957e-17	 2.6616e-17	 1.803e-17	 1.341e-18	 0.0380372
0.565304	 1.8622e-17	 1.7176e-17	 2.688e-17	 1.7966e-17	 1.446e-18	 0.0403933
0.566071	 1.9042e-17	 1.7508e-17	 2.7592e-17	 1.7966e-17	 1.534e-18	 0.0419699
0.566836	 1.9469e-17	 1.7922e-17	 2.8349e-17	 1.8202e-17	 1.547e-18	 0.0413736
0.5676	 2.0097e-17	 1.8376e-17	 2.9355e-17	 1.8074e-17	 1.721e-18	 0.0447327
0.568362	 2.0669e-17	 1.8927e-17	 3.0453e-17	 1.8199e-17	 1.742e-18	 0.0439943
0.569122	 2.1328e-17	 1.9403e-17	 3.1512e-17	 1.8311e-17	 1.925e-18	 0.0472613
0.569881	 2.1869e-17	 1.9766e-17	 3.2008e-17	 1.831e-17	 2.103e-18	 0.0505104
0.570638	 2.2226e-17	 2.0146e-17	 3.2805e-17	 1.8397e-17	 2.08e-18	 0.049089
0.571393	 2.2612e-17	 2.0286e-17	 3.3054e-17	 1.8471e-17	 2.326e-18	 0.0542216
0.572146	 2.2693e-17	 2.0265e-17	 3.2996e-17	 1.8542e-17	 2.428e-18	 0.0565203
0.572898	 2.2546e-17	 2.0165e-17	 3.2989e-17	 1.8582e-17	 2.381e-18	 0.0557468
0.573648	 2.2323e-17	 1.9853e-17	 3.2515e-17	 1.8595e-17	 2.47e-18	 0.0585641
0.574396	 2.1994e-17	 1.9511e-17	 3.1752e-17	 1.8542e-17	 2.483e-18	 0.0598241
0.575142	 2.1571e-17	 1.9151e-17	 3.139e-17	 1.8529e-17	 2.42e-18	 0.0594273
0.575887	 2.126e-17	 1.8793e-17	 3.0319e-17	 1.8408e-17	 2.467e-18	 0.0615934
0.57663	 2.082e-17	 1.8458e-17	 2.995e-17	 1.8631e-17	 2.362e-18	 0.0601354
0.577371	 2.0631e-17	 1.8266e-17	 2.9238e-17	 1.8489e-17	 2.365e-18	 0.0608016
0.57811	 2.0447e-17	 1.8126e-17	 2.9223e-17	 1.8551e-17	 2.321e-18	 0.0601716
0.578848	 2.0463e-17	 1.8158e-17	 2.9153e-17	 1.8497e-17	 2.305e-18	 0.0596826
0.579584	 2.0622e-17	 1.8277e-17	 2.9371e-17	 1.8492e-17	 2.345e-18	 0.0602843
0.580318	 2.0895e-17	 1.8493e-17	 2.9752e-17	 1.8616e-17	 2.402e-18	 0.060983
0.58105	 2.114e-17	 1.8827e-17	 3.0264e-17	 1.8602e-17	 2.313e-18	 0.0578727
0.58178	 2.1598e-17	 1.9113e-17	 3.0713e-17	 1.872e-17	 2.485e-18	 0.06104
0.582509	 2.1774e-17	 1.9345e-17	 3.1262e-17	 1.8896e-17	 2.429e-18	 0.0590724
0.583236	 2.2081e-17	 1.9437e-17	 3.1438e-17	 1.8898e-17	 2.644e-18	 0.0636832
0.583961	 2.2052e-17	 1.9622e-17	 3.1685e-17	 1.8993e-17	 2.43e-18	 0.0583097
0.584685	 2.2023e-17	 1.9597e-17	 3.1785e-17	 1.8943e-17	 2.426e-18	 0.0582893
0.585406	 2.2038e-17	 1.9512e-17	 3.1709e-17	 1.902e-17	 2.526e-18	 0.0607942
0.586126	 2.1879e-17	 1.9453e-17	 3.1293e-17	 1.9038e-17	 2.426e-18	 0.0586954
0.586844	 2.1699e-17	 1.9246e-17	 3.1006e-17	 1.9066e-17	 2.453e-18	 0.0599096
0.587561	 2.1537e-17	 1.9184e-17	 3.086e-17	 1.9057e-17	 2.353e-18	 0.0577835
0.588275	 2.1435e-17	 1.9164e-17	 3.0706e-17	 1.9005e-17	 2.271e-18	 0.0559373
0.588988	 2.1319e-17	 1.914e-17	 3.0571e-17	 1.9001e-17	 2.179e-18	 0.053857
0.589699	 2.1541e-17	 1.9135e-17	 3.0679e-17	 1.9091e-17	 2.406e-18	 0.0591504
0.590408	 2.1747e-17	 1.9397e-17	 3.0827e-17	 1.9147e-17	 2.35e-18	 0.0571165
0.591115	 2.2106e-17	 1.9742e-17	 3.1553e-17	 1.932e-17	 2.364e-18	 0.0564902
0.591821	 2.2488e-17	 2.0202e-17	 3.2385e-17	 1.9426e-17	 2.286e-18	 0.0535488
0.592524	 2.2912e-17	 2.0626e-17	 3.3119e-17	 1.9407e-17	 2.286e-18	 0.0525059
0.593226	 2.3406e-17	 2.1035e-17	 3.3938e-17	 1.9554e-17	 2.371e-18	 0.0533516
0.593926	 2.3907e-17	 2.1392e-17	 3.4735e-17	 1.9756e-17	 2.515e-18	 0.05552
0.594625	 2.4387e-17	 2.1788e-17	 3.5356e-17	 1.9833e-17	 2.599e-18	 0.0562859
0.595321	 2.4704e-17	 2.2082e-17	 3.5848e-17	 1.9854e-17	 2.622e-18	 0.0560424
0.596016	 2.491e-17	 2.2234e-17	 3.5997e-17	 2.0045e-17	 2.676e-18	 0.0567623
0.596709	 2.5014e-17	 2.231e-17	 3.6096e-17	 2.0114e-17	 2.704e-18	 0.057138
0.5974	 2.498e-17	 2.2264e-17	 3.5989e-17	 2.0028e-17	 2.716e-18	 0.0574888
0.598089	 2.4686e-17	 2.2068e-17	 3.5677e-17	 2.0078e-17	 2.618e-18	 0.0559952
0.598776	 2.4326e-17	 2.1792e-17	 3.5043e-17	 2.0199e-17	 2.534e-18	 0.054946
0.599462	 2.3942e-17	 2.1503e-17	 3.4403e-17	 2.0057e-17	 2.439e-18	 0.0536693
0.600146	 2.3542e-17	 2.1105e-17	 3.3598e-17	 2.0049e-17	 2.437e-18	 0.0545837
0.600828	 2.3107e-17	 2.0688e-17	 3.3107e-17	 1.9963e-17	 2.419e-18	 0.0552346
0.601508	 2.2711e-17	 2.0355e-17	 3.2342e-17	 1.9866e-17	 2.356e-18	 0.0547067
0.602186	 2.2401e-17	 1.995e-17	 3.1825e-17	 1.9826e-17	 2.451e-18	 0.0578735
0.602862	 2.2136e-17	 1.9719e-17	 3.1463e-17	 1.9745e-17	 2.417e-18	 0.057747
0.603537	 2.1892e-17	 1.9678e-17	 3.1118e-17	 1.9756e-17	 2.214e-18	 0.0532596
0.60421	 2.1839e-17	 1.9578e-17	 3.0917e-17	 1.9708e-17	 2.261e-18	 0.0545911
0.604881	 2.1701e-17	 1.9607e-17	 3.089e-17	 1.9797e-17	 2.094e-18	 0.0506924
0.60555	 2.1675e-17	 1.9552e-17	 3.0951e-17	 1.9832e-17	 2.123e-18	 0.0514954
0.606217	 2.1654e-17	 1.9492e-17	 3.0727e-17	 1.9737e-17	 2.162e-18	 0.0525446
0.606882	 2.1606e-17	 1.9549e-17	 3.0843e-17	 1.9814e-17	 2.057e-18	 0.0499818
0.607546	 2.1505e-17	 1.9465e-17	 3.0474e-17	 1.9875e-17	 2.04e-18	 0.0497925
0.608207	 2.1267e-17	 1.9312e-17	 3.0349e-17	 1.9867e-17	 1.955e-18	 0.0481776
0.608867	 2.1058e-17	 1.9096e-17	 2.9848e-17	 1.9781e-17	 1.962e-18	 0.0488619
0.609525	 2.0829e-17	 1.8853e-17	 2.9377e-17	 1.9633e-17	 1.976e-18	 0.0497959
0.610181	 2.0338e-17	 1.8553e-17	 2.8751e-17	 1.9614e-17	 1.785e-18	 0.0458975
0.610835	 1.9882e-17	 1.8104e-17	 2.8074e-17	 1.9514e-17	 1.778e-18	 0.0468067
0.611488	 1.9495e-17	 1.7812e-17	 2.7386e-17	 1.935e-17	 1.683e-18	 0.0451122
0.612138	 1.9031e-17	 1.7448e-17	 2.6645e-17	 1.9189e-17	 1.583e-18	 0.0433948
0.612787	 1.858e-17	 1.7075e-17	 2.5963e-17	 1.9142e-17	 1.505e-18	 0.0422101
0.613434	 1.8112e-17	 1.6788e-17	 2.5407e-17	 1.9007e-17	 1.324e-18	 0.037937
0.614079	 1.7826e-17	 1.6466e-17	 2.4988e-17	 1.8881e-17	 1.36e-18	 0.0396594
0.614722	 1.7539e-17	 1.6299e-17	 2.4516e-17	 1.8813e-17	 1.24e-18	 0.0366452
0.615363	 1.7338e-17	 1.6163e-17	 2.4221e-17	 1.8878e-17	 1.175e-18	 0.0350736
0.616002	 1.7236e-17	 1.6084e-17	 2.4245e-17	 1.8826e-17	 1.152e-18	 0.0345738
0.61664	 1.7261e-17	 1.6089e-17	 2.3963e-17	 1.8768e-17	 1.172e-18	 0.0351424
0.617275	 1.7212e-17	 1.6205e-17	 2.3829e-17	 1.8759e-17	 1.007e-18	 0.0301344
0.617909	 1.725e-17	 1.629e-17	 2.4048e-17	 1.8736e-17	 9.6e-19	 0.0286225
0.618541	 1.7351e-17	 1.6429e-17	 2.4111e-17	 1.881e-17	 9.22e-19	 0.0272943
0.619171	 1.754e-17	 1.6445e-17	 2.4246e-17	 1.8785e-17	 1.095e-18	 0.0322201
0.619799	 1.7505e-17	 1.6606e-17	 2.4312e-17	 1.8897e-17	 8.99e-19	 0.0263551
0.620425	 1.7529e-17	 1.6562e-17	 2.4325e-17	 1.8962e-17	 9.67e-19	 0.0283653
0.621049	 1.7505e-17	 1.6511e-17	 2.4366e-17	 1.8959e-17	 9.94e-19	 0.0292215
0.621671	 1.7485e-17	 1.6541e-17	 2.4285e-17	 1.898e-17	 9.44e-19	 0.0277435
0.622292	 1.7304e-17	 1.6485e-17	 2.4084e-17	 1.8939e-17	 8.19e-19	 0.0242387
0.62291	 1.7226e-17	 1.6305e-17	 2.3827e-17	 1.8814e-17	 9.21e-19	 0.0274671
0.623527	 1.704e-17	 1.6171e-17	 2.3598e-17	 1.8759e-17	 8.69e-19	 0.026166
0.624142	 1.6889e-17	 1.6029e-17	 2.3278e-17	 1.8825e-17	 8.6e-19	 0.0261255
0.624755	 1.6654e-17	 1.5858e-17	 2.3069e-17	 1.8782e-17	 7.96e-19	 0.0244833
0.625366	 1.6487e-17	 1.5746e-17	 2.2798e-17	 1.8608e-17	 7.41e-19	 0.0229889
0.625975	 1.6267e-17	 1.5571e-17	 2.2624e-17	 1.8588e-17	 6.96e-19	 0.0218607
0.626582	 1.6203e-17	 1.5489e-17	 2.2348e-17	 1.8552e-17	 7.14e-19	 0.0225293
0.627187	 1.6082e-17	 1.545e-17	 2.2355e-17	 1.8555e-17	 6.32e-19	 0.0200431
0.62779	 1.6057e-17	 1.5395e-17	 2.2228e-17	 1.8446e-17	 6.62e-19	 0.0210479
0.628392	 1.6046e-17	 1.5445e-17	 2.216e-17	 1.8393e-17	 6.01e-19	 0.0190848
0.628991	 1.5994e-17	 1.5454e-17	 2.2238e-17	 1.8479e-17	 5.4e-19	 0.0171712
0.629589	 1.6056e-17	 1.5402e-17	 2.2231e-17	 1.8535e-17	 6.54e-19	 0.0207896
0.630184	 1.6009e-17	 1.5588e-17	 2.2274e-17	 1.8443e-17	 4.21e-19	 0.013324
0.630778	 1.6038e-17	 1.5529e-17	 2.2322e-17	 1.8567e-17	 5.09e-19	 0.0161244
0.63137	 1.5976e-17	 1.556e-17	 2.2311e-17	 1.8699e-17	 4.16e-19	 0.0131913
0.63196	 1.6062e-17	 1.5589e-17	 2.2256e-17	 1.8601e-17	 4.73e-19	 0.0149442
0.632548	 1.5885e-17	 1.5385e-17	 2.2044e-17	 1.8559e-17	 5e-19	 0.0159898
