Q 	 ICP 	  ICN 	 ILH 	 ILV 	 IXMCDR  
2.77824e-05	 2.3547e-11	 3.0464e-11	 2.9013e-11	 1.8611e-11	 -6.917e-12	 -0.128067
0.000625175	 2.0754e-13	 2.5017e-13	 2.4323e-13	 1.6831e-13	 -4.263e-14	 -0.0931376
0.00125036	 5.4453e-13	 6.793e-13	 6.7621e-13	 4.5656e-13	 -1.3477e-13	 -0.110122
0.00187553	 1.0423e-12	 1.3579e-12	 1.3409e-12	 8.5111e-13	 -3.156e-13	 -0.131489
0.0025007	 1.5252e-12	 2.0951e-12	 2.0138e-12	 1.2523e-12	 -5.699e-13	 -0.157418
0.00312587	 2.0993e-12	 2.8079e-12	 2.7602e-12	 1.556e-12	 -7.086e-13	 -0.1444
0.00375102	 2.5972e-12	 3.3801e-12	 3.4434e-12	 1.9927e-12	 -7.829e-13	 -0.130979
0.00437616	 2.6002e-12	 4.302e-12	 3.7332e-12	 2.4469e-12	 -1.7018e-12	 -0.246559
0.00500129	 3.5137e-12	 4.8224e-12	 4.7075e-12	 2.68e-12	 -1.3087e-12	 -0.156992
0.0056264	 3.8565e-12	 5.3686e-12	 5.2527e-12	 2.9745e-12	 -1.5121e-12	 -0.163912
0.00625149	 4.2412e-12	 5.6676e-12	 5.7751e-12	 3.3039e-12	 -1.4264e-12	 -0.143953
0.00687657	 4.6413e-12	 6.4111e-12	 6.2578e-12	 3.626e-12	 -1.7698e-12	 -0.160128
0.00750162	 5.1943e-12	 7.1191e-12	 6.9287e-12	 3.2591e-12	 -1.9248e-12	 -0.156318
0.00812666	 5.3451e-12	 7.396e-12	 7.1906e-12	 4.1383e-12	 -2.0509e-12	 -0.160967
0.00875166	 5.2447e-12	 7.7469e-12	 7.5617e-12	 4.2758e-12	 -2.5022e-12	 -0.192601
0.00937664	 5.9549e-12	 8.106e-12	 7.9128e-12	 4.4822e-12	 -2.1511e-12	 -0.152985
0.0100016	 6.2924e-12	 8.452e-12	 7.9137e-12	 4.7446e-12	 -2.1596e-12	 -0.146469
0.0106265	 6.8074e-12	 8.9226e-12	 8.776e-12	 5.192e-12	 -2.1152e-12	 -0.134469
0.0112514	 6.7561e-12	 8.9944e-12	 8.8122e-12	 5.12e-12	 -2.2383e-12	 -0.14211
0.0118763	 6.7819e-12	 9.1278e-12	 8.9432e-12	 5.1757e-12	 -2.3459e-12	 -0.147451
0.0125011	 6.8632e-12	 9.3453e-12	 9.0954e-12	 5.2767e-12	 -2.4821e-12	 -0.153136
0.0131259	 7.0501e-12	 9.5529e-12	 9.336e-12	 5.397e-12	 -2.5028e-12	 -0.150744
0.0137506	 7.4863e-12	 9.9451e-12	 9.7332e-12	 5.8134e-12	 -2.4588e-12	 -0.141056
0.0143753	 7.3522e-12	 9.8422e-12	 9.5579e-12	 5.7177e-12	 -2.49e-12	 -0.144815
0.015	 7.3122e-12	 9.7649e-12	 9.4944e-12	 5.7811e-12	 -2.4527e-12	 -0.143625
0.0156246	 7.34e-12	 9.7296e-12	 9.4361e-12	 5.8579e-12	 -2.3896e-12	 -0.139992
0.0162491	 7.3575e-12	 9.6945e-12	 9.376e-12	 5.9248e-12	 -2.337e-12	 -0.137051
0.0168736	 7.6351e-12	 9.899e-12	 9.6187e-12	 6.1964e-12	 -2.2639e-12	 -0.129114
0.0174981	 7.4505e-12	 9.6912e-12	 9.3136e-12	 5.9873e-12	 -2.2407e-12	 -0.130716
0.0181225	 7.393e-12	 9.5127e-12	 9.158e-12	 5.9754e-12	 -2.1197e-12	 -0.125384
0.0187469	 7.7405e-12	 1.0003e-11	 9.5611e-12	 6.523e-12	 -2.2625e-12	 -0.127511
0.0193712	 7.9094e-12	 1.0001e-11	 9.4577e-12	 6.6697e-12	 -2.0916e-12	 -0.116781
0.0199954	 7.9843e-12	 9.9888e-12	 9.5308e-12	 6.8016e-12	 -2.0045e-12	 -0.111528
0.0206196	 7.6336e-12	 9.5003e-12	 9.0784e-12	 6.5465e-12	 -1.8667e-12	 -0.108948
0.0212437	 7.3825e-12	 9.1178e-12	 8.7529e-12	 6.3584e-12	 -1.7353e-12	 -0.105168
0.0218677	 7.2183e-12	 8.8479e-12	 8.4486e-12	 6.2189e-12	 -1.6296e-12	 -0.10143
0.0224917	 7.0611e-12	 8.5487e-12	 8.2402e-12	 6.1119e-12	 -1.4876e-12	 -0.0952991
0.0231156	 7.032e-12	 8.4544e-12	 8.1563e-12	 6.1216e-12	 -1.4224e-12	 -0.0918483
0.0237395	 6.7386e-12	 8.0779e-12	 7.7766e-12	 5.8729e-12	 -1.3393e-12	 -0.0903925
0.0243632	 6.5068e-12	 7.7735e-12	 7.4995e-12	 5.7163e-12	 -1.2667e-12	 -0.0887026
0.0249869	 6.2839e-12	 7.4709e-12	 7.2033e-12	 5.5579e-12	 -1.187e-12	 -0.0862971
0.0256106	 6.0827e-12	 7.1928e-12	 6.9274e-12	 5.3934e-12	 -1.1101e-12	 -0.0836202
0.0262341	 5.9593e-12	 7.002e-12	 6.7649e-12	 5.2944e-12	 -1.0427e-12	 -0.0804472
0.0268576	 5.6166e-12	 6.592e-12	 6.3751e-12	 4.9973e-12	 -9.754e-13	 -0.0798945
0.0274809	 5.3539e-12	 6.2154e-12	 6.0639e-12	 4.7628e-12	 -8.615e-13	 -0.0744643
0.0281042	 5.1052e-12	 5.8783e-12	 5.7361e-12	 4.5281e-12	 -7.731e-13	 -0.0703874
0.0287274	 4.8427e-12	 5.5492e-12	 5.419e-12	 4.2741e-12	 -7.065e-13	 -0.0679856
0.0293506	 4.6387e-12	 5.2846e-12	 5.1869e-12	 4.1041e-12	 -6.459e-13	 -0.0650892
0.0299736	 4.2816e-12	 4.8932e-12	 4.7828e-12	 3.7339e-12	 -6.116e-13	 -0.0666609
0.0305965	 3.9975e-12	 4.5447e-12	 4.4537e-12	 3.4869e-12	 -5.472e-13	 -0.0640584
0.0312194	 3.7151e-12	 4.2134e-12	 4.1366e-12	 3.0639e-12	 -4.983e-13	 -0.0628492
0.0318421	 3.4488e-12	 3.8869e-12	 3.8176e-12	 2.7202e-12	 -4.381e-13	 -0.0597216
0.0324648	 3.226e-12	 3.6196e-12	 3.5523e-12	 2.5357e-12	 -3.936e-13	 -0.0574968
0.0330874	 2.9112e-12	 3.268e-12	 3.2067e-12	 2.3371e-12	 -3.568e-13	 -0.0577421
0.0337098	 2.6485e-12	 2.9492e-12	 2.9088e-12	 2.0606e-12	 -3.007e-13	 -0.0537185
0.0343322	 2.3933e-12	 2.6653e-12	 2.6253e-12	 1.8199e-12	 -2.72e-13	 -0.0537698
0.0349544	 2.1599e-12	 2.3837e-12	 2.3588e-12	 1.6087e-12	 -2.238e-13	 -0.0492561
0.0355766	 1.9636e-12	 2.1587e-12	 2.1462e-12	 1.4502e-12	 -1.951e-13	 -0.0473279
0.0361986	 1.7319e-12	 1.8955e-12	 1.8906e-12	 1.3158e-12	 -1.636e-13	 -0.0451012
0.0368205	 1.5356e-12	 1.6773e-12	 1.67e-12	 1.1357e-12	 -1.417e-13	 -0.0441035
0.0374423	 1.359e-12	 1.4612e-12	 1.4553e-12	 1.007e-12	 -1.022e-13	 -0.0362386
0.038064	 1.2036e-12	 1.277e-12	 1.3004e-12	 8.8848e-13	 -7.34e-14	 -0.0295896
0.0386856	 1.0297e-12	 1.1398e-12	 1.1655e-12	 7.9567e-13	 -1.101e-13	 -0.050749
0.0393071	 9.3902e-13	 9.8035e-13	 1.0244e-12	 6.9434e-13	 -4.133e-14	 -0.0215331
0.0399284	 8.4046e-13	 8.9001e-13	 9.1614e-13	 6.2068e-13	 -4.955e-14	 -0.0286338
0.0405497	 7.563e-13	 7.962e-13	 8.3035e-13	 5.6019e-13	 -3.99e-14	 -0.0257005
0.0411708	 6.836e-13	 7.2545e-13	 7.5421e-13	 5.0603e-13	 -4.185e-14	 -0.0297009
0.0417917	 6.4144e-13	 6.7905e-13	 7.0659e-13	 4.7799e-13	 -3.761e-14	 -0.0284819
0.0424126	 5.9313e-13	 6.3817e-13	 6.6152e-13	 4.4578e-13	 -4.504e-14	 -0.0365792
0.0430333	 5.5729e-13	 6.0484e-13	 6.2329e-13	 4.2295e-13	 -4.755e-14	 -0.0409162
0.0436539	 5.3987e-13	 5.8573e-13	 6.0661e-13	 4.0541e-13	 -4.586e-14	 -0.0407427
0.0442743	 5.2718e-13	 5.6669e-13	 5.8646e-13	 3.9641e-13	 -3.951e-14	 -0.0361195
0.0448947	 5.1298e-13	 5.6197e-13	 5.7545e-13	 3.934e-13	 -4.899e-14	 -0.0455742
0.0455148	 5.1175e-13	 5.5664e-13	 5.6812e-13	 3.8689e-13	 -4.489e-14	 -0.0420165
0.0461349	 5.0054e-13	 5.4807e-13	 5.5942e-13	 3.7544e-13	 -4.753e-14	 -0.0453267
0.0467548	 4.8632e-13	 5.3594e-13	 5.5021e-13	 3.6835e-13	 -4.962e-14	 -0.0485395
0.0473746	 4.7679e-13	 5.1118e-13	 5.3375e-13	 3.5345e-13	 -3.439e-14	 -0.0348087
0.0479942	 4.6906e-13	 4.9489e-13	 5.2069e-13	 3.4734e-13	 -2.583e-14	 -0.026796
0.0486136	 4.5069e-13	 4.7553e-13	 4.9583e-13	 3.2847e-13	 -2.484e-14	 -0.0268187
0.049233	 4.3245e-13	 4.5203e-13	 4.7198e-13	 3.0795e-13	 -1.958e-14	 -0.0221373
0.0498521	 4.114e-13	 4.2594e-13	 4.3809e-13	 2.9238e-13	 -1.454e-14	 -0.0173645
0.0504712	 3.9005e-13	 3.9711e-13	 4.0658e-13	 2.7804e-13	 -7.06e-15	 -0.00896895
0.05109	 3.6452e-13	 3.6788e-13	 3.7408e-13	 2.6323e-13	 -3.36e-15	 -0.00458766
0.0517087	 3.3229e-13	 3.336e-13	 3.3853e-13	 2.4028e-13	 -1.31e-15	 -0.00196729
0.0523273	 2.9939e-13	 2.9944e-13	 3.005e-13	 2.1863e-13	 -5e-17	 -8.34962e-05
0.0529457	 2.5817e-13	 2.6186e-13	 2.6125e-13	 1.9638e-13	 -3.69e-15	 -0.00709574
0.0535639	 2.2318e-13	 2.2587e-13	 2.2504e-13	 1.7393e-13	 -2.69e-15	 -0.00599042
0.054182	 1.9253e-13	 1.9188e-13	 1.926e-13	 1.5237e-13	 6.5e-16	 0.0016909
0.0547999	 1.624e-13	 1.5855e-13	 1.5873e-13	 1.2828e-13	 3.85e-15	 0.0119956
0.0554176	 1.3433e-13	 1.2691e-13	 1.3035e-13	 1.0633e-13	 7.42e-15	 0.028403
0.0560352	 1.0618e-13	 9.8318e-14	 1.0467e-13	 8.6397e-14	 7.862e-15	 0.0384454
0.0566526	 8.4435e-14	 7.5692e-14	 8.149e-14	 6.7402e-14	 8.743e-15	 0.0546004
0.0572698	 6.5353e-14	 5.6575e-14	 6.2132e-14	 5.2849e-14	 8.778e-15	 0.0719933
0.0578869	 4.8139e-14	 3.994e-14	 4.5188e-14	 3.8438e-14	 8.199e-15	 0.0930869
0.0585037	 3.4293e-14	 2.6804e-14	 3.1209e-14	 2.7076e-14	 7.489e-15	 0.122576
0.0591204	 2.3049e-14	 1.6667e-14	 2.0351e-14	 1.7979e-14	 6.382e-15	 0.160691
0.059737	 1.4512e-14	 9.3817e-15	 1.2317e-14	 1.1072e-14	 5.1303e-15	 0.214714
0.0603533	 8.317e-15	 4.8575e-15	 7.0896e-15	 5.7019e-15	 3.4595e-15	 0.262591
0.0609694	 4.5394e-15	 2.5312e-15	 4.077e-15	 3.0354e-15	 2.0082e-15	 0.284021
0.0615854	 2.556e-15	 2.2548e-15	 3.2561e-15	 1.8706e-15	 3.012e-16	 0.0626091
0.0622012	 2.3591e-15	 3.792e-15	 4.3371e-15	 2.2334e-15	 -1.4329e-15	 -0.23295
0.0628168	 3.7061e-15	 6.7657e-15	 7.0423e-15	 3.8938e-15	 -3.0596e-15	 -0.292175
0.0634322	 6.426e-15	 1.1004e-14	 1.0792e-14	 6.675e-15	 -4.578e-15	 -0.262651
0.0640474	 1.0002e-14	 1.5738e-14	 1.517e-14	 1.0571e-14	 -5.736e-15	 -0.222844
0.0646624	 1.4257e-14	 2.1205e-14	 1.9998e-14	 1.5084e-14	 -6.948e-15	 -0.195928
0.0652772	 1.9481e-14	 2.6463e-14	 2.5013e-14	 1.9594e-14	 -6.982e-15	 -0.151968
0.0658918	 2.4819e-14	 3.1794e-14	 3.0362e-14	 2.4825e-14	 -6.975e-15	 -0.123205
0.0665062	 2.9203e-14	 3.8014e-14	 3.6145e-14	 3.0105e-14	 -8.811e-15	 -0.131083
0.0671204	 3.5005e-14	 4.2698e-14	 4.0541e-14	 3.4229e-14	 -7.693e-15	 -0.0990052
0.0677344	 3.9142e-14	 4.6824e-14	 4.5017e-14	 3.8076e-14	 -7.682e-15	 -0.0893609
0.0683482	 4.253e-14	 5.0143e-14	 4.8397e-14	 4.0511e-14	 -7.613e-15	 -0.0821491
0.0689618	 4.5053e-14	 5.2457e-14	 5.095e-14	 4.3733e-14	 -7.404e-15	 -0.0759307
0.0695752	 4.7158e-14	 5.454e-14	 5.2965e-14	 4.5793e-14	 -7.382e-15	 -0.0725875
0.0701884	 4.7243e-14	 5.4669e-14	 5.2923e-14	 4.6066e-14	 -7.426e-15	 -0.0728668
0.0708013	 4.6874e-14	 5.4223e-14	 5.2462e-14	 4.607e-14	 -7.349e-15	 -0.0726926
0.0714141	 4.5907e-14	 5.3139e-14	 5.1331e-14	 4.5291e-14	 -7.232e-15	 -0.0730166
0.0720266	 4.4407e-14	 5.1566e-14	 4.9614e-14	 4.3988e-14	 -7.159e-15	 -0.0745939
0.0726389	 4.272e-14	 4.9868e-14	 4.7799e-14	 4.2686e-14	 -7.148e-15	 -0.0772022
0.073251	 3.9798e-14	 4.6962e-14	 4.4799e-14	 4.0193e-14	 -7.164e-15	 -0.0825726
0.0738628	 3.7061e-14	 4.4073e-14	 4.1804e-14	 3.7672e-14	 -7.012e-15	 -0.0864249
0.0744745	 3.4401e-14	 4.1092e-14	 3.8834e-14	 3.5234e-14	 -6.691e-15	 -0.0886307
0.0750859	 3.1753e-14	 3.8234e-14	 3.5951e-14	 3.2821e-14	 -6.481e-15	 -0.0926029
0.075697	 2.9553e-14	 3.5497e-14	 3.3274e-14	 3.0676e-14	 -5.944e-15	 -0.0913759
0.076308	 2.6944e-14	 3.234e-14	 3.0242e-14	 2.7939e-14	 -5.396e-15	 -0.0910195
0.0769187	 2.4644e-14	 2.9478e-14	 2.7446e-14	 2.5538e-14	 -4.834e-15	 -0.0893167
0.0775292	 2.2355e-14	 2.6545e-14	 2.4747e-14	 2.3137e-14	 -4.19e-15	 -0.0856851
0.0781394	 2.0026e-14	 2.374e-14	 2.2011e-14	 2.0766e-14	 -3.714e-15	 -0.0848604
0.0787494	 1.7965e-14	 2.1089e-14	 1.9562e-14	 1.8519e-14	 -3.124e-15	 -0.0799918
0.0793592	 1.5581e-14	 1.8283e-14	 1.6891e-14	 1.6144e-14	 -2.702e-15	 -0.0797897
0.0799687	 1.3465e-14	 1.5748e-14	 1.4481e-14	 1.3925e-14	 -2.283e-15	 -0.0781501
0.080578	 1.1526e-14	 1.3386e-14	 1.2292e-14	 1.1917e-14	 -1.86e-15	 -0.0746628
0.081187	 9.7129e-15	 1.124e-14	 1.0274e-14	 1.0055e-14	 -1.5271e-15	 -0.0728825
0.0817958	 8.142e-15	 9.3518e-15	 8.5089e-15	 8.4416e-15	 -1.2098e-15	 -0.0691559
0.0824044	 6.5715e-15	 7.5547e-15	 6.385e-15	 6.4442e-15	 -9.832e-16	 -0.0696012
0.0830126	 4.8961e-15	 6.0223e-15	 5.0205e-15	 5.1757e-15	 -1.1262e-15	 -0.103147
0.0836207	 3.8199e-15	 4.4228e-15	 3.8731e-15	 4.0646e-15	 -6.029e-16	 -0.0731435
0.0842285	 2.9044e-15	 3.424e-15	 2.9109e-15	 3.1455e-15	 -5.196e-16	 -0.0821061
0.084836	 2.2014e-15	 2.6483e-15	 2.1706e-15	 2.43e-15	 -4.469e-16	 -0.09215
0.0854432	 1.652e-15	 2.0443e-15	 1.608e-15	 1.8681e-15	 -3.923e-16	 -0.106133
0.0860503	 1.2584e-15	 1.6358e-15	 1.2268e-15	 1.4672e-15	 -3.774e-16	 -0.130399
0.086657	 9.7844e-16	 1.3862e-15	 9.8482e-16	 1.2024e-15	 -4.0776e-16	 -0.172441
0.0872635	 7.7111e-16	 1.2692e-15	 8.4781e-16	 1.0364e-15	 -4.9809e-16	 -0.244125
0.0878697	 6.318e-16	 1.2874e-15	 8.1397e-16	 9.653e-16	 -6.556e-16	 -0.341601
0.0884756	 5.435e-16	 1.4083e-15	 8.6716e-16	 9.6784e-16	 -8.648e-16	 -0.443078
0.0890813	 5.489e-16	 1.6525e-15	 1.0242e-15	 1.065e-15	 -1.1036e-15	 -0.501317
0.0896867	 6.2727e-16	 2.0027e-15	 1.2789e-15	 1.2431e-15	 -1.37543e-15	 -0.522983
0.0902918	 7.9784e-16	 2.4616e-15	 1.632e-15	 1.5058e-15	 -1.66376e-15	 -0.510444
0.0908967	 1.0773e-15	 3.0581e-15	 2.1074e-15	 1.8767e-15	 -1.9808e-15	 -0.478986
0.0915013	 1.4383e-15	 3.7063e-15	 2.6646e-15	 2.3008e-15	 -2.268e-15	 -0.440851
0.0921056	 1.9462e-15	 4.4749e-15	 3.3486e-15	 2.8367e-15	 -2.5287e-15	 -0.393811
0.0927096	 2.5771e-15	 5.35e-15	 4.1598e-15	 3.4702e-15	 -2.7729e-15	 -0.3498
0.0933133	 3.2933e-15	 6.6283e-15	 5.0725e-15	 4.1852e-15	 -3.335e-15	 -0.336135
0.0939168	 4.2011e-15	 7.8314e-15	 6.1118e-15	 4.9954e-15	 -3.6303e-15	 -0.301708
0.09452	 5.0307e-15	 8.8096e-15	 7.0455e-15	 5.7082e-15	 -3.7789e-15	 -0.273036
0.0951228	 6.1528e-15	 9.7721e-15	 7.9858e-15	 6.4284e-15	 -3.6193e-15	 -0.227273
0.0957254	 6.9289e-15	 1.059e-14	 9.2926e-15	 7.0537e-15	 -3.6611e-15	 -0.20898
0.0963277	 7.6668e-15	 1.1281e-14	 1.0123e-14	 7.5915e-15	 -3.6142e-15	 -0.190745
0.0969297	 8.301e-15	 1.1637e-14	 1.0852e-14	 8.3558e-15	 -3.336e-15	 -0.167319
0.0975314	 8.7289e-15	 1.2268e-14	 1.1254e-14	 8.8942e-15	 -3.5391e-15	 -0.168553
0.0981328	 9.1216e-15	 1.2567e-14	 1.1637e-14	 9.2076e-15	 -3.4454e-15	 -0.158858
0.098734	 9.4946e-15	 1.2784e-14	 1.1938e-14	 9.4572e-15	 -3.2894e-15	 -0.147648
0.0993348	 9.7944e-15	 1.2935e-14	 1.2172e-14	 9.618e-15	 -3.1406e-15	 -0.138173
0.0999353	 1.0035e-14	 1.3063e-14	 1.2337e-14	 9.7767e-15	 -3.028e-15	 -0.131094
0.100535	 1.0038e-14	 1.2811e-14	 1.2176e-14	 9.6557e-15	 -2.773e-15	 -0.121362
0.101135	 9.9287e-15	 1.2539e-14	 1.1928e-14	 9.5071e-15	 -2.6103e-15	 -0.11618
0.101735	 9.7147e-15	 1.2117e-14	 1.1558e-14	 9.2344e-15	 -2.4023e-15	 -0.110037
0.102334	 9.4545e-15	 1.1644e-14	 1.1115e-14	 8.9309e-15	 -2.1895e-15	 -0.103775
0.102933	 9.2454e-15	 1.1213e-14	 1.0723e-14	 8.6793e-15	 -1.9676e-15	 -0.0961757
0.103532	 8.9186e-15	 1.0645e-14	 1.0194e-14	 8.301e-15	 -1.7264e-15	 -0.0882455
0.10413	 8.6822e-15	 1.0171e-14	 9.7547e-15	 7.9939e-15	 -1.4888e-15	 -0.078968
0.104728	 8.4714e-15	 9.7074e-15	 9.3694e-15	 7.7078e-15	 -1.236e-15	 -0.0679913
0.105326	 8.233e-15	 9.2432e-15	 8.9432e-15	 7.4087e-15	 -1.0102e-15	 -0.0578043
0.105923	 7.9469e-15	 8.7769e-15	 8.5476e-15	 7.0977e-15	 -8.3e-16	 -0.0496299
0.10652	 7.4602e-15	 8.1484e-15	 7.9422e-15	 6.6053e-15	 -6.882e-16	 -0.0440911
0.107117	 6.9154e-15	 7.5272e-15	 7.3222e-15	 6.1234e-15	 -6.118e-16	 -0.0423608
0.107714	 6.332e-15	 6.8781e-15	 6.6605e-15	 5.5913e-15	 -5.461e-16	 -0.0413396
0.10831	 5.7279e-15	 6.2411e-15	 6.0155e-15	 5.0631e-15	 -5.132e-16	 -0.0428774
0.108905	 5.1807e-15	 5.6867e-15	 5.4389e-15	 4.5956e-15	 -5.06e-16	 -0.0465613
0.109501	 4.6064e-15	 5.1203e-15	 4.856e-15	 4.1181e-15	 -5.139e-16	 -0.052834
0.110096	 4.1408e-15	 4.6601e-15	 4.3864e-15	 3.7266e-15	 -5.193e-16	 -0.0590053
0.110691	 3.7358e-15	 4.241e-15	 3.999e-15	 3.3828e-15	 -5.052e-16	 -0.0633337
0.111285	 3.3851e-15	 3.964e-15	 3.6787e-15	 3.1019e-15	 -5.789e-16	 -0.0787716
0.111879	 3.0935e-15	 3.7325e-15	 3.4354e-15	 2.8622e-15	 -6.39e-16	 -0.0936127
0.112473	 2.7876e-15	 3.4834e-15	 3.1932e-15	 2.6141e-15	 -6.958e-16	 -0.110955
0.113066	 2.5265e-15	 3.2927e-15	 3.0091e-15	 2.4103e-15	 -7.662e-16	 -0.131668
0.113659	 2.2991e-15	 3.1232e-15	 2.8515e-15	 2.2287e-15	 -8.241e-16	 -0.151983
0.114252	 2.1024e-15	 2.9798e-15	 2.7212e-15	 2.0792e-15	 -8.774e-16	 -0.172642
0.114844	 1.9657e-15	 2.8877e-15	 2.6349e-15	 1.9743e-15	 -9.22e-16	 -0.18997
0.115436	 1.8384e-15	 2.6141e-15	 2.5442e-15	 1.8772e-15	 -7.757e-16	 -0.174217
0.116028	 1.7801e-15	 2.5887e-15	 2.5119e-15	 1.8332e-15	 -8.086e-16	 -0.185085
0.116619	 1.7663e-15	 2.591e-15	 2.5203e-15	 1.8235e-15	 -8.247e-16	 -0.189269
0.11721	 1.7877e-15	 2.6202e-15	 2.5659e-15	 1.8416e-15	 -8.325e-16	 -0.188865
0.117801	 1.8447e-15	 2.6756e-15	 2.6488e-15	 1.8843e-15	 -8.309e-16	 -0.183815
0.118391	 1.8799e-15	 2.6949e-15	 2.6871e-15	 1.8997e-15	 -8.15e-16	 -0.17815
0.118981	 1.9051e-15	 2.7108e-15	 2.7203e-15	 1.9143e-15	 -8.057e-16	 -0.174549
0.11957	 1.9132e-15	 2.6982e-15	 2.7245e-15	 1.9112e-15	 -7.85e-16	 -0.17023
0.12016	 1.8946e-15	 2.6659e-15	 2.6935e-15	 1.8966e-15	 -7.713e-16	 -0.169126
0.120748	 1.8774e-15	 2.633e-15	 2.6671e-15	 1.8821e-15	 -7.556e-16	 -0.167524
0.121337	 1.84e-15	 2.5644e-15	 2.5966e-15	 1.8438e-15	 -7.244e-16	 -0.164472
0.121925	 1.8333e-15	 2.5217e-15	 2.5558e-15	 1.827e-15	 -6.884e-16	 -0.158071
0.122512	 1.8504e-15	 2.4927e-15	 2.5437e-15	 1.8282e-15	 -6.423e-16	 -0.14789
0.1231	 1.8841e-15	 2.4795e-15	 2.5428e-15	 1.8361e-15	 -5.954e-16	 -0.136447
0.123687	 1.9155e-15	 2.4607e-15	 2.5551e-15	 1.8369e-15	 -5.452e-16	 -0.124583
0.124273	 1.8824e-15	 2.3861e-15	 2.4939e-15	 1.7904e-15	 -5.037e-16	 -0.118004
0.124859	 1.8114e-15	 2.2724e-15	 2.3963e-15	 1.7113e-15	 -4.61e-16	 -0.112885
0.125445	 1.6864e-15	 2.1151e-15	 2.235e-15	 1.5979e-15	 -4.287e-16	 -0.112771
0.126031	 1.5185e-15	 1.9235e-15	 2.023e-15	 1.3662e-15	 -4.05e-16	 -0.117664
0.126616	 1.3372e-15	 1.7233e-15	 1.7626e-15	 1.2374e-15	 -3.861e-16	 -0.126156
0.1272	 1.1391e-15	 1.5086e-15	 1.4566e-15	 1.0855e-15	 -3.695e-16	 -0.139555
0.127784	 9.1266e-16	 1.3254e-15	 1.2662e-15	 9.5867e-16	 -4.1274e-16	 -0.184419
0.128368	 7.9279e-16	 1.175e-15	 1.1039e-15	 8.5363e-16	 -3.8221e-16	 -0.194233
0.128952	 6.9462e-16	 1.0483e-15	 9.7215e-16	 7.6592e-16	 -3.5368e-16	 -0.202924
0.129535	 6.1262e-16	 9.4137e-16	 8.6265e-16	 6.9094e-16	 -3.2875e-16	 -0.211552
0.130117	 5.2681e-16	 8.296e-16	 7.4852e-16	 6.116e-16	 -3.0279e-16	 -0.223229
0.1307	 4.4658e-16	 7.2268e-16	 6.4125e-16	 5.3687e-16	 -2.761e-16	 -0.236132
0.131282	 3.7114e-16	 6.2262e-16	 5.4014e-16	 4.6633e-16	 -2.5148e-16	 -0.253059
0.131863	 3.0976e-16	 5.3665e-16	 4.5455e-16	 4.0624e-16	 -2.2689e-16	 -0.268062
0.132444	 2.7454e-16	 4.7486e-16	 3.9712e-16	 3.6571e-16	 -2.0032e-16	 -0.267307
0.133025	 2.6611e-16	 4.3603e-16	 3.6632e-16	 3.4171e-16	 -1.6992e-16	 -0.242003
0.133605	 2.8379e-16	 4.2504e-16	 3.6682e-16	 3.3852e-16	 -1.4125e-16	 -0.199272
0.134185	 3.1861e-16	 4.3499e-16	 3.8922e-16	 3.4915e-16	 -1.1638e-16	 -0.154432
0.134764	 3.5542e-16	 4.5379e-16	 4.1982e-16	 3.6502e-16	 -9.837e-17	 -0.121563
0.135343	 3.8547e-16	 4.7364e-16	 4.4802e-16	 3.7863e-16	 -8.817e-17	 -0.102629
0.135922	 3.9243e-16	 4.7927e-16	 4.5661e-16	 3.7839e-16	 -8.684e-17	 -0.0996214
0.1365	 3.8503e-16	 4.7405e-16	 4.5318e-16	 3.7149e-16	 -8.902e-17	 -0.103622
0.137078	 3.6642e-16	 4.6103e-16	 4.3818e-16	 3.5721e-16	 -9.461e-17	 -0.114339
0.137655	 3.4449e-16	 4.4518e-16	 4.2034e-16	 3.4103e-16	 -1.0069e-16	 -0.127509
0.138232	 3.282e-16	 4.3466e-16	 4.0765e-16	 3.2992e-16	 -1.0646e-16	 -0.139554
0.138809	 3.1677e-16	 4.2653e-16	 3.9885e-16	 3.2079e-16	 -1.0976e-16	 -0.147666
0.139385	 3.1708e-16	 4.3219e-16	 4.0509e-16	 3.1598e-16	 -1.1511e-16	 -0.15363
0.139961	 3.2509e-16	 4.4875e-16	 4.2159e-16	 3.2521e-16	 -1.2366e-16	 -0.1598
0.140536	 3.3652e-16	 4.7281e-16	 4.4675e-16	 3.3537e-16	 -1.3629e-16	 -0.168399
0.141111	 3.4899e-16	 5.0196e-16	 4.7631e-16	 3.4663e-16	 -1.5297e-16	 -0.179764
0.141685	 3.4996e-16	 5.1977e-16	 4.9524e-16	 3.4979e-16	 -1.6981e-16	 -0.195245
0.142259	 3.4658e-16	 5.3392e-16	 5.1005e-16	 3.5091e-16	 -1.8734e-16	 -0.212765
0.142833	 3.371e-16	 5.3959e-16	 5.1588e-16	 3.4651e-16	 -2.0249e-16	 -0.230971
0.143406	 3.2548e-16	 5.4082e-16	 5.1542e-16	 3.4191e-16	 -2.1534e-16	 -0.248574
0.143979	 3.1876e-16	 5.4513e-16	 5.1455e-16	 3.3998e-16	 -2.2637e-16	 -0.262036
0.144551	 3.1828e-16	 5.4797e-16	 5.1757e-16	 3.4096e-16	 -2.2969e-16	 -0.265154
0.145123	 3.3478e-16	 5.6878e-16	 5.392e-16	 3.537e-16	 -2.34e-16	 -0.258976
0.145694	 3.7001e-16	 6.0754e-16	 5.8177e-16	 3.7862e-16	 -2.3753e-16	 -0.242985
0.146265	 4.2207e-16	 6.6546e-16	 6.4668e-16	 4.1389e-16	 -2.4339e-16	 -0.223801
0.146835	 4.8707e-16	 7.3665e-16	 7.2829e-16	 4.5711e-16	 -2.4958e-16	 -0.203952
0.147405	 5.4718e-16	 8.0083e-16	 8.0962e-16	 4.9544e-16	 -2.5365e-16	 -0.188166
0.147975	 6.0311e-16	 8.626e-16	 8.861e-16	 5.3132e-16	 -2.5949e-16	 -0.17704
0.148544	 6.4803e-16	 9.135e-16	 9.4771e-16	 5.5851e-16	 -2.6547e-16	 -0.170006
0.149113	 6.8393e-16	 9.5172e-16	 9.9568e-16	 5.7954e-16	 -2.6779e-16	 -0.163721
0.149681	 7.1158e-16	 9.8365e-16	 1.0353e-15	 5.9825e-16	 -2.7207e-16	 -0.160491
0.150249	 7.3291e-16	 9.9913e-16	 1.0607e-15	 6.0979e-16	 -2.6622e-16	 -0.153703
0.150816	 7.6275e-16	 1.0241e-15	 1.0935e-15	 6.2702e-16	 -2.6135e-16	 -0.146263
0.151383	 8.045e-16	 1.0584e-15	 1.1379e-15	 6.4966e-16	 -2.539e-16	 -0.136293
0.151949	 8.5525e-16	 1.1008e-15	 1.1959e-15	 6.7524e-16	 -2.4555e-16	 -0.125534
0.152515	 9.0748e-16	 1.1478e-15	 1.2609e-15	 7.0448e-16	 -2.4032e-16	 -0.116928
0.153081	 9.4037e-16	 1.1727e-15	 1.2996e-15	 7.1591e-16	 -2.3233e-16	 -0.109949
0.153646	 9.5746e-16	 1.1856e-15	 1.323e-15	 7.2007e-16	 -2.2814e-16	 -0.106455
0.15421	 9.4639e-16	 1.1728e-15	 1.3141e-15	 7.0807e-16	 -2.2641e-16	 -0.106838
0.154774	 9.1004e-16	 1.134e-15	 1.2729e-15	 6.7976e-16	 -2.2396e-16	 -0.109567
0.155338	 8.5552e-16	 1.0799e-15	 1.2088e-15	 6.4392e-16	 -2.2438e-16	 -0.115933
0.155901	 7.8156e-16	 1.0018e-15	 1.1164e-15	 5.9706e-16	 -2.2024e-16	 -0.123497
0.156463	 7.1027e-16	 9.2463e-16	 1.0234e-15	 5.5145e-16	 -2.1436e-16	 -0.131115
0.157026	 6.4882e-16	 8.5786e-16	 9.3948e-16	 5.1353e-16	 -2.0904e-16	 -0.138742
0.157587	 6.0189e-16	 8.0242e-16	 8.7323e-16	 4.8377e-16	 -2.0053e-16	 -0.142796
0.158148	 5.6857e-16	 7.628e-16	 8.2459e-16	 4.6164e-16	 -1.9423e-16	 -0.145887
0.158709	 5.3882e-16	 7.2209e-16	 7.7967e-16	 4.3928e-16	 -1.8327e-16	 -0.145347
0.159269	 5.1285e-16	 6.8853e-16	 7.4146e-16	 4.1935e-16	 -1.7568e-16	 -0.146232
0.159829	 4.8335e-16	 6.5405e-16	 7.0436e-16	 3.9731e-16	 -1.707e-16	 -0.150079
0.160388	 4.4812e-16	 6.143e-16	 6.5933e-16	 3.7202e-16	 -1.6618e-16	 -0.156416
0.160947	 4.093e-16	 5.7223e-16	 6.0964e-16	 3.462e-16	 -1.6293e-16	 -0.165996
0.161505	 3.6322e-16	 5.2118e-16	 5.5095e-16	 3.1574e-16	 -1.5796e-16	 -0.178607
0.162063	 3.2197e-16	 4.7445e-16	 4.9538e-16	 2.8856e-16	 -1.5248e-16	 -0.191457
0.16262	 2.9008e-16	 4.3479e-16	 4.4979e-16	 2.6753e-16	 -1.4471e-16	 -0.199636
0.163177	 2.6829e-16	 4.058e-16	 4.162e-16	 2.5322e-16	 -1.3751e-16	 -0.203994
0.163734	 2.6042e-16	 3.9074e-16	 4.0102e-16	 2.4631e-16	 -1.3032e-16	 -0.200135
0.164289	 2.5981e-16	 3.8335e-16	 3.9486e-16	 2.4255e-16	 -1.2354e-16	 -0.192083
0.164845	 2.6613e-16	 3.849e-16	 4.0285e-16	 2.422e-16	 -1.1877e-16	 -0.182434
0.165399	 2.7385e-16	 3.8947e-16	 4.144e-16	 2.4325e-16	 -1.1562e-16	 -0.174305
0.165954	 2.7955e-16	 3.9404e-16	 4.257e-16	 2.4222e-16	 -1.1449e-16	 -0.16997
0.166508	 2.8001e-16	 3.9446e-16	 4.3328e-16	 2.3837e-16	 -1.1445e-16	 -0.169689
0.167061	 2.7073e-16	 3.8466e-16	 4.2661e-16	 2.2829e-16	 -1.1393e-16	 -0.173835
0.167614	 2.5688e-16	 3.6829e-16	 4.1324e-16	 2.1619e-16	 -1.1141e-16	 -0.178208
0.168166	 2.3887e-16	 3.4759e-16	 3.9127e-16	 2.024e-16	 -1.0872e-16	 -0.185383
0.168718	 2.2058e-16	 3.2616e-16	 3.6899e-16	 1.8978e-16	 -1.0558e-16	 -0.193108
0.169269	 2.0568e-16	 3.0765e-16	 3.4811e-16	 1.7935e-16	 -1.0197e-16	 -0.198644
0.16982	 1.9406e-16	 2.9094e-16	 3.3e-16	 1.7074e-16	 -9.688e-17	 -0.199753
0.17037	 1.8803e-16	 2.7864e-16	 3.2007e-16	 1.6474e-16	 -9.061e-17	 -0.194163
0.170919	 1.8423e-16	 2.639e-16	 3.1445e-16	 1.6002e-16	 -7.967e-17	 -0.177783
0.171469	 1.8183e-16	 2.5798e-16	 3.1131e-16	 1.5574e-16	 -7.615e-17	 -0.173143
0.172017	 1.7667e-16	 2.4846e-16	 3.0501e-16	 1.5775e-16	 -7.179e-17	 -0.168866
0.172565	 1.6536e-16	 2.3422e-16	 2.8813e-16	 1.3512e-16	 -6.886e-17	 -0.172331
0.173113	 1.4898e-16	 2.1346e-16	 2.6434e-16	 1.2389e-16	 -6.448e-17	 -0.177905
0.17366	 1.2811e-16	 1.8904e-16	 2.3388e-16	 1.1094e-16	 -6.093e-17	 -0.192117
0.174206	 1.1243e-16	 1.6189e-16	 1.996e-16	 9.82e-17	 -4.946e-17	 -0.1803
0.174752	 8.2137e-17	 1.3599e-16	 1.6635e-16	 8.6823e-17	 -5.3853e-17	 -0.246888
0.175298	 6.5548e-17	 1.1398e-16	 1.4833e-16	 7.7583e-17	 -4.8432e-17	 -0.269774
0.175843	 5.5376e-17	 9.866e-17	 1.1252e-16	 7.1941e-17	 -4.3284e-17	 -0.280999
0.176387	 5.0793e-17	 8.9686e-17	 1.0107e-16	 6.9238e-17	 -3.8893e-17	 -0.27686
0.176931	 5.0545e-17	 8.5745e-17	 9.6966e-17	 6.8537e-17	 -3.52e-17	 -0.258273
0.177474	 5.223e-17	 8.4599e-17	 9.7018e-17	 6.8745e-17	 -3.2369e-17	 -0.236565
0.178017	 5.3421e-17	 8.3256e-17	 9.6926e-17	 6.793e-17	 -2.9835e-17	 -0.218288
0.178559	 5.3114e-17	 8.0683e-17	 9.5259e-17	 6.6529e-17	 -2.7569e-17	 -0.206051
0.179101	 5.0779e-17	 7.6448e-17	 9.1336e-17	 6.4197e-17	 -2.5669e-17	 -0.201757
0.179642	 4.7691e-17	 7.1141e-17	 8.5941e-17	 6.1288e-17	 -2.345e-17	 -0.197337
0.180183	 4.5104e-17	 6.6222e-17	 8.0982e-17	 5.8928e-17	 -2.1118e-17	 -0.189695
0.180723	 4.4419e-17	 6.3001e-17	 7.8008e-17	 5.7416e-17	 -1.8582e-17	 -0.172985
0.181262	 4.6255e-17	 6.2787e-17	 7.9057e-17	 5.7359e-17	 -1.6532e-17	 -0.151611
0.181801	 5.055e-17	 6.524e-17	 8.4258e-17	 5.8497e-17	 -1.469e-17	 -0.126868
0.18234	 5.5851e-17	 6.9631e-17	 9.12e-17	 6.0254e-17	 -1.378e-17	 -0.109817
0.182878	 6.0762e-17	 7.405e-17	 9.844e-17	 6.1626e-17	 -1.3288e-17	 -0.0985669
0.183415	 6.3017e-17	 7.7105e-17	 1.0354e-16	 6.1908e-17	 -1.4088e-17	 -0.100541
0.183952	 6.252e-17	 7.7233e-17	 1.0443e-16	 6.1092e-17	 -1.4713e-17	 -0.105279
0.184488	 5.8915e-17	 7.477e-17	 1.0074e-16	 5.8955e-17	 -1.5855e-17	 -0.1186
0.185023	 5.3369e-17	 6.9944e-17	 9.4459e-17	 5.6081e-17	 -1.6575e-17	 -0.134414
0.185559	 4.714e-17	 6.4126e-17	 8.6334e-17	 5.2977e-17	 -1.6986e-17	 -0.152661
0.186093	 4.1899e-17	 5.8326e-17	 7.87e-17	 5.0368e-17	 -1.6427e-17	 -0.163901
0.186627	 3.8909e-17	 6.6309e-17	 7.3619e-17	 4.9151e-17	 -2.74e-17	 -0.260412
0.18716	 3.8867e-17	 5.3301e-17	 7.2106e-17	 4.8979e-17	 -1.4434e-17	 -0.156605
0.187693	 4.1295e-17	 5.4878e-17	 7.4318e-17	 4.9859e-17	 -1.3583e-17	 -0.141235
0.188225	 4.5282e-17	 5.833e-17	 7.9422e-17	 5.1768e-17	 -1.3048e-17	 -0.125931
0.188757	 4.9374e-17	 6.2582e-17	 8.5585e-17	 5.3457e-17	 -1.3208e-17	 -0.117975
0.189288	 5.2853e-17	 6.6706e-17	 9.1211e-17	 5.4979e-17	 -1.3853e-17	 -0.115867
0.189818	 5.5205e-17	 6.9845e-17	 9.5369e-17	 5.6023e-17	 -1.464e-17	 -0.117073
0.190348	 5.5922e-17	 7.1661e-17	 9.7797e-17	 5.6353e-17	 -1.5739e-17	 -0.123363
0.190878	 5.581e-17	 7.2278e-17	 9.8799e-17	 5.6674e-17	 -1.6468e-17	 -0.128568
0.191406	 5.5601e-17	 7.2448e-17	 9.8819e-17	 5.6555e-17	 -1.6847e-17	 -0.131567
0.191934	 5.6533e-17	 7.3532e-17	 9.9984e-17	 5.7375e-17	 -1.6999e-17	 -0.130696
0.192462	 5.9624e-17	 7.633e-17	 1.0404e-16	 5.8719e-17	 -1.6706e-17	 -0.12288
0.192989	 6.4719e-17	 8.1599e-17	 1.1198e-16	 6.1212e-17	 -1.688e-17	 -0.115365
0.193515	 7.2511e-17	 8.9635e-17	 1.2305e-16	 6.4389e-17	 -1.7124e-17	 -0.105609
0.194041	 8.1124e-17	 9.9259e-17	 1.3713e-16	 6.7478e-17	 -1.8135e-17	 -0.100536
0.194566	 9.0233e-17	 1.0975e-16	 1.5246e-16	 7.0967e-17	 -1.9517e-17	 -0.0975933
0.195091	 9.7777e-17	 1.3105e-16	 1.6767e-16	 7.3489e-17	 -3.3273e-17	 -0.145407
0.195615	 1.043e-16	 1.2819e-16	 1.8003e-16	 7.5339e-17	 -2.389e-17	 -0.102757
0.196138	 1.0732e-16	 1.3396e-16	 1.8875e-16	 7.5904e-17	 -2.664e-17	 -0.110411
0.196661	 1.071e-16	 1.3573e-16	 1.9159e-16	 7.5324e-17	 -2.863e-17	 -0.117901
0.197184	 1.0457e-16	 1.3516e-16	 1.9086e-16	 7.4404e-17	 -3.059e-17	 -0.127602
0.197705	 1.0123e-16	 1.328e-16	 1.874e-16	 7.3193e-17	 -3.157e-17	 -0.134897
0.198226	 9.77e-17	 1.3025e-16	 1.8324e-16	 7.2125e-17	 -3.255e-17	 -0.142794
0.198747	 9.5457e-17	 1.285e-16	 1.8013e-16	 7.1558e-17	 -3.3043e-17	 -0.147542
0.199266	 9.4441e-17	 1.2771e-16	 1.7945e-16	 7.12e-17	 -3.3269e-17	 -0.149758
0.199786	 9.5375e-17	 1.286e-16	 1.8096e-16	 7.1554e-17	 -3.3225e-17	 -0.148342
0.200304	 9.744e-17	 1.3096e-16	 1.8478e-16	 7.2382e-17	 -3.352e-17	 -0.14676
0.200822	 1.0034e-16	 1.341e-16	 1.8965e-16	 7.2951e-17	 -3.376e-17	 -0.144003
0.20134	 1.0192e-16	 1.3615e-16	 1.9356e-16	 7.313e-17	 -3.423e-17	 -0.143781
0.201856	 1.0091e-16	 1.3566e-16	 1.9339e-16	 7.2227e-17	 -3.475e-17	 -0.146891
0.202373	 9.8063e-17	 1.3257e-16	 1.9002e-16	 7.1093e-17	 -3.4507e-17	 -0.149619
0.202888	 9.2944e-17	 1.2734e-16	 1.8228e-16	 6.9312e-17	 -3.4396e-17	 -0.156144
0.203403	 8.6568e-17	 1.2075e-16	 1.7238e-16	 6.738e-17	 -3.4182e-17	 -0.164877
0.203917	 8.007e-17	 1.1344e-16	 1.6178e-16	 6.5642e-17	 -3.337e-17	 -0.172446
0.204431	 7.4387e-17	 1.0605e-16	 1.5094e-16	 6.4359e-17	 -3.1663e-17	 -0.17548
0.204944	 7.0789e-17	 1.0071e-16	 1.432e-16	 6.3535e-17	 -2.9921e-17	 -0.174467
0.205456	 6.98e-17	 9.82e-17	 1.3986e-16	 6.3709e-17	 -2.84e-17	 -0.169048
0.205968	 7.0949e-17	 9.7873e-17	 1.4002e-16	 6.4456e-17	 -2.6924e-17	 -0.159482
0.206479	 7.3937e-17	 9.9422e-17	 1.4347e-16	 6.5305e-17	 -2.5485e-17	 -0.147007
0.20699	 7.6864e-17	 1.0149e-16	 1.4765e-16	 6.595e-17	 -2.4626e-17	 -0.138074
0.2075	 7.9381e-17	 1.0353e-16	 1.5188e-16	 6.6293e-17	 -2.4149e-17	 -0.132026
0.208009	 8.0463e-17	 1.0426e-16	 1.5441e-16	 6.6043e-17	 -2.3797e-17	 -0.128825
0.208518	 7.9866e-17	 1.0344e-16	 1.5345e-16	 6.5138e-17	 -2.3574e-17	 -0.128605
0.209026	 7.7263e-17	 1.004e-16	 1.506e-16	 6.4113e-17	 -2.3137e-17	 -0.13023
0.209533	 7.325e-17	 9.6073e-17	 1.4464e-16	 6.2794e-17	 -2.2823e-17	 -0.13479
0.21004	 6.8854e-17	 9.0809e-17	 1.3802e-16	 6.1374e-17	 -2.1955e-17	 -0.137508
0.210546	 6.4871e-17	 8.6138e-17	 1.3156e-16	 5.991e-17	 -2.1267e-17	 -0.140833
0.211052	 6.2234e-17	 8.2216e-17	 1.2671e-16	 5.921e-17	 -1.9982e-17	 -0.138332
0.211556	 6.0783e-17	 7.9801e-17	 1.2372e-16	 5.8584e-17	 -1.9018e-17	 -0.135279
0.212061	 5.9928e-17	 7.8414e-17	 1.2279e-16	 5.8144e-17	 -1.8486e-17	 -0.133625
0.212564	 5.9997e-17	 7.7746e-17	 1.2295e-16	 5.7866e-17	 -1.7749e-17	 -0.128856
0.213067	 6.0075e-17	 7.7522e-17	 1.2431e-16	 5.738e-17	 -1.7447e-17	 -0.126798
0.213569	 5.9797e-17	 7.6967e-17	 1.2402e-16	 5.6691e-17	 -1.717e-17	 -0.125545
0.214071	 5.8339e-17	 7.5352e-17	 1.2297e-16	 5.5658e-17	 -1.7013e-17	 -0.127256
0.214572	 5.5485e-17	 7.2468e-17	 1.1954e-16	 5.4368e-17	 -1.6983e-17	 -0.132728
0.215072	 5.1513e-17	 6.829e-17	 1.1394e-16	 5.2706e-17	 -1.6777e-17	 -0.140038
0.215572	 4.6703e-17	 6.2929e-17	 1.0658e-16	 5.1214e-17	 -1.6226e-17	 -0.148004
0.216071	 4.1805e-17	 5.7219e-17	 9.8256e-17	 4.9717e-17	 -1.5414e-17	 -0.155659
0.216569	 3.7088e-17	 5.1465e-17	 9.0049e-17	 4.8457e-17	 -1.4377e-17	 -0.162355
0.217066	 3.2855e-17	 4.6135e-17	 8.2336e-17	 4.7431e-17	 -1.328e-17	 -0.168123
0.217563	 2.9609e-17	 4.1855e-17	 7.6175e-17	 4.6697e-17	 -1.2246e-17	 -0.171359
0.21806	 3.9868e-17	 3.8531e-17	 7.1788e-17	 4.6219e-17	 1.337e-18	 0.0170538
0.218555	 2.6198e-17	 3.6505e-17	 6.8973e-17	 4.5863e-17	 -1.0307e-17	 -0.164378
0.21905	 2.5671e-17	 3.5175e-17	 6.7523e-17	 4.5724e-17	 -9.504e-18	 -0.156198
0.219545	 2.5191e-17	 3.4239e-17	 6.6667e-17	 4.5412e-17	 -9.048e-18	 -0.152246
0.220038	 2.481e-17	 3.3301e-17	 6.5618e-17	 4.5132e-17	 -8.491e-18	 -0.146117
0.220531	 2.3883e-17	 3.2149e-17	 6.4551e-17	 4.4657e-17	 -8.266e-18	 -0.147523
0.221024	 2.2879e-17	 3.0629e-17	 6.2411e-17	 4.4153e-17	 -7.75e-18	 -0.144838
0.221515	 2.1699e-17	 2.8603e-17	 6.0197e-17	 4.3812e-17	 -6.904e-18	 -0.137251
0.222006	 2.0077e-17	 3.8969e-17	 5.7149e-17	 4.3263e-17	 -1.8892e-17	 -0.319954
0.222497	 1.894e-17	 2.4489e-17	 5.4405e-17	 4.2874e-17	 -5.549e-18	 -0.127772
0.222986	 1.8103e-17	 2.2985e-17	 5.2449e-17	 4.2682e-17	 -4.882e-18	 -0.118818
0.223475	 1.7741e-17	 2.1929e-17	 5.1325e-17	 4.2574e-17	 -4.188e-18	 -0.105571
0.223963	 1.8112e-17	 2.1692e-17	 5.1499e-17	 4.2473e-17	 -3.58e-18	 -0.0899407
0.224451	 1.8775e-17	 2.2021e-17	 5.2491e-17	 4.2628e-17	 -3.246e-18	 -0.0795666
0.224938	 1.9691e-17	 2.2704e-17	 5.3785e-17	 4.2511e-17	 -3.013e-18	 -0.0710697
0.225424	 2.0705e-17	 2.3454e-17	 5.5404e-17	 4.253e-17	 -2.749e-18	 -0.0622523
0.22591	 2.1116e-17	 2.4015e-17	 5.6639e-17	 4.2331e-17	 -2.899e-18	 -0.0642352
0.226394	 2.124e-17	 2.3967e-17	 5.7097e-17	 4.2259e-17	 -2.727e-18	 -0.0603225
0.226879	 2.0777e-17	 2.3656e-17	 5.6626e-17	 4.1894e-17	 -2.879e-18	 -0.0647942
0.227362	 1.9848e-17	 2.2722e-17	 5.5281e-17	 4.1541e-17	 -2.874e-18	 -0.0675123
0.227845	 1.8794e-17	 2.1498e-17	 5.3572e-17	 4.1155e-17	 -2.704e-18	 -0.0671101
0.228327	 1.7738e-17	 2.0351e-17	 5.1508e-17	 4.0788e-17	 -2.613e-18	 -0.0686025
0.228808	 1.6843e-17	 1.9217e-17	 4.9806e-17	 4.0592e-17	 -2.374e-18	 -0.0658347
0.229289	 1.6285e-17	 1.8363e-17	 4.8665e-17	 4.0467e-17	 -2.078e-18	 -0.0599746
0.229769	 1.6075e-17	 1.7914e-17	 4.8153e-17	 4.0205e-17	 -1.839e-18	 -0.0541057
0.230248	 1.6121e-17	 1.7832e-17	 4.8155e-17	 4.0301e-17	 -1.711e-18	 -0.0503932
0.230727	 1.6469e-17	 1.8083e-17	 4.8587e-17	 4.0122e-17	 -1.614e-18	 -0.0467122
0.231204	 1.6671e-17	 1.8341e-17	 4.9069e-17	 4.0001e-17	 -1.67e-18	 -0.0476979
0.231682	 1.6887e-17	 1.8382e-17	 4.9352e-17	 3.9905e-17	 -1.495e-18	 -0.0423885
0.232158	 1.6792e-17	 1.8348e-17	 4.9274e-17	 3.973e-17	 -1.556e-18	 -0.04428
0.232634	 1.6528e-17	 1.8173e-17	 4.8743e-17	 3.9657e-17	 -1.645e-18	 -0.047405
0.233109	 1.633e-17	 1.7866e-17	 4.8191e-17	 3.9558e-17	 -1.536e-18	 -0.0449175
0.233583	 1.6048e-17	 1.755e-17	 4.7607e-17	 3.9598e-17	 -1.502e-18	 -0.044705
0.234057	 1.601e-17	 1.7391e-17	 4.7295e-17	 3.9425e-17	 -1.381e-18	 -0.0413461
0.23453	 1.643e-17	 1.7556e-17	 4.7522e-17	 3.9476e-17	 -1.126e-18	 -0.0331313
0.235002	 1.7217e-17	 1.818e-17	 4.8765e-17	 3.957e-17	 -9.63e-19	 -0.0272057
0.235473	 1.8443e-17	 1.9121e-17	 5.0635e-17	 3.9623e-17	 -6.78e-19	 -0.0180492
0.235944	 1.9956e-17	 2.062e-17	 5.2888e-17	 3.9793e-17	 -6.64e-19	 -0.0163644
0.236414	 2.1413e-17	 2.2201e-17	 5.5657e-17	 3.9804e-17	 -7.88e-19	 -0.0180676
0.236883	 2.294e-17	 2.3579e-17	 5.8231e-17	 3.9827e-17	 -6.39e-19	 -0.0137363
0.237352	 2.4022e-17	 2.5126e-17	 6.0469e-17	 3.9926e-17	 -1.104e-18	 -0.0224628
0.23782	 2.4783e-17	 2.6123e-17	 6.215e-17	 3.9846e-17	 -1.34e-18	 -0.026323
0.238287	 2.5158e-17	 2.6765e-17	 6.3085e-17	 3.977e-17	 -1.607e-18	 -0.0309497
0.238754	 2.5124e-17	 2.7018e-17	 6.3095e-17	 3.9704e-17	 -1.894e-18	 -0.0363239
0.239219	 2.4812e-17	 2.691e-17	 6.3029e-17	 3.9634e-17	 -2.098e-18	 -0.040563
0.239684	 2.4556e-17	 2.6711e-17	 6.2659e-17	 3.9572e-17	 -2.155e-18	 -0.0420348
0.240148	 2.4291e-17	 2.6641e-17	 6.2112e-17	 3.9573e-17	 -2.35e-18	 -0.04614
0.240612	 2.4312e-17	 2.6875e-17	 6.2457e-17	 3.9519e-17	 -2.563e-18	 -0.0500713
0.241075	 2.4555e-17	 2.7272e-17	 6.2853e-17	 3.9373e-17	 -2.717e-18	 -0.0524244
0.241537	 2.5085e-17	 2.7849e-17	 6.3904e-17	 3.9552e-17	 -2.764e-18	 -0.052216
0.241998	 2.5989e-17	 2.8659e-17	 6.5327e-17	 3.9456e-17	 -2.67e-18	 -0.0488581
0.242459	 2.6563e-17	 2.9645e-17	 6.6589e-17	 3.9427e-17	 -3.082e-18	 -0.0548321
0.242918	 2.7273e-17	 3.0486e-17	 6.8146e-17	 3.9418e-17	 -3.213e-18	 -0.0556277
0.243377	 2.7613e-17	 3.1013e-17	 6.8738e-17	 3.9329e-17	 -3.4e-18	 -0.0579947
0.243836	 2.7573e-17	 3.1078e-17	 6.8993e-17	 3.9273e-17	 -3.505e-18	 -0.0597603
0.244293	 2.6876e-17	 3.0967e-17	 6.8205e-17	 3.92e-17	 -4.091e-18	 -0.0707259
0.24475	 2.6304e-17	 3.0324e-17	 6.7043e-17	 3.9276e-17	 -4.02e-18	 -0.0709896
0.245206	 2.5317e-17	 2.9387e-17	 6.5634e-17	 3.9116e-17	 -4.07e-18	 -0.0744004
0.245662	 2.4206e-17	 2.8261e-17	 6.3376e-17	 3.9093e-17	 -4.055e-18	 -0.0772867
0.246116	 2.3298e-17	 2.7228e-17	 6.1501e-17	 3.907e-17	 -3.93e-18	 -0.0777817
0.24657	 2.2537e-17	 2.6566e-17	 6.0036e-17	 3.9096e-17	 -4.029e-18	 -0.082052
0.247023	 2.242e-17	 2.6097e-17	 5.9413e-17	 3.9211e-17	 -3.677e-18	 -0.0757879
0.247476	 2.2431e-17	 2.6066e-17	 5.9291e-17	 3.9196e-17	 -3.635e-18	 -0.0749531
0.247927	 2.2802e-17	 2.6256e-17	 5.987e-17	 3.9209e-17	 -3.454e-18	 -0.0704065
0.248378	 2.3369e-17	 2.6864e-17	 6.094e-17	 3.9366e-17	 -3.495e-18	 -0.0695758
0.248828	 2.4061e-17	 2.765e-17	 6.2257e-17	 3.9303e-17	 -3.589e-18	 -0.069405
0.249278	 2.4734e-17	 2.8295e-17	 6.3376e-17	 3.9238e-17	 -3.561e-18	 -0.0671519
0.249726	 2.5341e-17	 2.8938e-17	 6.439e-17	 3.9231e-17	 -3.597e-18	 -0.0662687
0.250174	 2.5531e-17	 2.909e-17	 6.5055e-17	 3.9206e-17	 -3.559e-18	 -0.0651581
0.250621	 2.542e-17	 2.9197e-17	 6.4937e-17	 3.9164e-17	 -3.777e-18	 -0.0691543
0.251067	 2.525e-17	 2.8851e-17	 6.448e-17	 3.9229e-17	 -3.601e-18	 -0.0665607
0.251513	 2.4873e-17	 2.8629e-17	 6.4003e-17	 3.9143e-17	 -3.756e-18	 -0.070203
0.251958	 2.4506e-17	 2.8099e-17	 6.3377e-17	 3.9166e-17	 -3.593e-18	 -0.0683015
0.252402	 2.4127e-17	 2.7636e-17	 6.2694e-17	 3.903e-17	 -3.509e-18	 -0.0677897
0.252845	 2.4133e-17	 2.7541e-17	 6.231e-17	 3.9105e-17	 -3.408e-18	 -0.0659519
0.253287	 2.4329e-17	 2.7537e-17	 6.2548e-17	 3.8995e-17	 -3.208e-18	 -0.0618517
0.253729	 2.4729e-17	 2.7776e-17	 6.3145e-17	 3.8983e-17	 -3.047e-18	 -0.0580326
0.25417	 2.5415e-17	 2.8285e-17	 6.4145e-17	 3.8897e-17	 -2.87e-18	 -0.0534451
0.25461	 2.5873e-17	 2.8889e-17	 6.5264e-17	 3.8823e-17	 -3.016e-18	 -0.0550747
0.255049	 2.6432e-17	 2.9275e-17	 6.6163e-17	 5.6383e-17	 -2.843e-18	 -0.0510349
0.255488	 2.6871e-17	 2.991e-17	 6.718e-17	 3.8821e-17	 -3.039e-18	 -0.0535214
0.255926	 2.6868e-17	 3.005e-17	 6.7261e-17	 3.8656e-17	 -3.182e-18	 -0.055905
0.256363	 2.6718e-17	 2.9863e-17	 6.705e-17	 3.8568e-17	 -3.145e-18	 -0.055584
0.256799	 2.6141e-17	 2.939e-17	 6.6138e-17	 3.8514e-17	 -3.249e-18	 -0.0585079
0.257235	 2.537e-17	 2.8556e-17	 6.4765e-17	 3.8463e-17	 -3.186e-18	 -0.059081
0.257669	 2.4429e-17	 2.7519e-17	 6.2683e-17	 3.8389e-17	 -3.09e-18	 -0.0594826
0.258103	 2.3301e-17	 2.631e-17	 6.0743e-17	 3.8249e-17	 -3.009e-18	 -0.0606519
0.258536	 2.2274e-17	 2.5183e-17	 5.8621e-17	 3.8159e-17	 -2.909e-18	 -0.0612976
0.258969	 2.1364e-17	 2.4052e-17	 5.6634e-17	 3.7978e-17	 -2.688e-18	 -0.0591862
0.2594	 2.0454e-17	 2.3221e-17	 5.5118e-17	 3.7908e-17	 -2.767e-18	 -0.0633543
0.259831	 1.9946e-17	 2.2484e-17	 5.3811e-17	 3.7794e-17	 -2.538e-18	 -0.0598162
0.260261	 1.954e-17	 2.1927e-17	 5.2908e-17	 3.7602e-17	 -2.387e-18	 -0.0575638
0.26069	 1.9337e-17	 2.1564e-17	 5.2401e-17	 3.7684e-17	 -2.227e-18	 -0.0544485
0.261118	 1.9029e-17	 2.1212e-17	 5.1827e-17	 3.7561e-17	 -2.183e-18	 -0.0542482
0.261546	 1.8896e-17	 2.1036e-17	 5.1359e-17	 3.7422e-17	 -2.14e-18	 -0.0535911
0.261973	 1.8568e-17	 2.0634e-17	 5.0866e-17	 3.727e-17	 -2.066e-18	 -0.0527014
0.262399	 1.8271e-17	 2.0215e-17	 5.0062e-17	 3.7524e-17	 -1.944e-18	 -0.0505119
0.262824	 1.7825e-17	 1.9715e-17	 4.9232e-17	 3.7378e-17	 -1.89e-18	 -0.0503463
0.263248	 1.7283e-17	 1.9072e-17	 4.8061e-17	 3.732e-17	 -1.789e-18	 -0.0492092
0.263672	 1.6675e-17	 1.8352e-17	 4.6745e-17	 3.709e-17	 -1.677e-18	 -0.0478774
0.264094	 1.6118e-17	 1.7629e-17	 4.5509e-17	 3.7043e-17	 -1.511e-18	 -0.0447744
0.264516	 1.5541e-17	 1.7012e-17	 4.439e-17	 3.6895e-17	 -1.471e-18	 -0.0451878
0.264938	 1.5179e-17	 1.6295e-17	 4.3439e-17	 3.6736e-17	 -1.116e-18	 -0.0354578
0.265358	 1.4928e-17	 1.5986e-17	 4.2689e-17	 3.6633e-17	 -1.058e-18	 -0.034224
0.265778	 1.4818e-17	 1.5756e-17	 4.2314e-17	 3.6433e-17	 -9.38e-19	 -0.0306797
0.266196	 1.4701e-17	 1.5604e-17	 4.2077e-17	 3.6289e-17	 -9.03e-19	 -0.0297971
0.266614	 1.4936e-17	 1.5697e-17	 4.226e-17	 3.617e-17	 -7.61e-19	 -0.0248425
0.267031	 1.5135e-17	 1.5799e-17	 4.2423e-17	 3.6124e-17	 -6.64e-19	 -0.0214651
0.267448	 1.527e-17	 1.5883e-17	 4.2437e-17	 3.5865e-17	 -6.13e-19	 -0.0196771
0.267863	 1.5346e-17	 1.5964e-17	 4.2745e-17	 3.5608e-17	 -6.18e-19	 -0.0197381
0.268278	 1.5412e-17	 1.6042e-17	 4.2734e-17	 3.5637e-17	 -6.3e-19	 -0.0200292
0.268692	 1.5398e-17	 1.599e-17	 4.2669e-17	 3.5502e-17	 -5.92e-19	 -0.0188607
0.269105	 1.5222e-17	 1.5815e-17	 4.2302e-17	 3.5458e-17	 -5.93e-19	 -0.0191062
0.269517	 1.5001e-17	 1.5603e-17	 4.1897e-17	 3.5377e-17	 -6.02e-19	 -0.0196706
0.269928	 1.4747e-17	 1.5354e-17	 4.1315e-17	 3.5239e-17	 -6.07e-19	 -0.0201654
0.270339	 1.4563e-17	 1.5033e-17	 4.0845e-17	 3.5138e-17	 -4.7e-19	 -0.0158805
0.270749	 1.4241e-17	 1.4803e-17	 5.7959e-17	 3.5067e-17	 -5.62e-19	 -0.01935
0.271157	 1.4039e-17	 1.4537e-17	 3.9978e-17	 3.4984e-17	 -4.98e-19	 -0.0174272
0.271566	 1.3937e-17	 1.4335e-17	 3.9491e-17	 3.4763e-17	 -3.98e-19	 -0.0140775
0.271973	 1.3877e-17	 1.4237e-17	 3.9311e-17	 3.4664e-17	 -3.6e-19	 -0.012805
0.272379	 1.3796e-17	 1.415e-17	 3.9106e-17	 3.4631e-17	 -3.54e-19	 -0.0126673
0.272785	 1.3933e-17	 1.4152e-17	 3.8986e-17	 3.4508e-17	 -2.19e-19	 -0.00779776
0.27319	 1.3872e-17	 1.4076e-17	 3.8977e-17	 3.4238e-17	 -2.04e-19	 -0.00729927
0.273594	 1.3919e-17	 1.4103e-17	 3.9024e-17	 3.4328e-17	 -1.84e-19	 -0.00656627
0.273997	 1.3862e-17	 1.4078e-17	 3.8883e-17	 3.4176e-17	 -2.16e-19	 -0.00773085
0.274399	 1.3776e-17	 1.409e-17	 3.8678e-17	 3.4265e-17	 -3.14e-19	 -0.0112682
0.2748	 1.3589e-17	 1.3944e-17	 3.8392e-17	 3.4181e-17	 -3.55e-19	 -0.0128936
0.275201	 1.3484e-17	 1.3673e-17	 3.8098e-17	 3.4058e-17	 -1.89e-19	 -0.00695953
0.275601	 1.3317e-17	 1.3487e-17	 3.7707e-17	 3.4e-17	 -1.7e-19	 -0.00634234
0.276	 1.3133e-17	 1.3368e-17	 3.7303e-17	 3.3927e-17	 -2.35e-19	 -0.00886759
0.276398	 1.2973e-17	 1.3184e-17	 3.6914e-17	 3.396e-17	 -2.11e-19	 -0.00806667
0.276795	 1.2859e-17	 1.3104e-17	 3.676e-17	 3.3818e-17	 -2.45e-19	 -0.00943651
0.277191	 1.2976e-17	 1.3104e-17	 3.6652e-17	 3.3878e-17	 -1.28e-19	 -0.00490798
0.277587	 1.3012e-17	 1.3118e-17	 3.6684e-17	 3.3757e-17	 -1.06e-19	 -0.00405664
0.277982	 1.3109e-17	 1.31e-17	 3.6727e-17	 3.3528e-17	 9e-21	 0.000343393
0.278376	 1.3277e-17	 1.3313e-17	 3.6972e-17	 3.3542e-17	 -3.6e-20	 -0.00135389
0.278769	 1.348e-17	 1.343e-17	 3.7304e-17	 3.3555e-17	 5e-20	 0.00185805
0.279161	 1.3662e-17	 1.3696e-17	 3.7448e-17	 3.3381e-17	 -3.4e-20	 -0.00124278
0.279552	 1.3859e-17	 1.3814e-17	 3.7914e-17	 3.3514e-17	 4.5e-20	 0.00162613
0.279942	 1.4159e-17	 1.4011e-17	 3.7963e-17	 3.3401e-17	 1.48e-19	 0.00525382
0.280332	 1.4156e-17	 1.4057e-17	 3.8149e-17	 3.3338e-17	 9.9e-20	 0.00350902
0.280721	 1.4177e-17	 1.4255e-17	 3.8309e-17	 3.337e-17	 -7.8e-20	 -0.00274339
0.281109	 1.4269e-17	 1.4243e-17	 3.829e-17	 3.3299e-17	 2.6e-20	 0.000911897
0.281496	 1.417e-17	 1.4278e-17	 3.8337e-17	 3.3233e-17	 -1.08e-19	 -0.0037964
0.281882	 1.4384e-17	 1.4391e-17	 3.8443e-17	 3.3247e-17	 -7e-21	 -0.000243267
0.282267	 1.4445e-17	 1.4474e-17	 3.8478e-17	 3.3174e-17	 -2.9e-20	 -0.0010028
0.282652	 1.429e-17	 1.4527e-17	 3.8761e-17	 3.3138e-17	 -2.37e-19	 -0.00822431
0.283035	 1.4497e-17	 1.4742e-17	 3.9013e-17	 3.3012e-17	 -2.45e-19	 -0.00837922
0.283418	 1.4771e-17	 1.4916e-17	 3.9296e-17	 3.3048e-17	 -1.45e-19	 -0.00488429
0.2838	 1.5058e-17	 1.5204e-17	 3.9584e-17	 3.3004e-17	 -1.46e-19	 -0.00482453
0.284181	 1.5325e-17	 1.5405e-17	 4.013e-17	 3.3043e-17	 -8e-20	 -0.00260332
0.284561	 1.5527e-17	 1.5678e-17	 4.0635e-17	 3.2968e-17	 -1.51e-19	 -0.00483897
0.28494	 1.5736e-17	 1.5916e-17	 4.1102e-17	 3.2897e-17	 -1.8e-19	 -0.00568684
0.285319	 1.5976e-17	 1.6199e-17	 4.135e-17	 3.3129e-17	 -2.23e-19	 -0.00693085
0.285696	 1.5943e-17	 1.6193e-17	 4.1211e-17	 3.2812e-17	 -2.5e-19	 -0.00777944
0.286073	 1.6123e-17	 1.6308e-17	 4.1399e-17	 3.3062e-17	 -1.85e-19	 -0.00570442
0.286449	 1.5908e-17	 1.6297e-17	 4.1053e-17	 3.2705e-17	 -3.89e-19	 -0.0120789
0.286824	 1.5843e-17	 1.6304e-17	 4.0932e-17	 3.2865e-17	 -4.61e-19	 -0.0143404
0.287198	 1.5747e-17	 1.6143e-17	 4.0413e-17	 3.2816e-17	 -3.96e-19	 -0.0124177
0.287571	 1.5518e-17	 1.5924e-17	 4.0103e-17	 3.2677e-17	 -4.06e-19	 -0.0129127
0.287943	 1.5382e-17	 1.5758e-17	 3.9685e-17	 3.2675e-17	 -3.76e-19	 -0.0120745
0.288315	 1.5161e-17	 1.5572e-17	 3.9452e-17	 3.2554e-17	 -4.11e-19	 -0.0133732
0.288685	 1.5097e-17	 1.5506e-17	 3.9088e-17	 3.2492e-17	 -4.09e-19	 -0.0133647
0.289055	 1.5042e-17	 1.5365e-17	 3.8987e-17	 3.248e-17	 -3.23e-19	 -0.0106226
0.289424	 1.5065e-17	 1.5417e-17	 3.8805e-17	 3.2433e-17	 -3.52e-19	 -0.0115478
0.289792	 1.5097e-17	 1.5496e-17	 3.8914e-17	 3.2337e-17	 -3.99e-19	 -0.0130422
0.290159	 1.5201e-17	 1.5694e-17	 3.9112e-17	 3.2311e-17	 -4.93e-19	 -0.0159573
0.290525	 1.5402e-17	 1.5674e-17	 3.93e-17	 3.2272e-17	 -2.72e-19	 -0.00875274
0.29089	 1.551e-17	 1.581e-17	 3.9429e-17	 3.23e-17	 -3e-19	 -0.00957854
0.291255	 1.5511e-17	 1.602e-17	 3.9612e-17	 3.2159e-17	 -5.09e-19	 -0.0161428
0.291618	 1.5632e-17	 1.6061e-17	 3.9647e-17	 3.2227e-17	 -4.29e-19	 -0.0135361
0.291981	 1.5697e-17	 1.6128e-17	 3.9702e-17	 3.2156e-17	 -4.31e-19	 -0.0135428
0.292342	 1.5729e-17	 1.6128e-17	 3.9741e-17	 3.2114e-17	 -3.99e-19	 -0.0125247
0.292703	 1.5741e-17	 1.5785e-17	 3.9522e-17	 3.2155e-17	 -4.4e-20	 -0.00139567
0.293063	 1.5822e-17	 1.5816e-17	 3.9441e-17	 3.2077e-17	 6e-21	 0.000189645
0.293422	 1.5634e-17	 1.581e-17	 3.9339e-17	 3.2126e-17	 -1.76e-19	 -0.00559725
0.29378	 1.5592e-17	 1.5787e-17	 3.9134e-17	 3.1964e-17	 -1.95e-19	 -0.00621435
0.294138	 1.552e-17	 1.5776e-17	 3.9112e-17	 3.2026e-17	 -2.56e-19	 -0.00817996
0.294494	 1.551e-17	 1.5792e-17	 3.9088e-17	 3.2127e-17	 -2.82e-19	 -0.00900901
0.294849	 1.5587e-17	 1.5787e-17	 3.9076e-17	 3.191e-17	 -2e-19	 -0.00637471
0.295204	 1.5714e-17	 1.5921e-17	 3.9406e-17	 3.193e-17	 -2.07e-19	 -0.00654339
0.295558	 1.5897e-17	 1.6023e-17	 3.945e-17	 3.189e-17	 -1.26e-19	 -0.00394737
0.29591	 1.6123e-17	 1.6174e-17	 3.9867e-17	 3.1852e-17	 -5.1e-20	 -0.00157909
0.296262	 1.6335e-17	 1.6454e-17	 4.0178e-17	 3.19e-17	 -1.19e-19	 -0.00362927
0.296613	 1.6595e-17	 1.665e-17	 4.0514e-17	 3.195e-17	 -5.5e-20	 -0.00165438
0.296963	 1.6897e-17	 1.6931e-17	 4.0839e-17	 3.1973e-17	 -3.4e-20	 -0.00100508
0.297312	 1.7077e-17	 1.7136e-17	 4.1063e-17	 3.1947e-17	 -5.9e-20	 -0.00172449
0.297661	 1.7206e-17	 1.7205e-17	 4.1282e-17	 3.1924e-17	 1e-21	 2.90605e-05
0.298008	 1.7297e-17	 1.7259e-17	 4.1308e-17	 3.1925e-17	 3.8e-20	 0.00109966
0.298354	 1.7417e-17	 1.7425e-17	 4.1308e-17	 3.1844e-17	 -8e-21	 -0.000229608
0.2987	 1.7325e-17	 1.729e-17	 4.1156e-17	 3.1823e-17	 3.5e-20	 0.00101112
0.299044	 1.7177e-17	 1.7322e-17	 4.0842e-17	 3.2086e-17	 -1.45e-19	 -0.00420302
0.299388	 1.7174e-17	 1.7125e-17	 4.0751e-17	 3.211e-17	 4.9e-20	 0.00142861
0.299731	 1.8662e-17	 1.6953e-17	 4.0361e-17	 3.2104e-17	 1.709e-18	 0.0479854
0.300073	 1.8422e-17	 1.6765e-17	 3.9947e-17	 3.2138e-17	 1.657e-18	 0.0470913
0.300414	 1.819e-17	 1.6614e-17	 3.9717e-17	 3.2132e-17	 1.576e-18	 0.0452822
0.300754	 1.8123e-17	 1.6432e-17	 3.9285e-17	 3.1947e-17	 1.691e-18	 0.0489365
0.301093	 1.7937e-17	 1.6235e-17	 3.8987e-17	 3.1828e-17	 1.702e-18	 0.0498069
0.301431	 1.7758e-17	 1.6045e-17	 3.8363e-17	 3.1851e-17	 1.713e-18	 0.050676
0.301768	 1.7744e-17	 1.6044e-17	 3.8481e-17	 3.1733e-17	 1.7e-18	 0.0503137
0.302105	 1.754e-17	 1.5922e-17	 4.0306e-17	 3.179e-17	 1.618e-18	 0.0483534
0.30244	 1.75e-17	 1.5918e-17	 4.0176e-17	 3.1695e-17	 1.582e-18	 0.0473398
0.302775	 1.7595e-17	 1.588e-17	 4.034e-17	 3.1569e-17	 1.715e-18	 0.0512323
0.303108	 1.7555e-17	 1.5866e-17	 4.0102e-17	 3.1623e-17	 1.689e-18	 0.0505371
0.303441	 1.7476e-17	 1.5808e-17	 4e-17	 3.164e-17	 1.668e-18	 0.0501142
0.303773	 1.7415e-17	 1.5666e-17	 3.9874e-17	 3.1581e-17	 1.749e-18	 0.0528702
0.304104	 1.7287e-17	 1.5682e-17	 3.9645e-17	 3.1666e-17	 1.605e-18	 0.0486821
0.304434	 1.7266e-17	 1.565e-17	 3.9412e-17	 3.1541e-17	 1.616e-18	 0.0490947
0.304763	 1.7079e-17	 1.5454e-17	 3.8996e-17	 3.161e-17	 1.625e-18	 0.0499493
0.305091	 1.6799e-17	 1.5257e-17	 3.8663e-17	 3.1556e-17	 1.542e-18	 0.0481033
0.305418	 1.6483e-17	 1.5166e-17	 3.8272e-17	 3.1458e-17	 1.317e-18	 0.0416127
0.305744	 1.615e-17	 1.6199e-17	 3.7678e-17	 3.1375e-17	 -4.9e-20	 -0.00151473
0.306069	 1.5817e-17	 1.6074e-17	 3.7128e-17	 3.1251e-17	 -2.57e-19	 -0.0080587
0.306394	 1.5553e-17	 1.575e-17	 3.6676e-17	 3.1038e-17	 -1.97e-19	 -0.00629333
0.306717	 1.5269e-17	 1.5436e-17	 3.6199e-17	 3.1065e-17	 -1.67e-19	 -0.00543885
0.307039	 1.5048e-17	 1.519e-17	 3.5765e-17	 3.0905e-17	 -1.42e-19	 -0.00469608
0.307361	 1.4832e-17	 1.5019e-17	 3.5616e-17	 3.086e-17	 -1.87e-19	 -0.00626445
0.307681	 1.4759e-17	 1.4946e-17	 3.5268e-17	 3.0721e-17	 -1.87e-19	 -0.00629524
0.308001	 1.4751e-17	 1.4861e-17	 3.5254e-17	 3.0742e-17	 -1.1e-19	 -0.00371471
0.30832	 1.4822e-17	 1.4828e-17	 3.5065e-17	 3.0698e-17	 -6e-21	 -0.000202361
0.308638	 1.4846e-17	 1.4838e-17	 3.516e-17	 3.0541e-17	 8e-21	 0.000269505
0.308954	 1.4857e-17	 1.4926e-17	 3.5294e-17	 3.0005e-17	 -6.9e-20	 -0.00231676
0.30927	 1.502e-17	 1.4919e-17	 3.5355e-17	 2.9988e-17	 1.01e-19	 0.00337353
0.309585	 1.5048e-17	 1.508e-17	 3.5317e-17	 2.9916e-17	 -3.2e-20	 -0.00106213
0.309899	 1.5213e-17	 1.5159e-17	 3.5454e-17	 2.9992e-17	 5.4e-20	 0.00177795
0.310212	 1.5221e-17	 1.5119e-17	 3.539e-17	 2.9944e-17	 1.02e-19	 0.0033619
0.310524	 1.521e-17	 1.5201e-17	 3.5362e-17	 2.9756e-17	 9e-21	 0.000295946
0.310836	 1.5163e-17	 1.5113e-17	 3.5232e-17	 2.9652e-17	 5e-20	 0.00165147
0.311146	 1.5141e-17	 1.5065e-17	 3.5177e-17	 2.9799e-17	 7.6e-20	 0.00251606
0.311455	 1.5087e-17	 1.4944e-17	 3.4872e-17	 2.9617e-17	 1.43e-19	 0.00476175
0.311763	 1.497e-17	 1.49e-17	 3.4664e-17	 2.9773e-17	 7e-20	 0.00234349
0.312071	 1.4836e-17	 1.4788e-17	 3.4421e-17	 2.9761e-17	 4.8e-20	 0.00162031
0.312377	 1.4675e-17	 1.4608e-17	 3.4121e-17	 2.9538e-17	 6.7e-20	 0.00228802
0.312683	 1.4549e-17	 1.4463e-17	 3.3979e-17	 2.9569e-17	 8.6e-20	 0.00296429
0.312987	 1.4536e-17	 1.4463e-17	 3.3843e-17	 2.9419e-17	 7.3e-20	 0.00251733
0.313291	 1.4406e-17	 1.4271e-17	 3.3737e-17	 2.9508e-17	 1.35e-19	 0.00470761
0.313593	 1.4256e-17	 1.4254e-17	 3.3529e-17	 2.9368e-17	 2e-21	 7.01508e-05
0.313895	 1.4301e-17	 1.4207e-17	 3.3513e-17	 2.923e-17	 9.4e-20	 0.00329732
0.314196	 1.4418e-17	 1.41e-17	 3.3344e-17	 2.9284e-17	 3.18e-19	 0.0111509
0.314496	 1.4316e-17	 1.4166e-17	 3.3317e-17	 2.9325e-17	 1.5e-19	 0.00526648
0.314794	 1.4328e-17	 1.4219e-17	 3.3327e-17	 2.9242e-17	 1.09e-19	 0.00381826
0.315092	 1.4407e-17	 1.4289e-17	 3.3248e-17	 2.9266e-17	 1.18e-19	 0.00411207
0.315389	 1.4372e-17	 1.4244e-17	 3.3279e-17	 2.932e-17	 1.28e-19	 0.00447302
0.315685	 1.4477e-17	 1.4234e-17	 3.3225e-17	 2.9163e-17	 2.43e-19	 0.00846366
0.31598	 1.4444e-17	 1.4286e-17	 3.3157e-17	 2.9115e-17	 1.58e-19	 0.00549948
0.316274	 1.4364e-17	 1.4316e-17	 3.297e-17	 2.915e-17	 4.8e-20	 0.00167364
