Q 	 ICP 	  ICN 	 ILH 	 ILV 	 IXMCDR  
5.34655e-07	 1.5282e-11	 1.2337e-11	 1.0836e-11	 7.6679e-12	 2.945e-12	 0.106629
0.00125092	 1.552e-13	 1.3707e-13	 1.2632e-13	 1.0687e-13	 1.813e-14	 0.0620317
0.00250128	 3.7413e-13	 3.7523e-13	 2.8531e-13	 2.6372e-13	 -1.1e-15	 -0.00146792
0.00375163	 6.9836e-13	 6.1258e-13	 5.1571e-13	 4.0302e-13	 8.578e-14	 0.065434
0.00500197	 1.0149e-12	 8.3775e-13	 7.579e-13	 4.9903e-13	 1.7715e-13	 0.0956198
0.00625236	 1.2618e-12	 1.0867e-12	 8.8655e-13	 5.9872e-13	 1.751e-13	 0.0745582
0.00750266	 1.6217e-12	 1.2119e-12	 1.1496e-12	 6.9726e-13	 4.098e-13	 0.144622
0.00875294	 1.9771e-12	 1.593e-12	 1.4149e-12	 8.5741e-13	 3.841e-13	 0.107588
0.0100032	 2.1706e-12	 1.7032e-12	 1.4665e-12	 8.4309e-13	 4.674e-13	 0.120657
0.0112534	 2.3968e-12	 1.8538e-12	 1.5777e-12	 8.8677e-13	 5.43e-13	 0.127747
0.0125036	 2.6594e-12	 2.0236e-12	 1.7207e-12	 8.8902e-13	 6.358e-13	 0.135768
0.0137538	 2.9179e-12	 2.2239e-12	 1.8486e-12	 1.1176e-12	 6.94e-13	 0.134972
0.0150039	 2.6493e-12	 2.5297e-12	 1.589e-12	 1.3127e-12	 1.196e-13	 0.0230933
0.0162539	 3.3671e-12	 2.52e-12	 2.0805e-12	 1.3196e-12	 8.471e-13	 0.143891
0.017504	 3.4766e-12	 2.6057e-12	 2.1168e-12	 1.3862e-12	 8.709e-13	 0.143186
0.0187539	 3.6213e-12	 2.68e-12	 2.1917e-12	 1.4378e-12	 9.413e-13	 0.149382
0.0200038	 3.8463e-12	 2.8549e-12	 2.3217e-12	 1.5421e-12	 9.914e-13	 0.147944
0.0212537	 4.2662e-12	 2.4989e-12	 2.6243e-12	 1.7779e-12	 1.7673e-12	 0.261238
0.0225034	 4.1967e-12	 3.2575e-12	 2.6241e-12	 1.7976e-12	 9.392e-13	 0.125996
0.0237532	 4.2562e-12	 3.3452e-12	 2.6838e-12	 1.7377e-12	 9.11e-13	 0.119846
0.0250028	 4.3628e-12	 3.4655e-12	 2.8199e-12	 1.9657e-12	 8.973e-13	 0.114623
0.0262524	 4.4973e-12	 3.6307e-12	 2.9355e-12	 2.0645e-12	 8.666e-13	 0.106619
0.0275018	 4.799e-12	 3.9523e-12	 3.2798e-12	 2.2669e-12	 8.467e-13	 0.0967513
0.0287512	 4.7041e-12	 3.877e-12	 3.1762e-12	 2.1812e-12	 8.271e-13	 0.0963862
0.0300005	 4.7341e-12	 3.9333e-12	 3.2163e-12	 2.2145e-12	 8.008e-13	 0.0923922
0.0312498	 4.8621e-12	 4.0431e-12	 3.3587e-12	 2.2936e-12	 8.19e-13	 0.0919687
0.0324989	 5.0254e-12	 4.1689e-12	 3.4951e-12	 2.4306e-12	 8.565e-13	 0.0931555
0.0337479	 5.3368e-12	 4.5023e-12	 3.8902e-12	 2.7418e-12	 8.345e-13	 0.0848147
0.0349968	 5.2127e-12	 4.4054e-12	 3.8172e-12	 2.7034e-12	 8.073e-13	 0.0839355
0.0362456	 5.1971e-12	 4.3605e-12	 3.8465e-12	 2.7419e-12	 8.366e-13	 0.0875324
0.0374944	 5.722e-12	 4.8358e-12	 4.4268e-12	 3.2894e-12	 8.862e-13	 0.0839379
0.0387429	 5.7911e-12	 4.9375e-12	 4.5169e-12	 3.53e-12	 8.536e-13	 0.079563
0.0399914	 5.9988e-12	 5.1224e-12	 4.0782e-12	 3.8165e-12	 8.764e-13	 0.0788044
0.0412398	 5.8174e-12	 5.0026e-12	 4.6113e-12	 3.6101e-12	 8.148e-13	 0.075305
0.042488	 5.7158e-12	 4.9507e-12	 4.5685e-12	 3.5676e-12	 7.651e-13	 0.0717292
0.0437361	 5.6091e-12	 4.8856e-12	 4.545e-12	 3.4892e-12	 7.235e-13	 0.0689396
0.044984	 5.5393e-12	 4.8602e-12	 4.5127e-12	 3.4575e-12	 6.791e-13	 0.0653012
0.0462319	 5.5977e-12	 4.9278e-12	 4.6076e-12	 3.6594e-12	 6.699e-13	 0.0636454
0.0474796	 5.3915e-12	 4.7312e-12	 4.43e-12	 3.51e-12	 6.603e-13	 0.0652296
0.0487271	 5.2653e-12	 4.6627e-12	 4.3377e-12	 3.4734e-12	 6.026e-13	 0.060697
0.0499745	 5.1486e-12	 4.5916e-12	 4.2689e-12	 3.431e-12	 5.57e-13	 0.0571857
0.0512217	 5.0577e-12	 4.5118e-12	 4.2072e-12	 3.4357e-12	 5.459e-13	 0.0570458
0.0524688	 5.0328e-12	 4.4942e-12	 4.1992e-12	 3.4991e-12	 5.386e-13	 0.0565341
0.0537157	 4.8035e-12	 4.1614e-12	 4.0034e-12	 3.3254e-12	 6.421e-13	 0.0716238
0.0549625	 4.6516e-12	 3.8587e-12	 3.8183e-12	 3.2465e-12	 7.929e-13	 0.0931695
0.0562091	 4.4857e-12	 3.4827e-12	 3.6528e-12	 3.1657e-12	 1.003e-12	 0.125872
0.0574555	 4.2695e-12	 3.2193e-12	 3.4741e-12	 3.1079e-12	 1.0502e-12	 0.140236
0.0587018	 4.0909e-12	 3.0722e-12	 3.4398e-12	 3.1221e-12	 1.0187e-12	 0.142215
0.0599478	 3.5039e-12	 2.8359e-12	 3.1584e-12	 2.9477e-12	 6.68e-13	 0.105366
0.0611937	 3.1953e-12	 2.5779e-12	 2.9736e-12	 2.8165e-12	 6.174e-13	 0.106942
0.0624388	 2.7492e-12	 2.3661e-12	 2.7427e-12	 2.7301e-12	 3.831e-13	 0.074893
0.0636843	 2.4382e-12	 2.2193e-12	 2.4003e-12	 2.581e-12	 2.189e-13	 0.0469995
0.0649296	 2.4178e-12	 2.1578e-12	 2.2241e-12	 2.5555e-12	 2.6e-13	 0.0568231
0.0661747	 2.2728e-12	 1.9822e-12	 2.0228e-12	 2.3956e-12	 2.906e-13	 0.0682961
0.0674196	 2.1912e-12	 1.8467e-12	 1.8705e-12	 2.2467e-12	 3.445e-13	 0.0853166
0.0686644	 2.0632e-12	 1.6711e-12	 1.7394e-12	 2.0911e-12	 3.921e-13	 0.105
0.0699089	 1.9555e-12	 1.5103e-12	 1.606e-12	 1.9337e-12	 4.452e-13	 0.128455
0.0711531	 1.8156e-12	 1.4737e-12	 1.5341e-12	 1.8707e-12	 3.419e-13	 0.103943
0.0723972	 1.7014e-12	 1.3397e-12	 1.3675e-12	 1.7463e-12	 3.617e-13	 0.118937
0.0736411	 1.5295e-12	 1.2358e-12	 1.2593e-12	 1.559e-12	 2.937e-13	 0.106209
0.0748847	 1.4547e-12	 1.1423e-12	 1.1415e-12	 1.4528e-12	 3.124e-13	 0.120293
0.0761281	 1.3391e-12	 1.0584e-12	 1.052e-12	 1.3219e-12	 2.807e-13	 0.11708
0.0773712	 1.214e-12	 1.0029e-12	 9.9194e-13	 1.1831e-12	 2.111e-13	 0.0952231
0.0786142	 1.0872e-12	 8.9035e-13	 8.5742e-13	 1.0556e-12	 1.9685e-13	 0.0995424
0.0798569	 9.9526e-13	 8.0199e-13	 7.9325e-13	 9.5855e-13	 1.9327e-13	 0.107537
0.0810993	 9.0227e-13	 7.277e-13	 7.2069e-13	 8.5126e-13	 1.7457e-13	 0.1071
0.0823415	 8.0705e-13	 6.5529e-13	 6.5281e-13	 7.5769e-13	 1.5176e-13	 0.103779
0.0835835	 7.3116e-13	 5.3977e-13	 6.003e-13	 6.8381e-13	 1.9139e-13	 0.150591
0.0848252	 6.4273e-13	 5.2642e-13	 5.2305e-13	 6.0291e-13	 1.1631e-13	 0.0994825
0.0860666	 5.6485e-13	 4.6584e-13	 4.636e-13	 5.2234e-13	 9.901e-14	 0.0960619
0.0873078	 5.0445e-13	 4.1448e-13	 4.1193e-13	 4.6757e-13	 8.997e-14	 0.0979073
0.0885487	 4.3937e-13	 3.6981e-13	 3.6744e-13	 3.978e-13	 6.956e-14	 0.0859636
0.0897893	 3.9628e-13	 3.3658e-13	 3.3539e-13	 3.5915e-13	 5.97e-14	 0.0814617
0.0910297	 3.5322e-13	 2.9658e-13	 2.9478e-13	 3.1523e-13	 5.664e-14	 0.0871653
0.0922698	 3.2031e-13	 2.6973e-13	 2.6749e-13	 2.8429e-13	 5.058e-14	 0.085723
0.0935096	 2.9127e-13	 2.4871e-13	 2.4792e-13	 2.6148e-13	 4.256e-14	 0.0788177
0.0947491	 2.6749e-13	 2.3462e-13	 2.3478e-13	 2.4077e-13	 3.287e-14	 0.0654637
0.0959883	 2.5956e-13	 2.3136e-13	 2.323e-13	 2.3464e-13	 2.82e-14	 0.0574432
0.0972273	 2.5292e-13	 2.2482e-13	 2.2579e-13	 2.2682e-13	 2.81e-14	 0.0588186
0.0984659	 2.4845e-13	 2.2656e-13	 2.2646e-13	 2.2711e-13	 2.189e-14	 0.0460832
0.0997043	 2.499e-13	 2.3097e-13	 2.31e-13	 2.3075e-13	 1.893e-14	 0.0393661
0.100942	 2.5054e-13	 2.3598e-13	 2.3649e-13	 2.3493e-13	 1.456e-14	 0.0299268
0.10218	 2.5397e-13	 2.4336e-13	 2.4482e-13	 2.4275e-13	 1.061e-14	 0.0213339
0.103417	 2.537e-13	 2.4093e-13	 2.4216e-13	 2.3974e-13	 1.277e-14	 0.0258173
0.104655	 2.462e-13	 2.391e-13	 2.4006e-13	 2.373e-13	 7.1e-15	 0.0146301
0.105891	 2.409e-13	 2.3317e-13	 2.3458e-13	 2.3155e-13	 7.73e-15	 0.0163056
0.107128	 2.2935e-13	 2.243e-13	 2.2668e-13	 2.2276e-13	 5.05e-15	 0.0111319
0.108364	 2.1668e-13	 2.1413e-13	 2.1651e-13	 2.1241e-13	 2.55e-15	 0.00591908
0.1096	 1.9679e-13	 1.9506e-13	 1.9726e-13	 1.9343e-13	 1.73e-15	 0.00441495
0.110835	 1.7783e-13	 1.7599e-13	 1.7827e-13	 1.7416e-13	 1.84e-15	 0.00520038
0.11207	 1.5782e-13	 1.5603e-13	 1.586e-13	 1.5473e-13	 1.79e-15	 0.00570336
0.113305	 1.3827e-13	 1.3656e-13	 1.3902e-13	 1.3522e-13	 1.71e-15	 0.00622203
0.11454	 1.2094e-13	 1.1954e-13	 1.2174e-13	 1.1817e-13	 1.4e-15	 0.00582169
0.115774	 1.0281e-13	 1.0108e-13	 1.0252e-13	 9.9603e-14	 1.73e-15	 0.00848497
0.117007	 8.7941e-14	 8.6719e-14	 8.6304e-14	 8.5137e-14	 1.222e-15	 0.00699645
0.118241	 7.6186e-14	 7.504e-14	 7.5921e-14	 7.3852e-14	 1.146e-15	 0.00757806
0.119474	 6.7371e-14	 6.6455e-14	 6.7217e-14	 6.5118e-14	 9.16e-16	 0.00684471
0.120707	 5.8383e-14	 5.8195e-14	 6.1582e-14	 5.967e-14	 1.88e-16	 0.00161265
0.121939	 5.6114e-14	 5.5471e-14	 5.6259e-14	 5.4435e-14	 6.43e-16	 0.00576242
0.123171	 5.2824e-14	 5.24e-14	 5.3165e-14	 5.1313e-14	 4.24e-16	 0.0040295
0.124402	 5.0275e-14	 5.0183e-14	 5.0949e-14	 4.905e-14	 9.2e-17	 0.000915806
0.125634	 4.8158e-14	 4.8165e-14	 4.8908e-14	 4.705e-14	 -7e-18	 -7.26722e-05
0.126864	 4.6347e-14	 4.6442e-14	 4.7214e-14	 4.3652e-14	 -9.5e-17	 -0.00102383
0.128095	 4.3014e-14	 4.3108e-14	 4.3834e-14	 4.198e-14	 -9.4e-17	 -0.00109147
0.129325	 3.9524e-14	 3.9789e-14	 4.0562e-14	 3.8699e-14	 -2.65e-16	 -0.00334119
0.130554	 3.5846e-14	 3.6034e-14	 3.6735e-14	 3.5043e-14	 -1.88e-16	 -0.00261547
0.131784	 3.2092e-14	 3.2265e-14	 3.2897e-14	 3.1198e-14	 -1.73e-16	 -0.00268813
0.133012	 2.8849e-14	 2.8755e-14	 2.9358e-14	 2.7714e-14	 9.4e-17	 0.00163183
0.134241	 2.5229e-14	 2.5063e-14	 2.5479e-14	 2.4068e-14	 1.66e-16	 0.00330072
0.135469	 2.2449e-14	 2.2154e-14	 2.2543e-14	 2.1161e-14	 2.95e-16	 0.0066139
0.136696	 2.0426e-14	 2e-14	 2.0378e-14	 1.8986e-14	 4.26e-16	 0.0105378
0.137924	 1.9156e-14	 1.8619e-14	 1.9011e-14	 1.7612e-14	 5.37e-16	 0.0142158
0.13915	 1.8743e-14	 1.814e-14	 1.8615e-14	 1.7065e-14	 6.03e-16	 0.016349
0.140377	 1.8416e-14	 1.773e-14	 1.8266e-14	 1.6695e-14	 6.86e-16	 0.0189786
0.141603	 1.8522e-14	 1.7866e-14	 1.846e-14	 1.6825e-14	 6.56e-16	 0.0180279
0.142828	 1.8721e-14	 1.8175e-14	 1.8815e-14	 1.7095e-14	 5.46e-16	 0.0147984
0.144053	 1.8763e-14	 1.8328e-14	 1.9063e-14	 1.7258e-14	 4.35e-16	 0.0117279
0.145278	 1.8719e-14	 1.8295e-14	 1.9115e-14	 1.7342e-14	 4.24e-16	 0.0114551
0.146502	 1.7568e-14	 1.7281e-14	 1.808e-14	 1.6338e-14	 2.87e-16	 0.00823553
0.147726	 1.5873e-14	 1.5773e-14	 1.6499e-14	 1.4938e-14	 1e-16	 0.00315996
0.148949	 1.3694e-14	 1.3645e-14	 1.4369e-14	 1.2981e-14	 4.9e-17	 0.00179231
0.150172	 1.1104e-14	 1.1073e-14	 1.1724e-14	 1.0611e-14	 3.1e-17	 0.00139784
0.151394	 8.3806e-15	 8.4102e-15	 8.145e-15	 8.1128e-15	 -2.96e-17	 -0.00176287
0.152616	 5.2792e-15	 5.3349e-15	 5.7485e-15	 5.5317e-15	 -5.57e-17	 -0.00524774
0.153837	 3.173e-15	 3.2325e-15	 3.4979e-15	 3.17e-15	 -5.95e-17	 -0.00928889
0.155058	 1.662e-15	 1.7094e-15	 1.8543e-15	 1.7069e-15	 -4.74e-17	 -0.0140594
0.156279	 9.0982e-16	 9.2373e-16	 9.9559e-16	 9.1887e-16	 -1.391e-17	 -0.00758638
0.157499	 9.9956e-16	 9.7305e-16	 1.0122e-15	 9.0429e-16	 2.651e-17	 0.013439
0.158718	 1.9122e-15	 1.8398e-15	 1.9046e-15	 1.6559e-15	 7.24e-17	 0.0192964
0.159937	 3.611e-15	 3.4971e-15	 3.6442e-15	 3.1551e-15	 1.139e-16	 0.016024
0.161156	 5.9639e-15	 5.8087e-15	 6.103e-15	 5.1749e-15	 1.552e-16	 0.0131832
0.162374	 9.1378e-15	 8.9744e-15	 9.0809e-15	 7.8455e-15	 1.634e-16	 0.00902154
0.163592	 1.2034e-14	 1.2482e-14	 1.2795e-14	 1.092e-14	 -4.48e-16	 -0.0182738
0.164809	 1.5695e-14	 1.5375e-14	 1.6472e-14	 1.4174e-14	 3.2e-16	 0.0102993
0.166025	 1.846e-14	 1.8299e-14	 1.9258e-14	 1.6724e-14	 1.61e-16	 0.00437988
0.167241	 2.0698e-14	 2.0565e-14	 2.1961e-14	 1.8548e-14	 1.33e-16	 0.00322323
0.168457	 2.2211e-14	 2.205e-14	 2.3713e-14	 2.0145e-14	 1.61e-16	 0.00363751
0.169672	 2.3076e-14	 2.2934e-14	 2.475e-14	 2.0995e-14	 1.42e-16	 0.00308629
0.170886	 2.2686e-14	 2.2506e-14	 2.4351e-14	 2.0589e-14	 1.8e-16	 0.00398301
0.172101	 2.1786e-14	 2.1678e-14	 2.3447e-14	 1.9778e-14	 1.08e-16	 0.00248482
0.173314	 2.0422e-14	 2.0356e-14	 2.2025e-14	 1.8533e-14	 6.6e-17	 0.00161852
0.174527	 1.8691e-14	 1.864e-14	 2.0234e-14	 1.6956e-14	 5.1e-17	 0.00136616
0.175739	 1.703e-14	 1.6895e-14	 1.8377e-14	 1.537e-14	 1.35e-16	 0.00397937
0.176951	 1.5007e-14	 1.4864e-14	 1.6146e-14	 1.3462e-14	 1.43e-16	 0.00478725
0.178163	 1.3197e-14	 1.3024e-14	 1.4143e-14	 1.1759e-14	 1.73e-16	 0.00659777
0.179373	 1.1547e-14	 1.1369e-14	 1.2349e-14	 1.0196e-14	 1.78e-16	 0.0077675
0.180584	 1.0081e-14	 9.8615e-15	 1.0767e-14	 8.8576e-15	 2.195e-16	 0.0110066
0.181793	 8.9653e-15	 8.6764e-15	 9.5367e-15	 7.7867e-15	 2.889e-16	 0.016376
0.183003	 7.9516e-15	 7.645e-15	 8.4503e-15	 6.8712e-15	 3.066e-16	 0.0196581
0.184211	 7.27e-15	 6.977e-15	 7.7448e-15	 6.2677e-15	 2.93e-16	 0.0205657
0.185419	 6.8478e-15	 6.5817e-15	 7.3102e-15	 5.9009e-15	 2.661e-16	 0.0198146
0.186627	 6.5557e-15	 6.3401e-15	 7.0789e-15	 5.6697e-15	 2.156e-16	 0.0167186
0.187834	 6.3938e-15	 6.1743e-15	 6.9261e-15	 5.5262e-15	 2.195e-16	 0.0174649
0.18904	 6.0579e-15	 5.9041e-15	 6.6261e-15	 5.2756e-15	 1.538e-16	 0.0128574
0.190246	 5.6696e-15	 5.5466e-15	 6.2552e-15	 4.9611e-15	 1.23e-16	 0.0109663
0.191451	 5.1488e-15	 5.061e-15	 5.7236e-15	 4.2507e-15	 8.78e-17	 0.00859958
0.192655	 4.5285e-15	 4.4512e-15	 5.065e-15	 3.772e-15	 7.73e-17	 0.00860831
0.193859	 3.8864e-15	 3.8179e-15	 4.0382e-15	 3.2321e-15	 6.85e-17	 0.00889114
0.195063	 3.1939e-15	 2.9611e-15	 3.3909e-15	 2.6496e-15	 2.328e-16	 0.0378229
0.196266	 2.4464e-15	 2.4372e-15	 2.7845e-15	 2.1531e-15	 9.2e-18	 0.00188386
0.197468	 2.0719e-15	 2.0384e-15	 2.3338e-15	 1.7822e-15	 3.35e-17	 0.00815026
0.19867	 1.8458e-15	 1.8048e-15	 2.0716e-15	 1.5585e-15	 4.1e-17	 0.011231
0.199871	 1.8268e-15	 1.7755e-15	 2.0386e-15	 1.5122e-15	 5.13e-17	 0.0142409
0.201071	 1.9516e-15	 1.9096e-15	 2.1799e-15	 1.6043e-15	 4.2e-17	 0.0108774
0.202271	 2.2695e-15	 2.2305e-15	 2.5414e-15	 1.8649e-15	 3.9e-17	 0.00866667
0.20347	 2.7268e-15	 2.697e-15	 3.0804e-15	 2.2532e-15	 2.98e-17	 0.0054943
0.204668	 3.2469e-15	 3.2203e-15	 3.7252e-15	 2.7319e-15	 2.66e-17	 0.00411306
0.205866	 3.9191e-15	 3.8905e-15	 4.4596e-15	 3.269e-15	 2.86e-17	 0.00366216
0.207064	 4.4068e-15	 4.3969e-15	 5.021e-15	 3.704e-15	 9.9e-18	 0.00112453
0.20826	 4.8128e-15	 4.8247e-15	 5.5539e-15	 4.0669e-15	 -1.19e-17	 -0.00123476
0.209456	 5.0435e-15	 5.0736e-15	 5.8505e-15	 4.2844e-15	 -3.01e-17	 -0.00297516
0.210652	 5.0565e-15	 5.092e-15	 5.887e-15	 4.3014e-15	 -3.55e-17	 -0.00349805
0.211847	 4.8995e-15	 4.9221e-15	 5.7105e-15	 4.1635e-15	 -2.26e-17	 -0.00230105
0.213041	 4.4597e-15	 4.4905e-15	 5.2309e-15	 3.8e-15	 -3.08e-17	 -0.00344126
0.214234	 3.9398e-15	 3.9676e-15	 4.6291e-15	 3.3626e-15	 -2.78e-17	 -0.00351569
0.215427	 3.3524e-15	 3.3749e-15	 3.951e-15	 2.8566e-15	 -2.25e-17	 -0.00334458
0.216619	 2.7589e-15	 2.7768e-15	 3.2532e-15	 2.3574e-15	 -1.79e-17	 -0.00323356
0.217811	 2.2117e-15	 2.2161e-15	 2.6122e-15	 1.8817e-15	 -4.4e-18	 -0.000993721
0.219002	 1.6962e-15	 1.6913e-15	 2.0031e-15	 1.4404e-15	 4.9e-18	 0.00144649
0.220192	 1.2654e-15	 1.2511e-15	 1.4972e-15	 1.0718e-15	 1.43e-17	 0.0056825
0.221381	 9.2015e-16	 9.0421e-16	 1.0841e-15	 7.7587e-16	 1.594e-17	 0.00873731
0.22257	 6.6496e-16	 6.4473e-16	 7.6369e-16	 5.5734e-16	 2.023e-17	 0.0154464
0.223758	 5.0273e-16	 4.7797e-16	 5.9186e-16	 4.2372e-16	 2.476e-17	 0.0252473
0.224946	 4.3089e-16	 4.0891e-16	 5.1901e-16	 3.5881e-16	 2.198e-17	 0.0261729
0.226132	 4.6254e-16	 4.4511e-16	 5.6707e-16	 3.8872e-16	 1.743e-17	 0.0192034
0.227319	 5.7315e-16	 5.6345e-16	 7.1586e-16	 5.0309e-16	 9.7e-18	 0.00853422
0.228504	 7.5579e-16	 7.5541e-16	 9.2565e-16	 6.2142e-16	 3.8e-19	 0.000251456
0.229689	 9.372e-16	 9.4746e-16	 1.1492e-15	 7.7186e-16	 -1.026e-17	 -0.00544395
0.230873	 1.0595e-15	 1.0811e-15	 1.3135e-15	 8.7897e-16	 -2.16e-17	 -0.0100906
0.232056	 1.1135e-15	 1.1446e-15	 1.3943e-15	 9.5955e-16	 -3.11e-17	 -0.0137726
0.233239	 1.0809e-15	 1.1165e-15	 1.3589e-15	 9.3928e-16	 -3.56e-17	 -0.016201
0.23442	 9.6267e-16	 1.0008e-15	 1.2239e-15	 8.4385e-16	 -3.813e-17	 -0.0194197
0.235602	 7.8947e-16	 8.2638e-16	 1.0149e-15	 7.007e-16	 -3.691e-17	 -0.0228425
0.236782	 5.8382e-16	 6.1663e-16	 7.611e-16	 5.3032e-16	 -3.281e-17	 -0.0273314
0.237962	 3.9572e-16	 4.2179e-16	 5.2205e-16	 3.6983e-16	 -2.607e-17	 -0.0318895
0.239141	 2.4437e-16	 2.6342e-16	 3.2923e-16	 2.3914e-16	 -1.905e-17	 -0.0375155
0.240319	 1.4581e-16	 1.5757e-16	 1.9818e-16	 1.6333e-16	 -1.176e-17	 -0.0387633
0.241497	 1.1199e-16	 1.165e-16	 1.5076e-16	 1.0206e-16	 -4.51e-18	 -0.0197383
0.242673	 1.0984e-16	 1.0712e-16	 1.3478e-16	 9.8952e-17	 2.72e-18	 0.0125369
0.24385	 1.6743e-16	 1.5948e-16	 2.1718e-16	 1.3442e-16	 7.95e-18	 0.0243186
0.245025	 2.7315e-16	 2.5667e-16	 3.176e-16	 2.0749e-16	 1.648e-17	 0.0311049
0.246199	 4.3328e-16	 4.1438e-16	 5.1546e-16	 3.1466e-16	 1.89e-17	 0.0222967
0.247373	 6.18e-16	 5.7482e-16	 7.3172e-16	 4.7519e-16	 4.318e-17	 0.0361999
0.248546	 8.7193e-16	 8.4037e-16	 1.0482e-15	 6.2683e-16	 3.156e-17	 0.0184313
0.249719	 1.1284e-15	 1.0976e-15	 1.3667e-15	 8.098e-16	 3.08e-17	 0.0138365
0.25089	 1.366e-15	 1.3358e-15	 1.6812e-15	 1.0244e-15	 3.02e-17	 0.0111777
0.252061	 1.5934e-15	 1.5636e-15	 1.945e-15	 1.1947e-15	 2.98e-17	 0.00943934
0.253231	 1.7587e-15	 1.7366e-15	 2.1739e-15	 1.3147e-15	 2.21e-17	 0.00632278
0.2544	 1.8253e-15	 1.8039e-15	 2.2634e-15	 1.3661e-15	 2.14e-17	 0.00589662
0.255569	 1.8134e-15	 1.7962e-15	 2.2586e-15	 1.355e-15	 1.72e-17	 0.00476507
0.256736	 1.7321e-15	 1.7175e-15	 2.1623e-15	 1.2916e-15	 1.46e-17	 0.00423237
0.257903	 1.5989e-15	 1.5861e-15	 2.0006e-15	 1.1887e-15	 1.28e-17	 0.00401884
0.25907	 1.4415e-15	 1.4341e-15	 1.8017e-15	 1.0648e-15	 7.4e-18	 0.00257338
0.260235	 1.2563e-15	 1.249e-15	 1.5741e-15	 9.2697e-16	 7.3e-18	 0.00291382
0.261399	 1.0924e-15	 1.0892e-15	 1.3728e-15	 8.0509e-16	 3.2e-18	 0.00146681
0.262563	 9.5456e-16	 9.5299e-16	 1.2036e-15	 7.0115e-16	 1.57e-18	 0.000823045
0.263726	 8.4881e-16	 8.4955e-16	 1.0763e-15	 6.2318e-16	 -7.4e-19	 -0.000435714
0.264888	 7.7921e-16	 7.8163e-16	 9.888e-16	 5.7032e-16	 -2.42e-18	 -0.00155045
0.26605	 7.2512e-16	 7.2994e-16	 9.2432e-16	 5.3193e-16	 -4.82e-18	 -0.00331258
0.26721	 7.0025e-16	 7.0709e-16	 8.9521e-16	 5.133e-16	 -6.84e-18	 -0.00486023
0.26837	 6.9123e-16	 7.0063e-16	 8.9041e-16	 5.0789e-16	 -9.4e-18	 -0.00675355
0.269529	 6.9263e-16	 7.0386e-16	 8.9691e-16	 5.096e-16	 -1.123e-17	 -0.00804159
0.270687	 6.9328e-16	 7.0783e-16	 9.0487e-16	 5.1102e-16	 -1.455e-17	 -0.0103846
0.271844	 6.724e-16	 6.8893e-16	 8.8315e-16	 4.9955e-16	 -1.653e-17	 -0.0121425
0.273001	 6.3638e-16	 6.5423e-16	 8.4198e-16	 4.7483e-16	 -1.785e-17	 -0.0138307
0.274156	 5.8051e-16	 5.9869e-16	 7.7345e-16	 4.368e-16	 -1.818e-17	 -0.0154172
0.275311	 5.0874e-16	 5.2546e-16	 6.8104e-16	 3.8445e-16	 -1.672e-17	 -0.0161671
0.276465	 4.2938e-16	 4.4343e-16	 5.7694e-16	 3.2631e-16	 -1.405e-17	 -0.0160974
0.277618	 3.5121e-16	 3.6037e-16	 4.6978e-16	 2.6766e-16	 -9.16e-18	 -0.0128728
0.27877	 2.9375e-16	 2.9853e-16	 3.9175e-16	 2.2248e-16	 -4.78e-18	 -0.00807051
0.279922	 2.5654e-16	 2.5566e-16	 3.3385e-16	 1.9695e-16	 8.8e-19	 0.00171808
0.281072	 2.6059e-16	 2.5487e-16	 3.3489e-16	 1.9482e-16	 5.72e-18	 0.0110969
0.282222	 2.9711e-16	 2.869e-16	 3.7629e-16	 2.1467e-16	 1.021e-17	 0.0174826
0.283371	 3.6655e-16	 3.5132e-16	 4.4921e-16	 2.495e-16	 1.523e-17	 0.0212155
0.284519	 4.2675e-16	 4.068e-16	 5.5779e-16	 2.9519e-16	 1.995e-17	 0.0239338
0.285666	 5.0321e-16	 4.8241e-16	 6.4232e-16	 3.453e-16	 2.08e-17	 0.0211035
0.286812	 5.861e-16	 5.6021e-16	 7.5355e-16	 3.9659e-16	 2.589e-17	 0.0225855
0.287957	 6.8352e-16	 6.5536e-16	 8.6091e-16	 4.5194e-16	 2.816e-17	 0.0210325
0.289102	 7.8166e-16	 7.5136e-16	 1.0072e-15	 5.0391e-16	 3.03e-17	 0.0197649
0.290245	 8.7505e-16	 8.4403e-16	 1.1391e-15	 5.6353e-16	 3.102e-17	 0.0180445
0.291388	 9.7981e-16	 9.4698e-16	 1.2836e-15	 6.286e-16	 3.283e-17	 0.0170387
0.29253	 1.0901e-15	 1.0516e-15	 1.4343e-15	 6.9634e-16	 3.85e-17	 0.0179764
0.293671	 1.2016e-15	 1.1678e-15	 1.588e-15	 7.6366e-16	 3.38e-17	 0.0142652
0.294811	 1.2735e-15	 1.2442e-15	 1.7003e-15	 8.1158e-16	 2.93e-17	 0.0116376
0.29595	 1.33e-15	 1.2859e-15	 1.7771e-15	 8.4246e-16	 4.41e-17	 0.0168584
0.297088	 1.3405e-15	 1.3127e-15	 1.8058e-15	 8.4863e-16	 2.78e-17	 0.0104779
0.298226	 1.3095e-15	 1.2868e-15	 1.7657e-15	 8.2421e-16	 2.27e-17	 0.00874321
0.299362	 1.209e-15	 1.2162e-15	 1.675e-15	 7.7656e-16	 -7.2e-18	 -0.00296883
0.300497	 1.1132e-15	 1.1012e-15	 1.5176e-15	 6.9977e-16	 1.2e-17	 0.00541908
0.301632	 9.7686e-16	 9.6932e-16	 1.3338e-15	 6.1392e-16	 7.54e-18	 0.00387426
0.302766	 8.3359e-16	 8.2816e-16	 1.1429e-15	 5.2464e-16	 5.43e-18	 0.00326764
0.303898	 6.9739e-16	 6.943e-16	 9.5909e-16	 4.4005e-16	 3.09e-18	 0.00222032
0.30503	 5.7918e-16	 5.7554e-16	 7.9565e-16	 3.6581e-16	 3.64e-18	 0.00315228
0.306161	 4.7234e-16	 4.7111e-16	 6.526e-16	 3.0213e-16	 1.23e-18	 0.00130373
0.307291	 3.9174e-16	 3.9107e-16	 5.43e-16	 2.5276e-16	 6.7e-19	 0.000855891
0.30842	 3.2999e-16	 3.2916e-16	 4.5841e-16	 2.1509e-16	 8.3e-19	 0.0012592
0.309548	 2.8468e-16	 2.8531e-16	 3.9566e-16	 1.8733e-16	 -6.3e-19	 -0.00110528
0.310675	 2.3757e-16	 2.4371e-16	 3.513e-16	 1.7807e-16	 -6.14e-18	 -0.0127576
0.311802	 2.157e-16	 2.1709e-16	 3.1376e-16	 1.466e-16	 -1.39e-18	 -0.00321172
0.312927	 1.9407e-16	 1.9618e-16	 2.8469e-16	 1.339e-16	 -2.11e-18	 -0.00540679
0.314051	 1.7477e-16	 1.7811e-16	 2.5919e-16	 1.2288e-16	 -3.34e-18	 -0.00946497
0.315175	 1.559e-16	 1.596e-16	 2.3308e-16	 1.1235e-16	 -3.7e-18	 -0.0117274
0.316297	 1.3629e-16	 1.4026e-16	 2.0525e-16	 1.0076e-16	 -3.97e-18	 -0.0143555
0.317418	 1.1411e-16	 1.1856e-16	 1.8736e-16	 8.8205e-17	 -4.45e-18	 -0.0191258
0.318539	 9.1998e-17	 9.6222e-17	 1.368e-16	 7.5197e-17	 -4.224e-18	 -0.0224418
0.319658	 7.0688e-17	 7.4518e-17	 1.0637e-16	 6.2751e-17	 -3.83e-18	 -0.0263763
0.320777	 5.2853e-17	 5.6039e-17	 8.0151e-17	 5.2148e-17	 -3.186e-18	 -0.0292583
0.321894	 4.0267e-17	 4.2456e-17	 6.1471e-17	 6.4318e-17	 -2.189e-18	 -0.0264618
0.323011	 3.4612e-17	 3.5795e-17	 5.2052e-17	 4.0632e-17	 -1.183e-18	 -0.0168023
0.324126	 3.5664e-17	 3.5908e-17	 5.2923e-17	 4.0476e-17	 -2.44e-19	 -0.00340915
0.325241	 4.265e-17	 4.1803e-17	 6.2712e-17	 4.3349e-17	 8.47e-19	 0.0100292
0.326355	 5.3424e-17	 5.1341e-17	 7.7955e-17	 4.8704e-17	 2.083e-18	 0.0198826
0.327467	 6.5908e-17	 6.3101e-17	 9.5654e-17	 5.4866e-17	 2.807e-18	 0.0217582
0.328579	 7.7298e-17	 7.4239e-17	 1.1227e-16	 6.0548e-17	 3.059e-18	 0.0201865
0.329689	 8.7341e-17	 8.4016e-17	 1.2775e-16	 6.5692e-17	 3.325e-18	 0.0194039
0.330799	 9.5939e-17	 9.2361e-17	 1.4006e-16	 6.9826e-17	 3.578e-18	 0.0190016
0.331907	 1.0364e-16	 1.0017e-16	 1.5199e-16	 7.3743e-17	 3.47e-18	 0.0170257
0.333015	 1.116e-16	 1.083e-16	 1.6474e-16	 7.7401e-17	 3.3e-18	 0.0150068
0.334122	 1.2e-16	 1.1638e-16	 1.7676e-16	 8.1471e-17	 3.62e-18	 0.0153143
0.335227	 1.2829e-16	 1.2488e-16	 1.9029e-16	 8.5795e-17	 3.41e-18	 0.0134692
0.336332	 1.3578e-16	 1.3253e-16	 2.0175e-16	 8.9078e-17	 3.25e-18	 0.0121129
0.337435	 1.4055e-16	 1.3775e-16	 2.1003e-16	 9.1142e-17	 2.8e-18	 0.0100611
0.338538	 1.4201e-16	 1.3949e-16	 2.1237e-16	 9.1857e-17	 2.52e-18	 0.00895204
0.339639	 1.3782e-16	 1.3513e-16	 2.0662e-16	 8.911e-17	 2.69e-18	 0.00985528
0.340739	 1.2977e-16	 1.2733e-16	 1.9462e-16	 8.4559e-17	 2.44e-18	 0.00949047
0.341839	 1.1956e-16	 1.1724e-16	 1.7864e-16	 7.9125e-17	 2.32e-18	 0.0097973
0.342937	 1.0856e-16	 1.061e-16	 1.6142e-16	 7.3238e-17	 2.46e-18	 0.01146
0.344034	 1.0007e-16	 9.7494e-17	 1.4788e-16	 6.825e-17	 2.576e-18	 0.0130388
0.345131	 9.4651e-17	 9.2154e-17	 1.3919e-16	 6.5261e-17	 2.497e-18	 0.0133669
0.346226	 9.3956e-17	 9.1641e-17	 1.3805e-16	 6.4279e-17	 2.315e-18	 0.0124733
0.34732	 9.8013e-17	 9.6085e-17	 1.4449e-16	 6.581e-17	 1.928e-18	 0.00993313
0.348413	 1.0608e-16	 1.0413e-16	 1.5695e-16	 6.9096e-17	 1.95e-18	 0.00927644
0.349505	 1.1681e-16	 1.1529e-16	 1.7305e-16	 7.3613e-17	 1.52e-18	 0.0065489
0.350596	 1.2737e-16	 1.2651e-16	 1.8995e-16	 7.7838e-17	 8.6e-19	 0.00338743
0.351686	 1.3883e-16	 1.3819e-16	 2.0834e-16	 8.2441e-17	 6.4e-19	 0.0023103
0.352775	 1.5152e-16	 1.5036e-16	 2.272e-16	 8.7352e-17	 1.16e-18	 0.00384259
0.353862	 1.6403e-16	 1.6372e-16	 2.4832e-16	 9.2391e-17	 3.1e-19	 0.000945843
0.354949	 1.7846e-16	 1.781e-16	 2.7024e-16	 9.8021e-17	 3.6e-19	 0.00100965
0.356034	 1.9329e-16	 1.9229e-16	 2.9336e-16	 1.0367e-16	 1e-18	 0.0025935
0.357119	 2.0814e-16	 2.0742e-16	 3.1782e-16	 1.0991e-16	 7.2e-19	 0.0017326
0.358202	 2.2202e-16	 2.2235e-16	 3.405e-16	 1.1511e-16	 -3.3e-19	 -0.000742624
0.359285	 2.3326e-16	 2.3389e-16	 3.5925e-16	 1.1881e-16	 -6.3e-19	 -0.0013486
0.360366	 2.3899e-16	 2.3955e-16	 3.7047e-16	 1.2087e-16	 -5.6e-19	 -0.00117023
0.361446	 2.362e-16	 2.3778e-16	 3.6744e-16	 1.1934e-16	 -1.58e-18	 -0.00333347
0.362525	 2.2632e-16	 2.2788e-16	 3.5331e-16	 1.1478e-16	 -1.56e-18	 -0.00343461
0.363603	 2.0921e-16	 2.1165e-16	 3.2811e-16	 1.0774e-16	 -2.44e-18	 -0.00579765
0.36468	 1.864e-16	 1.8918e-16	 2.9321e-16	 9.7921e-17	 -2.78e-18	 -0.00740189
0.365755	 1.5988e-16	 1.6343e-16	 2.5289e-16	 8.726e-17	 -3.55e-18	 -0.0109802
0.36683	 1.3144e-16	 1.3466e-16	 2.0844e-16	 7.5843e-17	 -3.22e-18	 -0.0121007
0.367903	 1.049e-16	 1.0795e-16	 1.6644e-16	 6.5246e-17	 -3.05e-18	 -0.0143293
0.368976	 8.2036e-17	 8.4687e-17	 1.304e-16	 5.6537e-17	 -2.651e-18	 -0.0159006
0.370047	 6.3941e-17	 6.6326e-17	 1.0151e-16	 4.9316e-17	 -2.385e-18	 -0.0183086
0.371117	 5.1209e-17	 5.2878e-17	 8.0386e-17	 4.4256e-17	 -1.669e-18	 -0.0160347
0.372186	 4.2611e-17	 4.3851e-17	 6.6336e-17	 4.0778e-17	 -1.24e-18	 -0.0143416
0.373254	 3.7659e-17	 3.8553e-17	 5.8082e-17	 3.8983e-17	 -8.94e-19	 -0.0117304
0.37432	 3.5288e-17	 3.5791e-17	 5.3791e-17	 3.7995e-17	 -5.03e-19	 -0.00707663
0.375386	 3.4342e-17	 3.4486e-17	 5.0755e-17	 3.7487e-17	 -1.44e-19	 -0.00209217
0.37645	 3.395e-17	 3.3856e-17	 5.0308e-17	 3.7246e-17	 9.4e-20	 0.00138631
0.377514	 3.3998e-17	 3.3449e-17	 4.9949e-17	 3.7241e-17	 5.49e-19	 0.00813972
0.378576	 3.4347e-17	 3.3693e-17	 5.0309e-17	 3.7245e-17	 6.54e-19	 0.00961199
0.379637	 3.5438e-17	 3.4471e-17	 5.191e-17	 3.7545e-17	 9.67e-19	 0.0138323
0.380696	 3.805e-17	 3.6808e-17	 5.5705e-17	 3.8267e-17	 1.242e-18	 0.0165914
0.381755	 4.2726e-17	 4.12e-17	 6.3077e-17	 3.9729e-17	 1.526e-18	 0.0181827
0.382813	 5.0127e-17	 4.8055e-17	 7.4528e-17	 4.19e-17	 2.072e-18	 0.0211037
0.383869	 6.0889e-17	 5.8359e-17	 9.1756e-17	 4.5242e-17	 2.53e-18	 0.0212163
0.384924	 7.4717e-17	 7.1786e-17	 1.1422e-16	 4.9484e-17	 2.931e-18	 0.0200064
0.385978	 9.1287e-17	 8.8427e-17	 1.4194e-16	 5.4444e-17	 2.86e-18	 0.0159142
0.387031	 1.1057e-16	 1.0683e-16	 1.7328e-16	 6.0072e-17	 3.74e-18	 0.0172033
0.388082	 1.2851e-16	 1.2525e-16	 2.0432e-16	 6.5599e-17	 3.26e-18	 0.0128468
0.389133	 1.4657e-16	 1.4324e-16	 2.3492e-16	 7.0539e-17	 3.33e-18	 0.0114903
0.390182	 1.616e-16	 1.5839e-16	 2.6097e-16	 7.4978e-17	 3.21e-18	 0.0100316
0.39123	 1.7387e-16	 1.7046e-16	 2.823e-16	 7.8143e-17	 3.41e-18	 0.00990329
0.392277	 1.8164e-16	 1.7813e-16	 2.9554e-16	 7.9769e-17	 3.51e-18	 0.00975623
0.393323	 1.8296e-16	 1.804e-16	 2.9974e-16	 8.0024e-17	 2.56e-18	 0.00704535
0.394367	 1.8167e-16	 1.7938e-16	 2.9844e-16	 7.9619e-17	 2.29e-18	 0.00634261
0.39541	 1.7775e-16	 1.7575e-16	 2.9194e-16	 7.8271e-17	 2e-18	 0.00565771
0.396452	 1.7216e-16	 1.707e-16	 2.8373e-16	 7.6529e-17	 1.46e-18	 0.0042583
0.397493	 1.6659e-16	 1.6509e-16	 2.7521e-16	 7.4832e-17	 1.5e-18	 0.00452243
0.398533	 1.6006e-16	 1.5862e-16	 2.6517e-16	 7.2939e-17	 1.44e-18	 0.00451864
0.399571	 1.5517e-16	 1.5388e-16	 2.5747e-16	 7.1324e-17	 1.29e-18	 0.00417408
0.400608	 1.5065e-16	 1.4962e-16	 2.5019e-16	 6.9964e-17	 1.03e-18	 0.00343025
0.401644	 1.4619e-16	 1.4577e-16	 2.4308e-16	 6.8733e-17	 4.2e-19	 0.00143855
0.402679	 1.4143e-16	 1.4114e-16	 2.3583e-16	 6.7252e-17	 2.9e-19	 0.00102629
0.403713	 1.3385e-16	 1.3388e-16	 2.2387e-16	 6.5229e-17	 -3e-20	 -0.000112053
0.404745	 1.2494e-16	 1.2484e-16	 2.089e-16	 6.2986e-17	 1e-19	 0.000400352
0.405776	 1.1329e-16	 1.1391e-16	 1.9002e-16	 6.0038e-17	 -6.2e-19	 -0.00272887
0.406806	 1.0005e-16	 1.0114e-16	 1.6808e-16	 5.6861e-17	 -1.09e-18	 -0.00541776
0.407835	 8.6433e-17	 8.7316e-17	 1.4412e-16	 5.3432e-17	 -8.83e-19	 -0.00508204
0.408862	 7.2167e-17	 7.3106e-17	 1.1953e-16	 5.0211e-17	 -9.39e-19	 -0.00646369
0.409888	 5.9293e-17	 6.0383e-17	 9.7282e-17	 4.718e-17	 -1.09e-18	 -0.00910792
0.410913	 4.8709e-17	 4.9515e-17	 7.8231e-17	 4.4783e-17	 -8.06e-19	 -0.00820573
0.411936	 4.0505e-17	 4.1336e-17	 6.3992e-17	 4.315e-17	 -8.31e-19	 -0.0101538
0.412959	 3.5068e-17	 3.5557e-17	 5.4093e-17	 4.1189e-17	 -4.89e-19	 -0.00692389
0.41398	 3.1964e-17	 3.2193e-17	 4.8501e-17	 4.0749e-17	 -2.29e-19	 -0.00356937
0.415	 4.5171e-17	 4.5439e-17	 4.6486e-17	 4.074e-17	 -2.68e-19	 -0.00295773
0.416018	 3.1375e-17	 3.1319e-17	 4.6755e-17	 4.0951e-17	 5.6e-20	 0.000893227
0.417036	 3.2271e-17	 3.2101e-17	 4.8303e-17	 4.1158e-17	 1.7e-19	 0.0026409
0.418052	 3.3518e-17	 3.3168e-17	 5.0471e-17	 4.17e-17	 3.5e-19	 0.00524848
0.419066	 3.4579e-17	 3.4175e-17	 5.2184e-17	 4.1946e-17	 4.04e-19	 0.00587602
0.42008	 3.5348e-17	 3.5022e-17	 5.3804e-17	 4.2333e-17	 3.26e-19	 0.00463266
0.421092	 3.6195e-17	 3.5825e-17	 5.4998e-17	 4.2672e-17	 3.7e-19	 0.00513746
0.422103	 3.6783e-17	 3.6377e-17	 5.6313e-17	 4.3119e-17	 4.06e-19	 0.00554948
0.423113	 3.7683e-17	 3.7408e-17	 5.7963e-17	 4.3373e-17	 2.75e-19	 0.00366222
0.424121	 3.893e-17	 3.863e-17	 6.0218e-17	 4.3571e-17	 3e-19	 0.00386797
0.425128	 4.0677e-17	 4.0341e-17	 6.3191e-17	 4.4252e-17	 3.36e-19	 0.00414723
0.426134	 4.2891e-17	 4.2437e-17	 6.7146e-17	 4.4856e-17	 4.54e-19	 0.00532065
0.427138	 4.5295e-17	 4.5033e-17	 7.2114e-17	 4.5294e-17	 2.62e-19	 0.00290054
0.428141	 4.8299e-17	 4.7953e-17	 7.7448e-17	 4.5986e-17	 3.46e-19	 0.00359473
0.429143	 5.1222e-17	 5.0694e-17	 8.2794e-17	 4.6564e-17	 5.28e-19	 0.00518074
0.430144	 5.4127e-17	 5.3517e-17	 8.818e-17	 4.7098e-17	 6.1e-19	 0.00566683
0.431143	 5.6247e-17	 5.6038e-17	 9.2645e-17	 4.7406e-17	 2.09e-19	 0.00186133
0.432141	 5.8487e-17	 5.7903e-17	 9.6341e-17	 4.7785e-17	 5.84e-19	 0.00501761
0.433138	 5.9869e-17	 5.9315e-17	 9.916e-17	 4.8057e-17	 5.54e-19	 0.00464827
0.434133	 6.0187e-17	 5.9599e-17	 9.9746e-17	 4.8269e-17	 5.88e-19	 0.00490875
0.435127	 5.9849e-17	 5.9286e-17	 9.9234e-17	 4.806e-17	 5.63e-19	 0.00472573
0.43612	 5.8691e-17	 5.8119e-17	 9.69e-17	 4.7964e-17	 5.72e-19	 0.00489684
0.437111	 5.6828e-17	 5.6704e-17	 9.4095e-17	 4.7727e-17	 1.24e-19	 0.0010922
0.438101	 5.4847e-17	 5.4539e-17	 9.0037e-17	 4.7629e-17	 3.08e-19	 0.00281572
0.43909	 5.2359e-17	 5.221e-17	 8.5411e-17	 4.7271e-17	 1.49e-19	 0.0014249
0.440077	 5.0057e-17	 4.981e-17	 8.089e-17	 4.7004e-17	 2.47e-19	 0.00247329
0.441063	 4.8001e-17	 4.7585e-17	 7.6907e-17	 4.6756e-17	 4.16e-19	 0.0043521
0.442047	 4.5975e-17	 4.5848e-17	 7.3312e-17	 4.6489e-17	 1.27e-19	 0.0013831
0.443031	 4.4615e-17	 4.4591e-17	 7.0654e-17	 4.6258e-17	 2.4e-20	 0.00026904
0.444013	 4.3699e-17	 4.36e-17	 6.8825e-17	 4.6241e-17	 9.9e-20	 0.00113403
0.444993	 4.3147e-17	 4.3166e-17	 6.7897e-17	 4.6377e-17	 -1.9e-20	 -0.000220129
0.445972	 4.3225e-17	 4.318e-17	 6.7993e-17	 4.6335e-17	 4.5e-20	 0.000520803
0.44695	 4.3752e-17	 4.3705e-17	 6.8919e-17	 4.6358e-17	 4.7e-20	 0.000537407
0.447927	 4.4587e-17	 4.4685e-17	 7.0638e-17	 4.6463e-17	 -9.8e-20	 -0.00109777
0.448902	 4.5945e-17	 4.6e-17	 7.3003e-17	 4.6518e-17	 -5.5e-20	 -0.000598184
0.449876	 4.7422e-17	 4.7547e-17	 7.5979e-17	 4.6582e-17	 -1.25e-19	 -0.00131622
0.450848	 4.9377e-17	 4.9496e-17	 7.9776e-17	 4.6855e-17	 -1.19e-19	 -0.00120356
0.451819	 5.1273e-17	 5.1602e-17	 8.3629e-17	 4.6884e-17	 -3.29e-19	 -0.00319806
0.452789	 5.3095e-17	 5.3575e-17	 8.758e-17	 4.6974e-17	 -4.8e-19	 -0.00449986
0.453757	 5.477e-17	 5.5129e-17	 9.0726e-17	 4.6951e-17	 -3.59e-19	 -0.00326664
0.454724	 5.5923e-17	 5.6474e-17	 9.3159e-17	 4.7106e-17	 -5.51e-19	 -0.00490227
0.455689	 5.6602e-17	 5.7073e-17	 9.4535e-17	 4.6982e-17	 -4.71e-19	 -0.00414339
0.456654	 5.6654e-17	 5.7092e-17	 9.499e-17	 4.6916e-17	 -4.38e-19	 -0.00385068
0.457616	 5.5835e-17	 5.6567e-17	 9.359e-17	 4.6695e-17	 -7.32e-19	 -0.00651234
0.458578	 5.4406e-17	 5.5107e-17	 9.0746e-17	 4.6489e-17	 -7.01e-19	 -0.00640107
0.459538	 5.223e-17	 5.2942e-17	 8.6913e-17	 4.633e-17	 -7.12e-19	 -0.00676986
0.460496	 4.9815e-17	 5.0567e-17	 8.2536e-17	 4.603e-17	 -7.52e-19	 -0.00749138
0.461453	 4.7398e-17	 4.8115e-17	 7.7854e-17	 4.5854e-17	 -7.17e-19	 -0.00750683
0.462409	 4.4937e-17	 4.579e-17	 7.3287e-17	 4.5511e-17	 -8.53e-19	 -0.00940183
0.463363	 4.2861e-17	 4.3591e-17	 6.8875e-17	 4.5209e-17	 -7.3e-19	 -0.00844399
0.464316	 4.1022e-17	 4.1758e-17	 6.5594e-17	 4.5189e-17	 -7.36e-19	 -0.00889104
0.465268	 3.9607e-17	 4.0358e-17	 6.2959e-17	 4.5051e-17	 -7.51e-19	 -0.00939161
0.466218	 3.8587e-17	 3.9243e-17	 6.0911e-17	 4.4901e-17	 -6.56e-19	 -0.00842863
0.467166	 3.7621e-17	 3.8397e-17	 5.904e-17	 4.4793e-17	 -7.76e-19	 -0.0102081
0.468114	 3.6911e-17	 3.7464e-17	 5.7558e-17	 4.4711e-17	 -5.53e-19	 -0.00743529
0.469059	 3.6034e-17	 3.668e-17	 5.6009e-17	 4.4617e-17	 -6.46e-19	 -0.00888412
0.470004	 3.5211e-17	 3.5831e-17	 5.4342e-17	 4.4481e-17	 -6.2e-19	 -0.00872723
0.470947	 3.4265e-17	 3.4859e-17	 5.2548e-17	 4.4512e-17	 -5.94e-19	 -0.00859325
0.471888	 3.3333e-17	 3.3909e-17	 5.0791e-17	 4.4366e-17	 -5.76e-19	 -0.00856607
0.472828	 3.2686e-17	 3.3194e-17	 4.9809e-17	 4.435e-17	 -5.08e-19	 -0.00771099
0.473767	 3.2337e-17	 3.2782e-17	 4.8896e-17	 4.4188e-17	 -4.45e-19	 -0.00683364
0.474704	 3.2529e-17	 3.2773e-17	 4.9062e-17	 4.4081e-17	 -2.44e-19	 -0.00373649
0.47564	 3.3298e-17	 3.3441e-17	 5.0344e-17	 4.4085e-17	 -1.43e-19	 -0.00214268
0.476574	 3.4666e-17	 3.4639e-17	 5.2933e-17	 4.4094e-17	 2.7e-20	 0.000389582
0.477507	 3.6578e-17	 3.6388e-17	 5.6317e-17	 4.4148e-17	 1.9e-19	 0.00260395
0.478438	 3.8754e-17	 3.8643e-17	 6.05e-17	 4.3988e-17	 1.11e-19	 0.00143416
0.479368	 4.1415e-17	 4.1048e-17	 6.5411e-17	 4.3998e-17	 3.67e-19	 0.00445048
0.480297	 4.3945e-17	 4.3661e-17	 7.04e-17	 4.4071e-17	 2.84e-19	 0.00324179
0.481224	 4.6314e-17	 4.5952e-17	 7.5199e-17	 4.4069e-17	 3.62e-19	 0.00392344
0.482149	 4.8466e-17	 4.7951e-17	 5.4116e-17	 4.3899e-17	 5.15e-19	 0.00534138
0.483073	 4.991e-17	 4.9533e-17	 5.6922e-17	 4.4087e-17	 3.77e-19	 0.00379112
0.483996	 5.1041e-17	 5.0607e-17	 5.9202e-17	 4.387e-17	 4.34e-19	 0.00426964
0.484917	 5.139e-17	 5.1207e-17	 6.0465e-17	 4.3872e-17	 1.83e-19	 0.00178368
0.485837	 5.1813e-17	 5.1669e-17	 6.1041e-17	 4.3586e-17	 1.44e-19	 0.00139155
0.486755	 5.1727e-17	 5.1298e-17	 6.095e-17	 4.3656e-17	 4.29e-19	 0.00416404
0.487672	 5.1349e-17	 5.108e-17	 6.0419e-17	 4.3644e-17	 2.69e-19	 0.00262621
0.488587	 5.109e-17	 5.096e-17	 6.0201e-17	 4.3651e-17	 1.3e-19	 0.00127389
0.489501	 5.1064e-17	 5.1005e-17	 6.0609e-17	 4.3427e-17	 5.9e-20	 0.00057804
0.490413	 5.1253e-17	 5.1141e-17	 6.0826e-17	 4.332e-17	 1.12e-19	 0.00109381
0.491324	 5.1747e-17	 5.1568e-17	 6.1686e-17	 4.3471e-17	 1.79e-19	 0.00173257
0.492233	 5.2247e-17	 5.2173e-17	 6.2819e-17	 4.3441e-17	 7.4e-20	 0.000708676
0.49314	 5.2904e-17	 5.2932e-17	 6.444e-17	 4.3394e-17	 -2.8e-20	 -0.00026456
0.494047	 5.3797e-17	 5.3759e-17	 6.6163e-17	 4.3475e-17	 3.8e-20	 0.000353304
0.494951	 5.4417e-17	 5.4491e-17	 6.75e-17	 4.3429e-17	 -7.4e-20	 -0.000679473
0.495855	 5.4644e-17	 5.4664e-17	 6.7964e-17	 4.3488e-17	 -2e-20	 -0.000182969
0.496756	 5.4267e-17	 5.4428e-17	 6.7675e-17	 4.3401e-17	 -1.61e-19	 -0.00148121
0.497657	 5.3655e-17	 5.4027e-17	 6.6557e-17	 4.385e-17	 -3.72e-19	 -0.00345462
0.498555	 5.2663e-17	 5.2791e-17	 7.7484e-17	 4.392e-17	 -1.28e-19	 -0.0012138
0.499452	 5.1012e-17	 5.1344e-17	 8.5718e-17	 4.3878e-17	 -3.32e-19	 -0.00324358
0.500348	 4.8778e-17	 4.9204e-17	 8.153e-17	 4.376e-17	 -4.26e-19	 -0.00434774
0.501242	 4.6311e-17	 4.6789e-17	 7.6995e-17	 4.3718e-17	 -4.78e-19	 -0.00513426
0.502135	 4.3867e-17	 4.4302e-17	 7.2064e-17	 4.3652e-17	 -4.35e-19	 -0.00493371
0.503026	 4.1516e-17	 4.187e-17	 6.7405e-17	 4.3677e-17	 -3.54e-19	 -0.00424532
0.503915	 3.9064e-17	 3.9659e-17	 6.2852e-17	 4.3642e-17	 -5.95e-19	 -0.00755815
0.504803	 3.7187e-17	 3.7629e-17	 5.895e-17	 4.3728e-17	 -4.42e-19	 -0.00590783
0.50569	 3.546e-17	 3.5717e-17	 5.5368e-17	 4.3742e-17	 -2.57e-19	 -0.00361072
0.506575	 3.39e-17	 3.4451e-17	 5.2375e-17	 4.3737e-17	 -5.51e-19	 -0.00806133
0.507458	 3.3004e-17	 3.3308e-17	 5.0544e-17	 4.3443e-17	 -3.04e-19	 -0.00458439
0.50834	 3.2315e-17	 3.2546e-17	 4.921e-17	 4.3438e-17	 -2.31e-19	 -0.00356146
0.50922	 3.187e-17	 3.2145e-17	 4.8069e-17	 4.3549e-17	 -2.75e-19	 -0.00429587
0.510099	 3.1473e-17	 3.1819e-17	 4.754e-17	 4.3432e-17	 -3.46e-19	 -0.00546673
0.510976	 3.1324e-17	 3.1612e-17	 4.717e-17	 4.3386e-17	 -2.88e-19	 -0.00457608
0.511852	 3.1116e-17	 3.1465e-17	 4.6961e-17	 4.3166e-17	 -3.49e-19	 -0.00557677
0.512726	 3.1157e-17	 3.1262e-17	 4.6727e-17	 4.3434e-17	 -1.05e-19	 -0.00168218
0.513598	 3.1052e-17	 3.1275e-17	 4.6586e-17	 4.3356e-17	 -2.23e-19	 -0.0035779
0.514469	 3.0939e-17	 3.1208e-17	 6.7219e-17	 4.3279e-17	 -2.69e-19	 -0.00432845
0.515338	 3.1052e-17	 3.1378e-17	 4.6725e-17	 4.3053e-17	 -3.26e-19	 -0.00522185
0.516206	 3.1354e-17	 3.1494e-17	 4.6992e-17	 4.2796e-17	 -1.4e-19	 -0.0022276
0.517072	 3.1767e-17	 3.1911e-17	 4.7945e-17	 4.2966e-17	 -1.44e-19	 -0.00226138
0.517937	 3.2349e-17	 3.2513e-17	 4.8845e-17	 4.2944e-17	 -1.64e-19	 -0.00252845
0.5188	 3.311e-17	 3.3238e-17	 5.0509e-17	 4.291e-17	 -1.28e-19	 -0.00192922
0.519662	 3.4134e-17	 3.4115e-17	 5.2491e-17	 4.2799e-17	 1.9e-20	 0.000278392
0.520522	 3.5203e-17	 3.5241e-17	 5.4674e-17	 4.2786e-17	 -3.8e-20	 -0.000539436
0.52138	 3.6275e-17	 3.6229e-17	 5.6936e-17	 4.2812e-17	 4.6e-20	 0.000634448
0.522237	 3.716e-17	 3.7276e-17	 5.8567e-17	 4.279e-17	 -1.16e-19	 -0.00155839
0.523092	 3.7989e-17	 3.809e-17	 6.0389e-17	 4.2876e-17	 -1.01e-19	 -0.00132757
0.523945	 3.8668e-17	 3.8725e-17	 6.1575e-17	 4.2742e-17	 -5.7e-20	 -0.000736501
0.524797	 3.9127e-17	 3.9135e-17	 6.2339e-17	 4.2481e-17	 -8e-21	 -0.000102221
0.525648	 3.9121e-17	 3.9345e-17	 6.2817e-17	 4.2586e-17	 -2.24e-19	 -0.00285474
0.526496	 3.8996e-17	 3.9011e-17	 6.2247e-17	 4.2425e-17	 -1.5e-20	 -0.00019229
0.527343	 3.8419e-17	 3.8654e-17	 6.1277e-17	 4.2347e-17	 -2.35e-19	 -0.00304906
0.528189	 3.7854e-17	 3.8078e-17	 6.0276e-17	 4.2375e-17	 -2.24e-19	 -0.00295001
0.529033	 3.7069e-17	 3.7373e-17	 5.8709e-17	 4.2258e-17	 -3.04e-19	 -0.00408372
0.529875	 3.634e-17	 3.6457e-17	 5.7188e-17	 4.2046e-17	 -1.17e-19	 -0.00160721
0.530716	 3.5344e-17	 3.5645e-17	 5.5533e-17	 4.2054e-17	 -3.01e-19	 -0.00424009
0.531555	 3.4564e-17	 3.4849e-17	 5.4119e-17	 4.1794e-17	 -2.85e-19	 -0.00410586
0.532392	 3.3847e-17	 3.4155e-17	 5.2744e-17	 4.1824e-17	 -3.08e-19	 -0.00452928
0.533228	 3.3252e-17	 3.3562e-17	 5.1463e-17	 4.1576e-17	 -3.1e-19	 -0.00463975
0.534063	 3.281e-17	 3.3084e-17	 5.0505e-17	 4.1455e-17	 -2.74e-19	 -0.00415819
0.534895	 3.2305e-17	 3.2764e-17	 4.9726e-17	 4.1477e-17	 -4.59e-19	 -0.00705405
0.535726	 3.2093e-17	 3.2343e-17	 4.9441e-17	 4.1222e-17	 -2.5e-19	 -0.00387982
0.536555	 3.1882e-17	 3.2184e-17	 4.889e-17	 4.1137e-17	 -3.02e-19	 -0.00471389
0.537383	 3.1791e-17	 3.1977e-17	 4.8717e-17	 4.1223e-17	 -1.86e-19	 -0.00291682
0.538209	 3.182e-17	 3.2041e-17	 4.8707e-17	 4.1255e-17	 -2.21e-19	 -0.00346064
0.539034	 3.1775e-17	 3.1997e-17	 4.8539e-17	 4.0936e-17	 -2.22e-19	 -0.00348115
0.539856	 3.172e-17	 3.2028e-17	 4.8552e-17	 4.0807e-17	 -3.08e-19	 -0.00483152
0.540678	 3.1742e-17	 3.2072e-17	 4.8779e-17	 4.0643e-17	 -3.3e-19	 -0.00517128
0.541497	 3.1817e-17	 3.2038e-17	 4.8841e-17	 4.0715e-17	 -2.21e-19	 -0.00346097
0.542315	 3.1868e-17	 3.2217e-17	 4.9332e-17	 4.0708e-17	 -3.49e-19	 -0.00544589
0.543131	 3.1917e-17	 3.2262e-17	 4.9564e-17	 4.0634e-17	 -3.45e-19	 -0.00537559
0.543946	 3.204e-17	 3.2389e-17	 4.9649e-17	 4.0473e-17	 -3.49e-19	 -0.00541682
0.544758	 3.2062e-17	 3.2502e-17	 4.9889e-17	 4.04e-17	 -4.4e-19	 -0.00681494
0.54557	 3.2179e-17	 3.2503e-17	 4.992e-17	 4.0437e-17	 -3.24e-19	 -0.00500912
0.546379	 3.2255e-17	 3.254e-17	 5.0144e-17	 4.0417e-17	 -2.85e-19	 -0.00439849
0.547187	 3.2245e-17	 3.2539e-17	 5.0092e-17	 4.0265e-17	 -2.94e-19	 -0.00453816
0.547993	 3.2126e-17	 3.263e-17	 5.0128e-17	 4.0241e-17	 -5.04e-19	 -0.00778306
0.548798	 3.219e-17	 3.2443e-17	 4.9874e-17	 4.0172e-17	 -2.53e-19	 -0.00391441
0.549601	 3.2006e-17	 3.2235e-17	 4.9684e-17	 4.0135e-17	 -2.29e-19	 -0.0035647
0.550402	 3.1772e-17	 3.2195e-17	 4.9273e-17	 4.0097e-17	 -4.23e-19	 -0.00661278
0.551201	 3.1518e-17	 3.1849e-17	 4.8793e-17	 4.0086e-17	 -3.31e-19	 -0.00522354
0.551999	 3.1185e-17	 3.149e-17	 4.8142e-17	 3.9982e-17	 -3.05e-19	 -0.00486637
0.552796	 3.0968e-17	 3.1248e-17	 4.7658e-17	 3.9947e-17	 -2.8e-19	 -0.00450045
0.55359	 3.0606e-17	 3.1001e-17	 4.7366e-17	 3.992e-17	 -3.95e-19	 -0.00641161
0.554383	 3.0399e-17	 3.0709e-17	 4.6704e-17	 3.9772e-17	 -3.1e-19	 -0.00507299
0.555174	 3.0175e-17	 3.045e-17	 4.6229e-17	 3.9613e-17	 -2.75e-19	 -0.00453608
0.555963	 2.9963e-17	 3.0264e-17	 4.5841e-17	 3.9573e-17	 -3.01e-19	 -0.00499776
0.556751	 2.9835e-17	 3.0095e-17	 4.5614e-17	 3.9576e-17	 -2.6e-19	 -0.00433839
0.557537	 2.9705e-17	 3.0043e-17	 4.5528e-17	 3.9546e-17	 -3.38e-19	 -0.00565709
0.558321	 2.9619e-17	 2.9892e-17	 4.5352e-17	 3.9501e-17	 -2.73e-19	 -0.00458739
0.559104	 2.9583e-17	 2.9951e-17	 4.5358e-17	 3.9312e-17	 -3.68e-19	 -0.00618134
0.559885	 2.9531e-17	 2.9875e-17	 4.5254e-17	 3.9307e-17	 -3.44e-19	 -0.00579066
0.560664	 2.9547e-17	 2.9814e-17	 4.5084e-17	 3.9129e-17	 -2.67e-19	 -0.0044979
0.561442	 2.9402e-17	 2.9865e-17	 4.4951e-17	 3.9192e-17	 -4.63e-19	 -0.0078121
0.562218	 2.9313e-17	 2.9759e-17	 4.4893e-17	 3.9204e-17	 -4.46e-19	 -0.00755011
0.562992	 2.9257e-17	 2.9567e-17	 4.4668e-17	 3.8913e-17	 -3.1e-19	 -0.00526996
0.563764	 2.9137e-17	 2.9539e-17	 4.4478e-17	 3.9124e-17	 -4.02e-19	 -0.00685118
0.564535	 2.8938e-17	 2.932e-17	 4.4018e-17	 3.9065e-17	 -3.82e-19	 -0.00655704
0.565304	 2.8679e-17	 2.9094e-17	 4.358e-17	 3.8854e-17	 -4.15e-19	 -0.00718329
0.566071	 2.8462e-17	 2.8894e-17	 4.3178e-17	 3.8754e-17	 -4.32e-19	 -0.00753191
0.566836	 2.8199e-17	 2.8581e-17	 4.2718e-17	 3.8652e-17	 -3.82e-19	 -0.00672772
0.5676	 2.802e-17	 2.8451e-17	 4.2499e-17	 3.8753e-17	 -4.31e-19	 -0.00763224
0.568362	 2.7791e-17	 2.8236e-17	 4.2093e-17	 3.8629e-17	 -4.45e-19	 -0.0079426
0.569122	 2.7796e-17	 2.8068e-17	 4.1973e-17	 3.8472e-17	 -2.72e-19	 -0.00486897
0.569881	 2.7648e-17	 2.7911e-17	 4.1727e-17	 3.8428e-17	 -2.63e-19	 -0.00473371
0.570638	 2.7776e-17	 2.8047e-17	 4.1988e-17	 3.851e-17	 -2.71e-19	 -0.00485463
0.571393	 2.7719e-17	 2.8016e-17	 4.1812e-17	 3.8321e-17	 -2.97e-19	 -0.00532879
0.572146	 2.8012e-17	 2.8263e-17	 4.2196e-17	 3.8331e-17	 -2.51e-19	 -0.00446024
0.572898	 2.8162e-17	 2.8392e-17	 4.2462e-17	 3.8184e-17	 -2.3e-19	 -0.00406691
0.573648	 2.8248e-17	 2.8669e-17	 4.2814e-17	 3.8359e-17	 -4.21e-19	 -0.00739674
0.574396	 2.8609e-17	 2.889e-17	 4.3395e-17	 3.8244e-17	 -2.81e-19	 -0.00488704
0.575142	 2.881e-17	 2.8928e-17	 4.3552e-17	 3.8137e-17	 -1.18e-19	 -0.00204371
0.575887	 2.9033e-17	 2.9185e-17	 4.4113e-17	 3.8078e-17	 -1.52e-19	 -0.00261088
0.57663	 2.9259e-17	 2.9346e-17	 4.4296e-17	 3.8065e-17	 -8.7e-20	 -0.00148451
0.577371	 2.9351e-17	 2.9558e-17	 4.4526e-17	 3.7978e-17	 -2.07e-19	 -0.00351389
0.57811	 2.9488e-17	 2.9576e-17	 4.4607e-17	 3.8024e-17	 -8.8e-20	 -0.00148991
0.578848	 2.965e-17	 2.9808e-17	 4.5053e-17	 3.8061e-17	 -1.58e-19	 -0.00265734
0.579584	 2.9818e-17	 2.9964e-17	 4.5297e-17	 3.8114e-17	 -1.46e-19	 -0.00244221
0.580318	 3.0074e-17	 2.9991e-17	 4.5557e-17	 3.8261e-17	 8.3e-20	 0.00138184
0.58105	 3.0262e-17	 3.016e-17	 4.6158e-17	 3.797e-17	 1.02e-19	 0.00168813
0.58178	 3.0451e-17	 3.045e-17	 4.6629e-17	 3.8179e-17	 1e-21	 1.64201e-05
0.582509	 3.0763e-17	 3.0758e-17	 4.7057e-17	 3.8137e-17	 5e-21	 8.12731e-05
0.583236	 3.1101e-17	 3.1257e-17	 4.7742e-17	 3.823e-17	 -1.56e-19	 -0.00250168
0.583961	 3.1525e-17	 3.1413e-17	 4.8338e-17	 3.8179e-17	 1.12e-19	 0.00177953
0.584685	 3.186e-17	 3.1958e-17	 4.9163e-17	 3.8236e-17	 -9.8e-20	 -0.00153562
0.585406	 3.242e-17	 3.2312e-17	 4.9972e-17	 3.8303e-17	 1.08e-19	 0.00166842
0.586126	 3.277e-17	 3.28e-17	 5.075e-17	 3.8483e-17	 -3e-20	 -0.000457526
0.586844	 3.3274e-17	 3.3156e-17	 5.1408e-17	 3.8573e-17	 1.18e-19	 0.00177631
0.587561	 3.349e-17	 3.3497e-17	 5.1974e-17	 3.8713e-17	 -7e-21	 -0.000104498
0.588275	 3.3857e-17	 3.3951e-17	 5.2566e-17	 3.8666e-17	 -9.4e-20	 -0.00138627
0.588988	 3.4017e-17	 3.3965e-17	 5.278e-17	 3.8861e-17	 5.2e-20	 0.000764908
0.589699	 3.3866e-17	 3.3889e-17	 5.2703e-17	 3.8717e-17	 -2.3e-20	 -0.000339458
0.590408	 3.38e-17	 3.3922e-17	 5.2621e-17	 3.8767e-17	 -1.22e-19	 -0.00180148
0.591115	 3.3568e-17	 3.3749e-17	 5.2225e-17	 3.857e-17	 -1.81e-19	 -0.00268877
0.591821	 3.325e-17	 3.3342e-17	 5.1564e-17	 3.8459e-17	 -9.2e-20	 -0.00138155
0.592524	 3.2795e-17	 3.2857e-17	 5.0748e-17	 3.8333e-17	 -6.2e-20	 -0.000944373
0.593226	 3.2204e-17	 3.2358e-17	 4.976e-17	 3.8267e-17	 -1.54e-19	 -0.0023853
0.593926	 3.1561e-17	 3.1826e-17	 4.8745e-17	 3.8142e-17	 -2.65e-19	 -0.00418067
0.594625	 3.0913e-17	 3.1162e-17	 4.7504e-17	 3.7845e-17	 -2.49e-19	 -0.00401128
0.595321	 3.0292e-17	 3.0491e-17	 4.6404e-17	 3.7615e-17	 -1.99e-19	 -0.00327394
0.596016	 2.9591e-17	 2.9844e-17	 4.516e-17	 3.7409e-17	 -2.53e-19	 -0.00425675
0.596709	 2.8983e-17	 2.9276e-17	 4.4475e-17	 3.7257e-17	 -2.93e-19	 -0.00502927
0.5974	 2.8469e-17	 2.8773e-17	 4.3413e-17	 3.7254e-17	 -3.04e-19	 -0.00531079
0.598089	 2.8002e-17	 2.8207e-17	 4.246e-17	 3.7008e-17	 -2.05e-19	 -0.0036471
0.598776	 2.7664e-17	 2.7784e-17	 4.1772e-17	 3.6983e-17	 -1.2e-19	 -0.00216419
0.599462	 2.7219e-17	 2.7441e-17	 4.1164e-17	 3.6781e-17	 -2.22e-19	 -0.00406147
0.600146	 2.6858e-17	 2.7228e-17	 4.062e-17	 3.6636e-17	 -3.7e-19	 -0.00684096
0.600828	 2.6681e-17	 2.692e-17	 4.0079e-17	 3.6413e-17	 -2.39e-19	 -0.00445887
0.601508	 2.6544e-17	 2.663e-17	 3.979e-17	 3.644e-17	 -8.6e-20	 -0.00161733
0.602186	 2.6483e-17	 2.6565e-17	 3.9576e-17	 3.628e-17	 -8.2e-20	 -0.00154577
0.602862	 2.641e-17	 2.6473e-17	 3.9202e-17	 3.6275e-17	 -6.3e-20	 -0.00119131
0.603537	 2.626e-17	 2.6295e-17	 3.8923e-17	 3.6153e-17	 -3.5e-20	 -0.000665969
0.60421	 2.6114e-17	 2.6165e-17	 3.8743e-17	 3.6127e-17	 -5.1e-20	 -0.000975535
0.604881	 2.5918e-17	 2.6056e-17	 3.8575e-17	 3.6129e-17	 -1.38e-19	 -0.00265517
0.60555	 2.5802e-17	 2.602e-17	 3.8324e-17	 3.606e-17	 -2.18e-19	 -0.00420671
0.606217	 2.5606e-17	 2.5854e-17	 3.8244e-17	 3.5934e-17	 -2.48e-19	 -0.00481928
0.606882	 2.5451e-17	 2.559e-17	 3.8015e-17	 3.5863e-17	 -1.39e-19	 -0.0027233
0.607546	 2.5446e-17	 2.5558e-17	 3.7677e-17	 3.581e-17	 -1.12e-19	 -0.00219591
0.608207	 2.5273e-17	 2.5445e-17	 3.7657e-17	 3.5729e-17	 -1.72e-19	 -0.0033913
0.608867	 2.5323e-17	 2.5468e-17	 3.7631e-17	 3.5687e-17	 -1.45e-19	 -0.00285484
0.609525	 2.5329e-17	 2.5626e-17	 3.7853e-17	 3.5692e-17	 -2.97e-19	 -0.00582867
0.610181	 2.5486e-17	 2.5656e-17	 3.7855e-17	 3.5764e-17	 -1.7e-19	 -0.00332408
0.610835	 2.5614e-17	 2.5865e-17	 3.8265e-17	 3.5698e-17	 -2.51e-19	 -0.00487577
0.611488	 2.5862e-17	 2.6084e-17	 3.8367e-17	 3.5696e-17	 -2.22e-19	 -0.00427367
0.612138	 2.6251e-17	 2.6268e-17	 3.8814e-17	 3.5819e-17	 -1.7e-20	 -0.000323692
0.612787	 2.6499e-17	 2.667e-17	 3.9201e-17	 3.5903e-17	 -1.71e-19	 -0.00321616
0.613434	 2.6913e-17	 2.7007e-17	 3.9721e-17	 3.5776e-17	 -9.4e-20	 -0.00174332
0.614079	 2.7217e-17	 2.7337e-17	 4.0285e-17	 3.6028e-17	 -1.2e-19	 -0.00219966
0.614722	 2.7552e-17	 2.7691e-17	 4.0664e-17	 3.6026e-17	 -1.39e-19	 -0.00251616
0.615363	 2.7956e-17	 2.8124e-17	 4.134e-17	 3.6146e-17	 -1.68e-19	 -0.00299572
0.616002	 2.8256e-17	 2.846e-17	 4.1601e-17	 3.657e-17	 -2.04e-19	 -0.00359687
0.61664	 2.8619e-17	 2.8757e-17	 4.2038e-17	 3.656e-17	 -1.38e-19	 -0.00240519
0.617275	 2.8734e-17	 2.9017e-17	 4.2474e-17	 3.652e-17	 -2.83e-19	 -0.00490035
0.617909	 2.8978e-17	 2.9094e-17	 4.2647e-17	 3.6541e-17	 -1.16e-19	 -0.00199752
0.618541	 2.8955e-17	 2.9364e-17	 4.2842e-17	 3.6673e-17	 -4.09e-19	 -0.00701315
0.619171	 2.8997e-17	 2.9336e-17	 4.2929e-17	 3.6743e-17	 -3.39e-19	 -0.00581146
0.619799	 2.9e-17	 2.9274e-17	 4.3007e-17	 3.6777e-17	 -2.74e-19	 -0.00470193
0.620425	 2.8862e-17	 2.9294e-17	 4.2797e-17	 3.6667e-17	 -4.32e-19	 -0.0074283
0.621049	 2.8793e-17	 2.9033e-17	 4.2601e-17	 3.6542e-17	 -2.4e-19	 -0.00415038
0.621671	 2.8634e-17	 2.9013e-17	 4.2518e-17	 3.639e-17	 -3.79e-19	 -0.0065745
0.622292	 2.8507e-17	 2.8709e-17	 4.2043e-17	 3.6255e-17	 -2.02e-19	 -0.00353048
0.62291	 2.8332e-17	 2.8464e-17	 4.1777e-17	 3.6385e-17	 -1.32e-19	 -0.00232411
0.623527	 2.7977e-17	 2.8362e-17	 4.173e-17	 3.6149e-17	 -3.85e-19	 -0.00683363
0.624142	 2.7964e-17	 2.8153e-17	 4.1356e-17	 3.6038e-17	 -1.89e-19	 -0.00336796
0.624755	 2.7896e-17	 2.7975e-17	 4.1354e-17	 3.5986e-17	 -7.9e-20	 -0.00141397
0.625366	 2.7728e-17	 2.7958e-17	 4.1083e-17	 3.6029e-17	 -2.3e-19	 -0.0041303
0.625975	 2.7645e-17	 2.7843e-17	 4.0893e-17	 3.5979e-17	 -1.98e-19	 -0.00356834
0.626582	 2.7545e-17	 2.7711e-17	 4.0843e-17	 3.5988e-17	 -1.66e-19	 -0.0030042
0.627187	 2.7429e-17	 2.771e-17	 4.0781e-17	 3.5783e-17	 -2.81e-19	 -0.00509621
0.62779	 2.7566e-17	 2.7613e-17	 4.0941e-17	 3.5804e-17	 -4.7e-20	 -0.000851773
0.628392	 2.7555e-17	 2.7542e-17	 4.078e-17	 3.5659e-17	 1.3e-20	 0.000235948
0.628991	 2.752e-17	 2.7593e-17	 4.0799e-17	 3.5779e-17	 -7.3e-20	 -0.00132455
0.629589	 2.7199e-17	 2.7478e-17	 4.0754e-17	 3.5694e-17	 -2.79e-19	 -0.00510269
0.630184	 2.7152e-17	 2.7587e-17	 4.0593e-17	 3.5738e-17	 -4.35e-19	 -0.0079468
0.630778	 2.7135e-17	 2.7474e-17	 4.0647e-17	 3.5653e-17	 -3.39e-19	 -0.00620777
0.63137	 2.7171e-17	 2.7421e-17	 4.0377e-17	 3.5604e-17	 -2.5e-19	 -0.00457943
0.63196	 2.7032e-17	 2.7316e-17	 4.0259e-17	 3.5529e-17	 -2.84e-19	 -0.00522558
0.632548	 2.702e-17	 2.7131e-17	 4.0217e-17	 3.5428e-17	 -1.11e-19	 -0.00204982
